! User Name:	Aditya 
! Sample Name:	FGT_CPS_Device 2_PF P1T_10m_
! Sample ID:	FGT/CrPS4
! Date:	5/27/2022	Time:	11:53 PM
! Current Source:	Keithley 224 Current Source
! Voltmeter V1:	Keithley 182 Degital voltmeter
! Voltmeter V2:	Keithley 2182A  NanoVoltmeter
! V1 (volts):	Rxx Device 1
! V2 (volts):	Rxy Device 1
! Max Field (Tesla):0.000000	! Data points (0_maxT:75.000000	! Average Number:5.000000	
! Comments:	FGT/CrPS4 device was made in glove using flaking and dry transfering of flakes. 
! 
! 
! 
! 
Data	Time	Magnetic Field (T)	Helium Level (%)	VTI Temperature (K)	Sample Temparture (K)	Current (A) 	Voltage-1(V)	Std. of V1	Voltage-2 (V)	Std. of V2	VTI  Heater Power (%)	Sample Heater Power (%)
5/27/2022	11:55 PM	0.2501887700	52.000	52.780	54.994	0.0000010000	-0.0000116547	2.7423635668E-9	0.0000274705	2.0000000000E-10	6.700	27.800
5/27/2022	11:56 PM	0.2451598500	44.000	78.000	80.000	0.0000010000	-0.0000116315	8.5696897381E-9	0.0000274579	1.0918007434E-9	12.800	35.100
5/27/2022	11:57 PM	0.2401309300	44.000	78.000	80.000	0.0000010000	-0.0000116242	6.6379442144E-9	0.0000274882	4.0620192023E-10	12.800	35.200
5/27/2022	11:57 PM	0.2351020100	44.000	78.000	80.000	0.0000010000	-0.0000116465	3.8679348836E-9	0.0000274543	1.4481309502E-9	12.800	35.200
5/27/2022	11:58 PM	0.2300730900	44.000	78.000	80.000	0.0000010000	-0.0000116345	4.5883023334E-9	0.0000274892	1.2585015750E-9	12.800	35.200
5/27/2022	11:58 PM	0.2250441700	44.000	78.000	79.999	0.0000010000	-0.0000116319	4.4727894614E-9	0.0000274597	2.0614321020E-9	12.800	35.200
5/27/2022	11:59 PM	0.2200152500	44.000	78.000	79.999	0.0000010000	-0.0000116319	6.6681759239E-9	0.0000274859	6.6099096785E-10	12.800	35.200
5/28/2022	12:00 AM	0.2149863300	44.000	78.000	80.000	0.0000010000	-0.0000116410	5.0161524138E-9	0.0000274853	2.2247448714E-10	12.800	35.200
5/28/2022	12:00 AM	0.2099574100	44.000	78.000	80.000	0.0000010000	-0.0000116372	3.8320250325E-9	0.0000274516	2.5433999125E-9	12.800	35.200
5/28/2022	12:01 AM	0.2049284900	44.000	78.000	80.000	0.0000010000	-0.0000116361	4.4350481788E-9	0.0000274814	6.8309518948E-10	12.800	35.100
5/28/2022	12:02 AM	0.1998995700	44.000	78.000	79.999	0.0000010000	-0.0000116204	5.4618729647E-9	0.0000274738	7.2048368230E-10	12.800	35.200
5/28/2022	12:02 AM	0.1948706500	44.000	78.000	80.000	0.0000010000	-0.0000116311	4.4169222783E-9	0.0000274816	4.1402208188E-10	12.800	35.200
5/28/2022	12:03 AM	0.1898417300	44.000	78.000	80.000	0.0000010000	-0.0000116382	6.3204722970E-9	0.0000274729	4.1402208188E-10	12.800	35.100
5/28/2022	12:04 AM	0.1848128100	44.000	78.000	80.000	0.0000010000	-0.0000116278	5.8553357369E-9	0.0000274790	8.2540150734E-10	12.800	35.100
5/28/2022	12:04 AM	0.1797838900	44.000	78.000	80.000	0.0000010000	-0.0000116353	8.0767257708E-9	0.0000274751	5.2619936850E-10	12.800	35.100
5/28/2022	12:05 AM	0.1747549700	44.000	78.000	79.999	0.0000010000	-0.0000116355	3.1361986025E-9	0.0000274836	1.0000000000E-10	12.800	35.200
5/28/2022	12:06 AM	0.1697260500	44.000	78.000	80.000	0.0000010000	-0.0000116337	7.1505038617E-9	0.0000274987	1.0168783487E-9	12.800	35.200
5/28/2022	12:06 AM	0.1646971300	44.000	78.000	80.000	0.0000010000	-0.0000116381	5.2363491244E-9	0.0000274649	7.2559935005E-10	12.800	35.200
5/28/2022	12:07 AM	0.1596682100	44.000	78.000	80.001	0.0000010000	-0.0000116441	5.6237236766E-9	0.0000274751	6.4510098534E-10	12.800	35.200
5/28/2022	12:07 AM	0.1546392900	44.000	78.000	80.000	0.0000010000	-0.0000116391	4.3770940053E-9	0.0000274483	3.1015683091E-9	12.800	35.200
5/28/2022	12:08 AM	0.1496103700	44.000	78.000	79.999	0.0000010000	-0.0000116379	2.7479450061E-9	0.0000274643	1.3714740868E-9	12.800	35.200
5/28/2022	12:09 AM	0.1445814500	44.000	78.000	80.000	0.0000010000	-0.0000116339	6.0730466719E-9	0.0000274734	1.5407138862E-9	12.800	35.200
5/28/2022	12:09 AM	0.1395525300	44.000	78.000	80.000	0.0000010000	-0.0000116151	4.2722385725E-9	0.0000274244	5.0445229816E-9	12.800	35.200
5/28/2022	12:10 AM	0.1345236100	44.000	78.000	80.000	0.0000010000	-0.0000116230	9.6533440671E-9	0.0000274690	1.0669539803E-9	12.800	35.100
5/28/2022	12:11 AM	0.1294946900	44.000	78.000	80.000	0.0000010000	-0.0000116366	6.3254867830E-9	0.0000274240	4.5983367518E-9	12.800	35.100
5/28/2022	12:11 AM	0.1244657700	44.000	78.000	80.000	0.0000010000	-0.0000116324	5.9600232233E-9	0.0000274854	5.2867640737E-10	12.800	35.200
5/28/2022	12:12 AM	0.1194368500	44.000	78.000	80.000	0.0000010000	-0.0000116369	7.5897730596E-9	0.0000274647	1.4190905958E-9	12.800	35.200
5/28/2022	12:13 AM	0.1144079300	44.000	78.000	80.000	0.0000010000	-0.0000116341	4.8437437590E-9	0.0000274771	9.6167953858E-10	12.800	35.100
5/28/2022	12:13 AM	0.1093790100	44.000	78.000	79.999	0.0000010000	-0.0000116302	7.9978532339E-9	0.0000274734	3.8708286934E-10	12.800	35.200
5/28/2022	12:14 AM	0.1043500900	44.000	78.000	80.000	0.0000010000	-0.0000116310	6.4670066925E-9	0.0000274788	5.8309518948E-10	12.800	35.200
5/28/2022	12:15 AM	0.0993211700	44.000	78.000	80.000	0.0000010000	-0.0000116327	2.6569567234E-9	0.0000274758	4.7863046408E-10	12.800	35.200
5/28/2022	12:15 AM	0.0942922500	44.000	78.000	80.000	0.0000010000	-0.0000116154	9.4140799748E-9	0.0000274872	7.5522851952E-10	12.800	35.200
5/28/2022	12:16 AM	0.0892633300	44.000	78.000	79.999	0.0000010000	-0.0000116365	4.4156174095E-9	0.0000274784	1.0000000000E-10	12.800	35.200
5/28/2022	12:17 AM	0.0842344100	44.000	78.000	80.001	0.0000010000	-0.0000116409	9.3462106864E-9	0.0000274744	9.8638791760E-10	12.800	35.200
5/28/2022	12:17 AM	0.0792054900	44.000	78.000	80.000	0.0000010000	-0.0000116367	5.9184254086E-9	0.0000274728	8.0756655164E-10	12.800	35.200
5/28/2022	12:18 AM	0.0741765700	44.000	78.000	79.999	0.0000010000	-0.0000116257	7.6970565166E-9	0.0000274811	4.5355339059E-10	12.800	35.200
5/28/2022	12:19 AM	0.0691476500	44.000	78.000	80.000	0.0000010000	-0.0000116348	6.9112988470E-9	0.0000274768	9.8309518948E-10	12.800	35.200
5/28/2022	12:19 AM	0.0641187300	44.000	78.000	80.000	0.0000010000	-0.0000116483	5.6826171099E-9	0.0000274536	2.1954908712E-9	12.800	35.200
5/28/2022	12:20 AM	0.0590898100	44.000	78.000	80.000	0.0000010000	-0.0000116293	4.9067925930E-9	0.0000274807	7.6332495807E-10	12.800	35.200
5/28/2022	12:21 AM	0.0540608900	44.000	78.000	80.000	0.0000010000	-0.0000116347	4.4028340829E-9	0.0000274651	1.1998427010E-9	12.800	35.200
5/28/2022	12:21 AM	0.0490319700	44.000	78.000	80.000	0.0000010000	-0.0000116339	5.6956290612E-9	0.0000274342	3.7599474093E-9	12.800	35.200
5/28/2022	12:22 AM	0.0440030500	44.000	78.000	80.000	0.0000010000	-0.0000116309	7.5703141220E-9	0.0000274852	4.0620192023E-10	12.800	35.100
5/28/2022	12:23 AM	0.0389741300	44.000	78.000	80.000	0.0000010000	-0.0000116363	7.2560862967E-9	0.0000274795	4.7863046408E-10	12.800	35.200
5/28/2022	12:23 AM	0.0339452100	44.000	78.000	80.000	0.0000010000	-0.0000116374	5.7543997485E-9	0.0000274742	4.7863046408E-10	12.800	35.100
5/28/2022	12:24 AM	0.0289162900	44.000	78.000	80.000	0.0000010000	-0.0000116384	8.5117280076E-9	0.0000274525	2.8196768924E-9	12.800	35.200
5/28/2022	12:24 AM	0.0238873700	44.000	78.000	80.000	0.0000010000	-0.0000116339	4.7039535758E-9	0.0000274503	1.7082951062E-9	12.800	35.100
5/28/2022	12:25 AM	0.0188584500	44.000	78.000	80.000	0.0000010000	-0.0000116431	7.7521191166E-9	0.0000274771	5.4063625993E-10	12.800	35.200
5/28/2022	12:26 AM	0.0138295300	44.000	78.000	80.000	0.0000010000	-0.0000116335	8.1739301571E-9	0.0000274574	1.4834848275E-9	12.800	35.200
5/28/2022	12:26 AM	0.0088006100	44.000	78.000	80.000	0.0000010000	-0.0000116396	4.2293412738E-9	0.0000274715	6.6099096785E-10	12.800	35.200
5/28/2022	12:27 AM	0.0037716900	44.000	78.000	80.000	0.0000010000	-0.0000116274	5.1868484181E-9	0.0000274454	3.8647179790E-9	12.800	35.200
5/28/2022	12:28 AM	-0.0012572300	44.000	78.000	80.000	0.0000010000	-0.0000116432	6.6136857735E-9	0.0000274869	9.9865437593E-10	12.800	35.200
5/28/2022	12:28 AM	-0.0062861500	44.000	78.000	80.000	0.0000010000	-0.0000116396	5.1106739473E-9	0.0000274881	8.6163530729E-10	12.800	35.100
5/28/2022	12:29 AM	-0.0113150700	44.000	78.000	80.000	0.0000010000	-0.0000116482	6.2825087148E-9	0.0000274788	1.1775498521E-9	12.800	35.200
5/28/2022	12:30 AM	-0.0163439900	44.000	78.000	80.000	0.0000010000	-0.0000116438	4.2773319444E-9	0.0000274566	1.5459885647E-9	12.800	35.200
5/28/2022	12:30 AM	-0.0213729100	44.000	78.000	80.001	0.0000010000	-0.0000116547	5.4906382135E-9	0.0000274786	3.0955735648E-10	12.800	35.200
5/28/2022	12:31 AM	-0.0264018300	38.100	78.000	80.000	0.0000010000	-0.0000116451	4.0724767150E-9	0.0000274716	7.4531841939E-10	12.800	35.200
5/28/2022	12:32 AM	-0.0314307500	38.100	78.000	80.000	0.0000010000	-0.0000116327	5.6276478176E-9	0.0000274989	1.0849903325E-9	12.800	35.200
5/28/2022	12:32 AM	-0.0364596700	38.100	78.000	80.000	0.0000010000	-0.0000116341	1.0970166418E-8	0.0000274754	1.1300537619E-9	12.800	35.200
5/28/2022	12:33 AM	-0.0414885900	38.100	78.000	80.000	0.0000010000	-0.0000116361	4.9003793731E-9	0.0000274752	4.7602787773E-10	12.800	35.200
5/28/2022	12:34 AM	-0.0465175100	38.100	78.000	80.001	0.0000010000	-0.0000116251	6.5083859172E-9	0.0000274678	1.9730555924E-9	12.800	35.200
5/28/2022	12:35 AM	-0.0515464300	38.100	78.000	79.999	0.0000010000	-0.0000116378	7.3932014917E-9	0.0000274900	8.3784666345E-10	12.800	35.200
5/28/2022	12:35 AM	-0.0565753500	38.100	78.000	80.001	0.0000010000	-0.0000116408	3.9196654436E-9	0.0000274762	8.1237243570E-10	12.800	35.100
5/28/2022	12:36 AM	-0.0616042700	38.100	78.000	80.000	0.0000010000	-0.0000116380	5.6903271188E-9	0.0000274795	3.1622776602E-10	12.800	35.200
5/28/2022	12:37 AM	-0.0666331900	38.100	78.000	80.001	0.0000010000	-0.0000116379	5.1104279356E-9	0.0000274850	6.2911671436E-10	12.800	35.100
5/28/2022	12:37 AM	-0.0716621100	38.100	78.000	80.000	0.0000010000	-0.0000116265	5.6921041826E-9	0.0000274872	5.2247448714E-10	12.800	35.200
5/28/2022	12:38 AM	-0.0766910300	38.100	78.000	80.000	0.0000010000	-0.0000116265	6.3304830433E-9	0.0000274709	1.1462263483E-9	12.800	35.200
5/28/2022	12:39 AM	-0.0817199500	38.100	78.000	80.000	0.0000010000	-0.0000116484	5.4009908765E-9	0.0000274775	4.7863046408E-10	12.800	35.200
5/28/2022	12:39 AM	-0.0867488700	38.100	78.000	80.000	0.0000010000	-0.0000116395	7.2398684010E-9	0.0000274689	9.8270701384E-10	12.800	35.100
5/28/2022	12:40 AM	-0.0917777900	38.100	78.000	80.000	0.0000010000	-0.0000116251	6.7264152757E-9	0.0000274709	1.8708286934E-10	12.800	35.100
5/28/2022	12:40 AM	-0.0968067100	38.100	78.000	80.000	0.0000010000	-0.0000116480	3.0865709868E-9	0.0000274647	5.9328478957E-10	12.800	35.200
5/28/2022	12:41 AM	-0.1018356300	38.100	78.000	80.000	0.0000010000	-0.0000116398	2.4752534998E-9	0.0000274885	6.1719913269E-10	12.800	35.200
5/28/2022	12:42 AM	-0.1068645500	38.100	78.000	80.001	0.0000010000	-0.0000116395	4.1112910393E-9	0.0000274637	1.5924716621E-9	12.800	35.200
5/28/2022	12:42 AM	-0.1118934700	38.100	78.000	80.001	0.0000010000	-0.0000116474	3.8691025975E-9	0.0000275002	1.0359759433E-9	12.800	35.200
5/28/2022	12:43 AM	-0.1169223900	38.100	78.000	80.000	0.0000010000	-0.0000116162	4.5136618576E-9	0.0000274634	1.3036373818E-9	12.800	35.200
5/28/2022	12:44 AM	-0.1219513100	38.100	78.000	80.000	0.0000010000	-0.0000116483	5.1662336751E-9	0.0000274778	6.7434164903E-10	12.800	35.200
5/28/2022	12:44 AM	-0.1269802300	38.100	78.000	80.001	0.0000010000	-0.0000116307	5.3263429441E-9	0.0000274826	1.3592554199E-9	12.800	35.100
5/28/2022	12:45 AM	-0.1320091500	38.100	78.000	80.000	0.0000010000	-0.0000116224	5.7023925699E-9	0.0000274800	7.2166385809E-10	12.800	35.200
5/28/2022	12:46 AM	-0.1370380700	38.100	78.000	80.000	0.0000010000	-0.0000116379	4.5523008154E-9	0.0000274876	5.9328478957E-10	12.800	35.200
5/28/2022	12:46 AM	-0.1420669900	38.100	78.000	80.000	0.0000010000	-0.0000116434	4.7855252977E-9	0.0000274881	4.9154759474E-10	12.800	35.100
5/28/2022	12:47 AM	-0.1470959100	38.100	78.000	80.000	0.0000010000	-0.0000116520	6.3082703470E-9	0.0000274906	4.7416573868E-10	12.800	35.200
5/28/2022	12:48 AM	-0.1521248300	38.100	78.000	80.000	0.0000010000	-0.0000116416	5.4527490118E-9	0.0000274824	3.0955735648E-10	12.800	35.100
5/28/2022	12:48 AM	-0.1571537500	38.100	78.000	80.000	0.0000010000	-0.0000116277	5.2857221604E-9	0.0000274870	2.0000000000E-10	12.800	35.200
5/28/2022	12:49 AM	-0.1621826700	38.100	78.000	80.000	0.0000010000	-0.0000116422	5.6985764664E-9	0.0000274760	4.5495097568E-10	12.800	35.100
5/28/2022	12:50 AM	-0.1672115900	38.100	78.000	80.001	0.0000010000	-0.0000116385	9.0789057293E-9	0.0000274700	9.7258598040E-10	12.800	35.200
5/28/2022	12:50 AM	-0.1722405100	38.100	78.000	80.000	0.0000010000	-0.0000127301	5.8814243539E-9	0.0000265529	5.6124860802E-10	12.800	35.200
5/28/2022	12:51 AM	-0.1772694300	38.100	78.000	80.000	0.0000010000	-0.0000127260	3.1850279200E-9	0.0000265540	7.0556967662E-10	12.800	35.100
5/28/2022	12:52 AM	-0.1822983500	38.100	78.000	80.000	0.0000010000	-0.0000127180	4.3613930101E-9	0.0000265538	1.1707877060E-9	12.800	35.100
5/28/2022	12:52 AM	-0.1873272700	38.100	78.000	80.000	0.0000010000	-0.0000127196	5.0210261900E-9	0.0000265501	9.5355339059E-10	12.800	35.200
5/28/2022	12:53 AM	-0.1923561900	38.100	78.000	80.001	0.0000010000	-0.0000127344	5.8949460457E-9	0.0000265287	1.6327840858E-9	12.800	35.200
5/28/2022	12:53 AM	-0.1973851100	38.100	78.000	80.000	0.0000010000	-0.0000127283	5.7650648542E-9	0.0000265534	3.2247448714E-10	12.800	35.200
5/28/2022	12:54 AM	-0.2024140300	38.100	78.000	80.000	0.0000010000	-0.0000127323	8.1293042222E-9	0.0000265552	2.0000000000E-10	12.800	35.200
5/28/2022	12:55 AM	-0.2074429500	38.100	78.000	80.000	0.0000010000	-0.0000127347	6.5263363727E-9	0.0000265437	4.4203384502E-10	12.800	35.200
5/28/2022	12:55 AM	-0.2124718700	38.100	78.000	80.000	0.0000010000	-0.0000127159	6.6943467685E-9	0.0000265400	3.5355339059E-10	12.800	35.200
5/28/2022	12:56 AM	-0.2175007900	38.100	78.000	79.999	0.0000010000	-0.0000127259	8.5616362843E-9	0.0000265305	1.6888374292E-9	12.800	35.100
5/28/2022	12:57 AM	-0.2225297100	38.100	78.000	80.001	0.0000010000	-0.0000127486	6.8988132737E-9	0.0000265496	8.7434164903E-10	12.800	35.200
5/28/2022	12:57 AM	-0.2275586300	38.100	78.000	79.999	0.0000010000	-0.0000127218	8.6990243376E-9	0.0000265509	4.9154759474E-10	12.800	35.100
5/28/2022	12:58 AM	-0.2325875500	38.100	78.000	80.000	0.0000010000	-0.0000127336	3.8223579721E-9	0.0000265592	9.3094217496E-10	12.800	35.200
5/28/2022	12:59 AM	-0.2376164700	38.100	78.000	80.000	0.0000010000	-0.0000127150	4.6175319421E-9	0.0000265511	2.9154759474E-10	12.800	35.100
5/28/2022	12:59 AM	-0.2426453900	38.100	78.000	80.000	0.0000010000	-0.0000127236	3.2208042154E-9	0.0000265239	1.6195069567E-9	12.800	35.200
5/28/2022	1:00 AM	-0.2476743100	38.100	78.000	80.001	0.0000010000	-0.0000127158	7.1790579715E-9	0.0000265398	7.2048368230E-10	12.800	35.200
5/28/2022	1:01 AM	-0.2476743100	38.100	78.000	80.001	0.0000010000	-0.0000127209	4.5940668950E-9	0.0000265518	6.3851648071E-10	12.800	35.200
5/28/2022	1:01 AM	-0.2426453900	38.100	78.000	80.000	0.0000010000	-0.0000127173	4.8571237988E-9	0.0000265293	1.4585134087E-9	12.800	35.200
5/28/2022	1:02 AM	-0.2376164700	38.100	78.000	80.000	0.0000010000	-0.0000127104	5.4870272613E-9	0.0000265515	2.0000000000E-10	12.800	35.200
5/28/2022	1:02 AM	-0.2325875500	38.100	78.000	80.000	0.0000010000	-0.0000127207	5.0285059373E-9	0.0000265391	1.1677078252E-9	12.800	35.200
5/28/2022	1:03 AM	-0.2275586300	38.100	78.000	80.000	0.0000010000	-0.0000127247	6.3269513088E-9	0.0000265445	7.0556967662E-10	12.800	35.200
5/28/2022	1:04 AM	-0.2225297100	38.100	78.000	80.000	0.0000010000	-0.0000127206	6.3437767208E-9	0.0000265434	1.0705534411E-9	12.800	35.200
5/28/2022	1:04 AM	-0.2175007900	38.100	78.000	80.000	0.0000010000	-0.0000127281	6.5932911927E-9	0.0000265517	3.9154759474E-10	12.800	35.100
5/28/2022	1:05 AM	-0.2124718700	38.100	78.000	80.001	0.0000010000	-0.0000127288	7.0338956055E-9	0.0000265375	1.9658460870E-9	12.800	35.200
5/28/2022	1:06 AM	-0.2074429500	38.100	78.000	80.000	0.0000010000	-0.0000127039	5.9240936965E-9	0.0000265633	6.9774951497E-10	12.800	35.200
5/28/2022	1:06 AM	-0.2024140300	38.100	78.000	80.000	0.0000010000	-0.0000127247	5.4356926243E-9	0.0000265383	6.8728772252E-10	12.800	35.100
5/28/2022	1:07 AM	-0.1973851100	38.100	78.000	80.001	0.0000010000	-0.0000127169	5.5873625249E-9	0.0000265395	9.1268221939E-10	12.800	35.100
5/28/2022	1:08 AM	-0.1923561900	38.100	78.000	80.001	0.0000010000	-0.0000127367	5.7093949107E-9	0.0000265426	1.1745966692E-9	12.800	35.200
5/28/2022	1:08 AM	-0.1873272700	38.100	78.000	80.000	0.0000010000	-0.0000127248	5.6505847152E-9	0.0000265434	1.2847679857E-9	12.800	35.100
5/28/2022	1:09 AM	-0.1822983500	38.100	78.000	79.999	0.0000010000	-0.0000127279	6.8606735355E-9	0.0000265580	5.5450633076E-10	12.800	35.200
5/28/2022	1:10 AM	-0.1772694300	38.100	78.000	79.999	0.0000010000	-0.0000127293	8.7639656447E-9	0.0000265475	2.7386127875E-10	12.800	35.100
5/28/2022	1:10 AM	-0.1722405100	38.100	78.000	80.000	0.0000010000	-0.0000127228	6.5593451952E-9	0.0000265507	4.4203384502E-10	12.800	35.100
5/28/2022	1:11 AM	-0.1672115900	38.100	78.000	80.000	0.0000010000	-0.0000127437	6.5840322554E-9	0.0000265356	1.6217626836E-8	12.800	35.200
5/28/2022	1:12 AM	-0.1621826700	38.100	78.000	80.000	0.0000010000	-0.0000127195	6.5122141799E-9	0.0000265651	5.9154759474E-10	12.800	35.200
5/28/2022	1:12 AM	-0.1571537500	38.100	78.000	80.000	0.0000010000	-0.0000127066	7.4023144143E-9	0.0000265591	8.0415229868E-10	12.800	35.200
5/28/2022	1:13 AM	-0.1521248300	38.100	78.000	79.999	0.0000010000	-0.0000127160	3.3566005564E-9	0.0000265129	3.2685959036E-9	12.800	35.200
5/28/2022	1:14 AM	-0.1470959100	38.100	78.000	80.001	0.0000010000	-0.0000127372	6.7683347312E-9	0.0000265594	5.6368092477E-10	12.800	35.100
5/28/2022	1:14 AM	-0.1420669900	38.100	78.000	80.001	0.0000010000	-0.0000127223	5.4825697123E-9	0.0000265315	1.3357816692E-9	12.800	35.100
5/28/2022	1:15 AM	-0.1370380700	38.100	78.000	80.001	0.0000010000	-0.0000127337	6.3458969321E-9	0.0000265447	8.5192024052E-10	12.800	35.200
5/28/2022	1:16 AM	-0.1320091500	38.100	78.000	80.000	0.0000010000	-0.0000127372	4.6949027884E-9	0.0000265243	2.3258616829E-9	12.800	35.200
5/28/2022	1:16 AM	-0.1269802300	38.100	78.000	80.001	0.0000010000	-0.0000127243	6.6688456170E-9	0.0000265618	1.0574368385E-9	12.800	35.200
5/28/2022	1:17 AM	-0.1219513100	38.100	78.000	80.001	0.0000010000	-0.0000127040	3.3087393419E-9	0.0000265458	8.0756655164E-10	12.800	35.200
5/28/2022	1:18 AM	-0.1169223900	38.100	78.000	80.000	0.0000010000	-0.0000127245	4.1516865819E-9	0.0000265608	4.6368092478E-10	12.800	35.200
5/28/2022	1:18 AM	-0.1118934700	38.100	78.000	80.000	0.0000010000	-0.0000127248	7.2419533211E-9	0.0000265348	1.2768602296E-9	12.800	35.200
5/28/2022	1:19 AM	-0.1068645500	38.100	78.000	80.001	0.0000010000	-0.0000127283	5.9730694122E-9	0.0000265728	9.5732140997E-10	12.800	35.100
5/28/2022	1:19 AM	-0.1018356300	38.100	78.000	80.000	0.0000010000	-0.0000127101	8.1783499403E-9	0.0000265523	6.7925092342E-10	12.800	35.200
5/28/2022	1:20 AM	-0.0968067100	38.100	78.000	80.000	0.0000010000	-0.0000127256	4.5066519098E-9	0.0000265578	8.7297041176E-10	12.800	35.200
5/28/2022	1:21 AM	-0.0917777900	38.100	78.000	80.000	0.0000010000	-0.0000127124	3.9834461404E-9	0.0000265545	1.0704262972E-9	12.800	35.200
5/28/2022	1:21 AM	-0.0867488700	38.100	78.000	80.000	0.0000010000	-0.0000127163	2.0820348768E-9	0.0000265560	5.1166727360E-10	12.800	35.200
5/28/2022	1:22 AM	-0.0817199500	38.100	78.000	80.000	0.0000010000	-0.0000127199	5.4424203396E-9	0.0000265680	7.7631558048E-10	12.800	35.100
5/28/2022	1:23 AM	-0.0766910300	38.100	78.000	79.999	0.0000010000	-0.0000127116	3.0490101066E-9	0.0000265462	9.3186001849E-10	12.800	35.100
5/28/2022	1:23 AM	-0.0716621100	38.100	78.000	80.000	0.0000010000	-0.0000127255	5.2294434511E-9	0.0000265261	1.6891212719E-9	12.800	35.200
5/28/2022	1:24 AM	-0.0666331900	38.100	78.000	80.001	0.0000010000	-0.0000127333	4.8576495869E-9	0.0000265377	1.4295577307E-9	12.800	35.200
5/28/2022	1:25 AM	-0.0616042700	38.100	78.000	79.999	0.0000010000	-0.0000127287	3.9018331166E-9	0.0000265435	9.1268221939E-10	12.800	35.200
5/28/2022	1:25 AM	-0.0565753500	38.100	78.000	80.000	0.0000010000	-0.0000127324	6.9523819727E-9	0.0000265424	1.1905713948E-9	12.800	35.200
5/28/2022	1:26 AM	-0.0515464300	38.100	78.000	80.001	0.0000010000	-0.0000127262	6.4642516284E-9	0.0000265490	7.2166385809E-10	12.800	35.200
5/28/2022	1:26 AM	-0.0465175100	38.100	78.000	80.000	0.0000010000	-0.0000127296	4.7048116592E-9	0.0000265198	2.1759214383E-9	12.800	35.100
5/28/2022	1:27 AM	-0.0414885900	38.100	78.000	80.000	0.0000010000	-0.0000127334	7.7637103515E-9	0.0000265463	4.7416573868E-10	12.800	35.200
5/28/2022	1:28 AM	-0.0364596700	38.100	78.000	80.000	0.0000010000	-0.0000127311	6.3718617312E-9	0.0000265429	2.0013903645E-9	12.800	35.200
5/28/2022	1:28 AM	-0.0314307500	38.100	78.000	80.000	0.0000010000	-0.0000127394	7.3271206093E-9	0.0000265611	4.8989794856E-10	12.800	35.100
5/28/2022	1:29 AM	-0.0264018300	38.100	78.000	80.000	0.0000010000	-0.0000127295	4.0374849605E-9	0.0000265393	1.6601163265E-9	12.800	35.100
5/28/2022	1:30 AM	-0.0213729100	38.100	78.000	80.000	0.0000010000	-0.0000127308	6.4209260277E-9	0.0000265693	1.0881676449E-9	12.800	35.200
5/28/2022	1:30 AM	-0.0163439900	38.100	78.000	80.000	0.0000010000	-0.0000127261	3.9011040409E-9	0.0000265438	1.9743209378E-9	12.800	35.200
5/28/2022	1:31 AM	-0.0113150700	39.700	78.000	80.001	0.0000010000	-0.0000127274	4.5912669964E-9	0.0000265673	8.7297041176E-10	12.800	35.200
5/28/2022	1:32 AM	-0.0062861500	39.700	78.000	80.000	0.0000010000	-0.0000127064	7.2245512905E-9	0.0000265514	3.0000000000E-10	12.800	35.200
5/28/2022	1:32 AM	-0.0012572300	39.700	78.000	79.999	0.0000010000	-0.0000127321	7.8751993757E-9	0.0000265564	8.2048368230E-10	12.800	35.100
5/28/2022	1:33 AM	0.0037716900	39.700	78.000	80.000	0.0000010000	-0.0000127299	6.0994778123E-9	0.0000265631	1.2104001363E-9	12.800	35.200
5/28/2022	1:34 AM	0.0088006100	39.700	78.000	80.000	0.0000010000	-0.0000127251	6.9976562091E-9	0.0000265088	5.0951060924E-9	12.800	35.200
5/28/2022	1:34 AM	0.0138295300	39.700	78.000	80.000	0.0000010000	-0.0000127511	6.3107374592E-9	0.0000265449	9.4346783526E-10	12.800	35.200
5/28/2022	1:35 AM	0.0188584500	39.700	78.000	79.999	0.0000010000	-0.0000127188	7.0397814424E-9	0.0000265235	2.7658633372E-9	12.800	35.200
5/28/2022	1:35 AM	0.0238873700	39.700	78.000	79.999	0.0000010000	-0.0000127073	5.8463142795E-9	0.0000265610	2.4494897428E-10	12.800	35.200
5/28/2022	1:36 AM	0.0289162900	39.700	78.000	80.000	0.0000010000	-0.0000120443	5.9448546095E-9	0.0000270152	1.8084699033E-9	12.800	35.200
5/28/2022	1:37 AM	0.0339452100	39.700	78.000	79.999	0.0000010000	-0.0000118610	6.2305871120E-9	0.0000272858	3.4608128489E-10	12.800	35.200
5/28/2022	1:37 AM	0.0389741300	39.700	78.000	80.000	0.0000010000	-0.0000117713	5.1493009471E-9	0.0000273593	7.7008771255E-10	12.800	35.200
5/28/2022	1:38 AM	0.0440030500	39.700	78.000	80.000	0.0000010000	-0.0000116923	1.0144054256E-8	0.0000274442	6.1719913269E-10	12.800	35.100
5/28/2022	1:39 AM	0.0490319700	39.700	78.000	80.001	0.0000010000	-0.0000116665	4.9062812326E-9	0.0000274596	3.7742546282E-10	12.800	35.200
5/28/2022	1:39 AM	0.0540608900	39.700	78.000	80.000	0.0000010000	-0.0000116500	7.4858204440E-9	0.0000274425	1.9910898260E-9	12.800	35.100
5/28/2022	1:40 AM	0.0590898100	39.700	78.000	80.001	0.0000010000	-0.0000116473	8.6716674164E-9	0.0000274786	1.1131314310E-9	12.800	35.200
5/28/2022	1:41 AM	0.0641187300	39.700	78.000	80.000	0.0000010000	-0.0000116485	4.2454303092E-9	0.0000274478	6.8190908485E-10	12.800	35.200
5/28/2022	1:41 AM	0.0691476500	39.700	78.000	80.000	0.0000010000	-0.0000116352	4.8770504914E-9	0.0000274716	1.2234076132E-9	12.800	35.200
5/28/2022	1:42 AM	0.0741765700	39.700	78.000	80.000	0.0000010000	-0.0000116505	3.9388676778E-9	0.0000274650	3.5355339059E-10	12.800	35.100
5/28/2022	1:43 AM	0.0792054900	39.700	78.000	80.000	0.0000010000	-0.0000116530	6.1811908379E-9	0.0000274533	1.1052516680E-9	12.800	35.100
5/28/2022	1:43 AM	0.0842344100	39.700	78.000	80.000	0.0000010000	-0.0000116455	7.4555749029E-9	0.0000274507	1.4109878063E-9	12.800	35.100
5/28/2022	1:44 AM	0.0892633300	39.700	78.000	80.000	0.0000010000	-0.0000116407	6.1137122902E-9	0.0000274657	8.0670198723E-10	12.800	35.200
5/28/2022	1:45 AM	0.0942922500	39.700	78.000	80.000	0.0000010000	-0.0000116516	3.7727122559E-9	0.0000274665	1.8382272788E-9	12.800	35.100
5/28/2022	1:45 AM	0.0993211700	39.700	78.000	80.001	0.0000010000	-0.0000116330	4.4656456757E-9	0.0000274624	4.0000000000E-10	12.800	35.100
5/28/2022	1:46 AM	0.1043500900	39.700	78.000	80.000	0.0000010000	-0.0000116320	4.6106296850E-9	0.0000274575	1.7693698432E-9	12.800	35.100
5/28/2022	1:47 AM	0.1093790100	39.700	78.000	80.000	0.0000010000	-0.0000116364	6.0946408379E-9	0.0000274637	1.1516648189E-9	12.800	35.100
5/28/2022	1:47 AM	0.1144079300	39.700	78.000	80.000	0.0000010000	-0.0000116335	6.0946260850E-9	0.0000274868	2.5495097568E-10	12.800	35.200
5/28/2022	1:48 AM	0.1194368500	39.700	78.000	80.000	0.0000010000	-0.0000116324	6.7001495219E-9	0.0000274795	8.2540150734E-10	12.800	35.200
5/28/2022	1:49 AM	0.1244657700	39.700	78.000	80.000	0.0000010000	-0.0000116155	4.0455074144E-9	0.0000274739	5.5259075049E-10	12.800	35.200
5/28/2022	1:49 AM	0.1294946900	39.700	78.000	80.000	0.0000010000	-0.0000116461	6.2638626001E-9	0.0000274610	1.4645638829E-9	12.800	35.200
5/28/2022	1:50 AM	0.1345236100	39.700	78.000	80.000	0.0000010000	-0.0000116231	9.0867071948E-9	0.0000274806	2.9154759474E-10	12.800	35.200
5/28/2022	1:50 AM	0.1395525300	39.700	78.000	80.000	0.0000010000	-0.0000116466	4.9744735648E-9	0.0000274710	7.2166385809E-10	12.800	35.200
5/28/2022	1:51 AM	0.1445814500	39.700	78.000	80.001	0.0000010000	-0.0000116281	4.2986132907E-9	0.0000274769	5.4063625993E-10	12.800	35.200
5/28/2022	1:52 AM	0.1496103700	39.700	78.000	80.001	0.0000010000	-0.0000116330	4.8384285611E-9	0.0000274675	1.2800581774E-9	12.800	35.200
5/28/2022	1:52 AM	0.1546392900	39.700	78.000	80.000	0.0000010000	-0.0000116354	5.5512070274E-9	0.0000274652	9.4425345123E-10	12.800	35.200
5/28/2022	1:53 AM	0.1596682100	39.700	78.000	79.999	0.0000010000	-0.0000116313	4.2504003820E-9	0.0000274470	2.7768197453E-9	12.800	35.200
5/28/2022	1:54 AM	0.1646971300	39.700	78.000	79.999	0.0000010000	-0.0000116307	6.3961113577E-9	0.0000274595	1.2153457437E-9	12.800	35.200
5/28/2022	1:54 AM	0.1697260500	39.700	78.000	80.000	0.0000010000	-0.0000116232	6.6357940670E-9	0.0000274884	4.3011626335E-10	12.800	35.200
5/28/2022	1:55 AM	0.1747549700	39.700	78.000	80.000	0.0000010000	-0.0000116419	7.7526770856E-9	0.0000274736	3.0000000000E-10	12.800	35.200
5/28/2022	1:56 AM	0.1797838900	39.700	78.000	80.000	0.0000010000	-0.0000116233	6.0743084117E-9	0.0000274896	8.3006407546E-10	12.800	35.200
5/28/2022	1:57 AM	0.1848128100	39.700	78.000	79.999	0.0000010000	-0.0000116317	4.7995307152E-9	0.0000274483	2.4046806536E-9	12.800	35.200
5/28/2022	1:57 AM	0.1898417300	39.700	78.000	79.999	0.0000010000	-0.0000116480	6.4952871880E-9	0.0000274647	2.0000000000E-10	12.800	35.200
5/28/2022	1:58 AM	0.1948706500	39.700	78.000	80.000	0.0000010000	-0.0000116326	4.9824921006E-9	0.0000274483	2.8661821296E-9	12.800	35.200
5/28/2022	1:58 AM	0.1998995700	39.700	78.000	80.000	0.0000010000	-0.0000116096	7.2437546590E-9	0.0000274719	1.0525282490E-9	12.800	35.100
5/28/2022	1:59 AM	0.2049284900	39.700	78.000	80.000	0.0000010000	-0.0000116155	8.2129584102E-9	0.0000274976	9.8102496759E-10	12.800	35.200
5/28/2022	2:00 AM	0.2099574100	39.700	78.000	80.000	0.0000010000	-0.0000116327	7.3589243137E-9	0.0000274788	2.8058837015E-10	12.800	35.200
5/28/2022	2:00 AM	0.2149863300	39.700	78.000	79.999	0.0000010000	-0.0000116428	4.5329507562E-9	0.0000274797	7.5975531083E-10	12.800	35.200
5/28/2022	2:01 AM	0.2200152500	39.700	78.000	80.000	0.0000010000	-0.0000116338	5.2726840103E-9	0.0000274795	4.7863046408E-10	12.800	35.100
5/28/2022	2:02 AM	0.2250441700	39.700	78.000	80.000	0.0000010000	-0.0000116313	2.5933674040E-9	0.0000274659	1.1956953618E-9	12.800	35.200
5/28/2022	2:02 AM	0.2300730900	39.700	78.000	80.000	0.0000010000	-0.0000116230	4.9548758326E-9	0.0000274673	1.3601700252E-9	12.800	35.100
5/28/2022	2:03 AM	0.2351020100	39.700	78.000	80.000	0.0000010000	-0.0000116343	4.8013061092E-9	0.0000274858	9.3186001849E-10	12.800	35.200
5/28/2022	2:04 AM	0.2401309300	39.700	78.000	80.000	0.0000010000	-0.0000116218	7.0612024673E-9	0.0000274952	6.1911471296E-10	12.800	35.200
5/28/2022	2:04 AM	0.2451598500	0.900	78.000	80.000	0.0000010000	-0.0000116411	5.8734659730E-9	0.0000274642	8.2540150734E-10	12.800	35.200
5/28/2022	2:05 AM	0.2501887700	39.700	78.000	80.001	0.0000010000	-0.0000116220	4.2046341423E-9	0.0000274725	3.7742546282E-10	12.800	35.100
