! User Name:	Aditya
! Sample Name:	FGT_CPS_device_2_PF_M1T_90m
! Sample ID:	FGT/CrPS4
! Date:	6/8/2022	Time:	9:16 PM
! Current Source:	Keithley 224 Current Source
! Voltmeter V1:	Keithley 182 Degital voltmeter
! Voltmeter V2:	Keithley 2182A  NanoVoltmeter
! V1 (volts):	Rxx  Device 1
! V2 (volts):	Rxy Device 1
! Max Field (Tesla):0.250000	! Data points (0_maxT:50.000000	! Average Number:5.000000	
! Comments:	FGT/CrPS4 device was made in glove using flaking and dry transfering of flakes. 
! 
! 
! 
! 
Data	Time	Magnetic Field (T)	Helium Level (%)	VTI Temperature (K)	Sample Temparture (K)	Current (A) 	Voltage-1(V)	Std. of V1	Voltage-2 (V)	Std. of V2	VTI  Heater Power (%)	Sample Heater Power (%)
6/8/2022	9:19 PM	-0.2501887700	52.000	52.780	54.994	0.0000020000	0.0000157984	4.6505733214E-9	0.0000030500	2.2360679775E-10	6.700	27.800
6/8/2022	9:20 PM	-0.2451598500	47.600	68.000	70.000	0.0000020000	0.0000157997	5.2313610630E-9	0.0000030409	1.0525282490E-9	12.000	32.900
6/8/2022	9:20 PM	-0.2401309300	47.600	68.000	70.000	0.0000020000	0.0000158065	5.4094456155E-9	0.0000030523	4.7863046408E-10	12.000	32.900
6/8/2022	9:21 PM	-0.2351020100	47.600	68.000	70.000	0.0000020000	0.0000157963	8.9891755201E-9	0.0000030538	3.0000000000E-10	12.000	32.900
6/8/2022	9:22 PM	-0.2300730900	47.600	68.000	70.000	0.0000020000	0.0000157820	9.9637348938E-9	0.0000030368	1.0215838363E-9	12.000	32.900
6/8/2022	9:22 PM	-0.2250441700	47.600	68.000	70.000	0.0000020000	0.0000157953	5.7747744006E-9	0.0000030573	5.9328478957E-10	12.000	32.900
6/8/2022	9:23 PM	-0.2200152500	47.600	68.000	70.000	0.0000020000	0.0000157944	5.0119062829E-9	0.0000030374	1.1788289045E-9	12.000	32.900
6/8/2022	9:24 PM	-0.2149863300	47.600	68.000	70.000	0.0000020000	0.0000158056	6.5995550385E-9	0.0000030417	8.5166481892E-10	12.000	32.900
6/8/2022	9:24 PM	-0.2099574100	47.600	68.000	70.000	0.0000020000	0.0000157723	7.6039811578E-9	0.0000030537	2.0000000000E-10	12.000	32.900
6/8/2022	9:25 PM	-0.2049284900	47.600	68.000	70.000	0.0000020000	0.0000158157	8.7234158504E-9	0.0000030466	1.0549509757E-9	12.000	32.900
6/8/2022	9:25 PM	-0.1998995700	47.600	68.000	70.000	0.0000020000	0.0000158107	4.9938250450E-9	0.0000030574	9.9865437593E-10	12.000	32.900
6/8/2022	9:26 PM	-0.1948706500	47.600	68.000	70.000	0.0000020000	0.0000158138	6.7438436475E-9	0.0000030576	1.0632188733E-9	12.000	32.900
6/8/2022	9:27 PM	-0.1898417300	47.600	68.000	69.999	0.0000020000	0.0000157962	4.1387112253E-9	0.0000030440	1.0704286871E-9	12.000	32.900
6/8/2022	9:28 PM	-0.1848128100	47.600	68.000	70.000	0.0000020000	0.0000158085	6.9512895864E-9	0.0000030397	1.1224744871E-9	12.000	32.900
6/8/2022	9:28 PM	-0.1797838900	47.600	68.000	70.000	0.0000020000	0.0000157849	7.5722966958E-9	0.0000030381	1.3520707091E-9	12.000	32.900
6/8/2022	9:29 PM	-0.1747549700	47.600	68.000	70.000	0.0000020000	0.0000157985	5.7267593618E-9	0.0000030302	1.0232844665E-9	12.000	32.900
6/8/2022	9:30 PM	-0.1697260500	47.600	68.000	69.999	0.0000020000	0.0000157907	8.2767721060E-9	0.0000030387	8.9096990597E-10	12.000	32.800
6/8/2022	9:30 PM	-0.1646971300	47.600	68.000	69.999	0.0000020000	0.0000157965	6.6141661780E-9	0.0000030494	4.4966147775E-10	12.000	32.900
6/8/2022	9:31 PM	-0.1596682100	47.600	68.000	70.000	0.0000020000	0.0000157911	6.3478074148E-9	0.0000030495	1.4213373913E-9	12.000	32.900
6/8/2022	9:32 PM	-0.1546392900	47.600	68.000	70.000	0.0000020000	0.0000157952	5.4897212121E-9	0.0000030494	9.3198158124E-10	12.000	32.900
6/8/2022	9:32 PM	-0.1496103700	47.600	68.000	70.001	0.0000020000	0.0000158032	6.9546712945E-9	0.0000030528	5.6742346142E-10	12.000	32.900
6/8/2022	9:33 PM	-0.1445814500	47.600	68.000	70.000	0.0000020000	0.0000158030	7.1753677056E-9	0.0000030408	1.1191948626E-9	12.000	32.900
6/8/2022	9:33 PM	-0.1395525300	47.600	68.000	70.000	0.0000020000	0.0000157968	5.9440406744E-9	0.0000030519	1.3641201571E-9	12.000	32.900
6/8/2022	9:34 PM	-0.1345236100	47.600	68.000	70.000	0.0000020000	0.0000157915	5.0378082422E-9	0.0000030550	8.2739529308E-10	12.000	32.900
6/8/2022	9:35 PM	-0.1294946900	47.600	68.000	70.000	0.0000020000	0.0000158071	5.3748063042E-9	0.0000030754	2.0347969169E-9	12.000	32.900
6/8/2022	9:35 PM	-0.1244657700	47.600	68.000	70.000	0.0000020000	0.0000158212	8.6841980945E-9	0.0000030512	5.8476798574E-10	12.000	32.900
6/8/2022	9:36 PM	-0.1194368500	47.600	68.000	70.000	0.0000020000	0.0000157954	6.9117704402E-9	0.0000030662	8.1763500472E-10	12.000	32.900
6/8/2022	9:37 PM	-0.1144079300	47.600	68.000	70.000	0.0000020000	0.0000157769	7.2760254737E-9	0.0000030548	1.2247448714E-10	12.000	32.900
6/8/2022	9:37 PM	-0.1093790100	47.600	68.000	70.000	0.0000020000	0.0000157772	5.0342972319E-9	0.0000030465	1.2840192568E-9	12.000	32.900
6/8/2022	9:38 PM	-0.1056073200	47.600	68.000	70.000	0.0000020000	0.0000157690	1.3009745029E-8	0.0000030541	3.2360679775E-10	12.000	32.900
6/8/2022	9:39 PM	-0.1005784000	47.600	68.000	70.000	0.0000020000	0.0000157957	3.8731850206E-9	0.0000030175	2.3507024827E-9	12.000	32.900
6/8/2022	9:39 PM	-0.0955494800	47.600	68.000	70.000	0.0000020000	0.0000157939	7.6002160277E-9	0.0000030364	1.4044253109E-9	12.000	32.900
6/8/2022	9:40 PM	-0.0905205600	47.600	68.000	69.999	0.0000020000	0.0000157959	9.1588600553E-9	0.0000030243	2.1477665810E-9	12.000	32.900
6/8/2022	9:41 PM	-0.0854916400	47.600	68.000	70.000	0.0000020000	0.0000157900	5.5319516850E-9	0.0000030322	9.5012175500E-10	12.000	32.900
6/8/2022	9:42 PM	-0.0804627200	47.600	68.000	70.001	0.0000020000	0.0000158040	6.5041812768E-9	0.0000030456	2.2247448714E-10	12.000	32.900
6/8/2022	9:42 PM	-0.0754338000	47.600	68.000	70.000	0.0000020000	0.0000157865	7.4872910149E-9	0.0000030531	1.0311180853E-9	12.000	32.900
6/8/2022	9:43 PM	-0.0704048800	47.600	68.000	70.000	0.0000020000	0.0000158106	6.2863194309E-9	0.0000030391	1.3930630920E-9	12.000	32.900
6/8/2022	9:43 PM	-0.0653759600	47.600	68.000	70.000	0.0000020000	0.0000158093	6.4201358910E-9	0.0000030451	7.9842630675E-10	12.000	32.800
6/8/2022	9:44 PM	-0.0603470400	47.600	68.000	69.999	0.0000020000	0.0000157893	3.4682907977E-9	0.0000030572	1.2585015750E-9	12.000	32.900
6/8/2022	9:45 PM	-0.0553181200	47.600	68.000	70.000	0.0000020000	0.0000158147	6.0612337076E-9	0.0000030535	4.9746807650E-10	12.000	32.900
6/8/2022	9:45 PM	-0.0502892000	47.600	68.000	70.000	0.0000020000	0.0000157787	5.5392437267E-9	0.0000030517	5.5259075049E-10	12.000	32.900
6/8/2022	9:46 PM	-0.0452602800	47.600	68.000	70.000	0.0000020000	0.0000157753	7.9010486404E-9	0.0000030502	4.6742346142E-10	12.000	32.900
6/8/2022	9:47 PM	-0.0402313600	47.600	68.000	70.000	0.0000020000	0.0000158042	2.9400582041E-9	0.0000030615	7.8579944521E-10	12.000	32.900
6/8/2022	9:47 PM	-0.0352024400	47.600	68.000	70.000	0.0000020000	0.0000158083	1.0095501296E-8	0.0000030080	3.4272279126E-9	12.000	32.900
6/8/2022	9:48 PM	-0.0301735200	47.600	68.000	70.001	0.0000020000	0.0000157963	8.1694811951E-9	0.0000030412	6.3066409390E-10	12.000	32.800
6/8/2022	9:49 PM	-0.0251446000	47.600	68.000	70.000	0.0000020000	0.0000158029	7.0363805763E-9	0.0000030407	9.3851648071E-10	12.000	32.900
6/8/2022	9:49 PM	-0.0201156800	47.600	68.000	70.000	0.0000020000	0.0000157955	5.7847491850E-9	0.0000030249	1.2915475947E-9	12.000	32.900
6/8/2022	9:50 PM	-0.0150867600	47.600	68.000	70.000	0.0000020000	0.0000157943	4.6658659657E-9	0.0000030394	9.6863274407E-10	12.000	32.900
6/8/2022	9:51 PM	-0.0100578400	47.600	68.000	69.999	0.0000020000	0.0000157851	9.1859468092E-9	0.0000030473	4.7602787773E-10	12.000	32.900
6/8/2022	9:51 PM	-0.0050289200	47.600	68.000	70.000	0.0000020000	0.0000158024	5.2851437472E-9	0.0000030540	7.4031242374E-10	12.000	32.900
6/8/2022	9:52 PM	0.0000000000	47.600	68.000	70.000	0.0000020000	0.0000158068	5.2371775694E-9	0.0000030424	6.3429646484E-10	12.000	32.900
6/8/2022	9:53 PM	0.0050289200	47.600	68.000	70.000	0.0000020000	0.0000157961	5.8448803161E-9	0.0000030364	1.1039933485E-9	12.000	32.900
6/8/2022	9:53 PM	0.0100578400	47.600	68.000	70.000	0.0000020000	0.0000157958	5.7380983434E-9	0.0000030515	6.2911671436E-10	12.000	32.900
6/8/2022	9:54 PM	0.0150867600	47.600	68.000	70.000	0.0000020000	0.0000157907	4.5320850833E-9	0.0000030593	1.1945549533E-9	12.000	32.900
6/8/2022	9:54 PM	0.0201156800	47.600	68.000	70.000	0.0000020000	0.0000158094	6.3134313171E-9	0.0000030281	1.5452822726E-9	12.000	32.900
6/8/2022	9:55 PM	0.0251446000	47.600	68.000	70.001	0.0000020000	0.0000158180	6.2341579306E-9	0.0000030507	9.0977870193E-10	12.000	32.900
6/8/2022	9:56 PM	0.0301735200	47.600	68.000	70.001	0.0000020000	0.0000157940	6.3776741593E-9	0.0000030491	3.0000000000E-10	12.000	32.800
6/8/2022	9:56 PM	0.0352024400	47.600	68.000	70.000	0.0000020000	0.0000158017	5.2053528475E-9	0.0000030396	7.5746071035E-10	12.000	32.900
6/8/2022	9:57 PM	0.0402313600	47.600	68.000	70.000	0.0000020000	0.0000158027	8.0927480558E-9	0.0000030386	7.0186437639E-10	12.000	32.900
6/8/2022	9:58 PM	0.0452602800	47.600	68.000	69.999	0.0000020000	0.0000157668	7.9739776930E-9	0.0000030317	1.0307695934E-9	12.000	32.900
6/8/2022	9:58 PM	0.0502892000	47.600	68.000	70.000	0.0000020000	0.0000158054	6.1678872923E-9	0.0000030559	4.7416573868E-10	12.000	32.900
6/8/2022	9:59 PM	0.0553181200	47.600	68.000	70.000	0.0000020000	0.0000157753	3.8409016987E-9	0.0000030116	3.5445985638E-9	12.000	32.900
6/8/2022	10:00 PM	0.0603470400	47.600	68.000	70.001	0.0000020000	0.0000157734	1.0337744000E-8	0.0000030485	6.6099096785E-10	12.000	32.900
6/8/2022	10:00 PM	0.0653759600	47.600	68.000	70.000	0.0000020000	0.0000157989	7.5321909905E-9	0.0000030357	1.4144957801E-9	12.000	32.900
6/8/2022	10:01 PM	0.0704048800	47.600	68.000	69.999	0.0000020000	0.0000158097	5.7317263488E-9	0.0000030425	7.2166385809E-10	12.000	32.900
6/8/2022	10:02 PM	0.0754338000	47.600	68.000	70.000	0.0000020000	0.0000157954	9.7110744078E-9	0.0000030546	4.5495097568E-10	12.000	32.900
6/8/2022	10:02 PM	0.0804627200	47.600	68.000	70.000	0.0000020000	0.0000158019	6.5122174300E-9	0.0000030522	7.7008771255E-10	12.000	32.900
6/8/2022	10:03 PM	0.0854916400	47.600	68.000	70.000	0.0000020000	0.0000157982	6.2826385038E-9	0.0000030687	8.1763500472E-10	12.000	32.900
6/8/2022	10:04 PM	0.0905205600	47.600	68.000	70.000	0.0000020000	0.0000157998	8.8969710665E-9	0.0000030415	3.5355339059E-10	12.000	32.900
6/8/2022	10:04 PM	0.0955494800	47.600	68.000	70.000	0.0000020000	0.0000157868	7.4793030495E-9	0.0000030390	7.9346745639E-10	12.000	32.900
6/8/2022	10:05 PM	0.1005784000	47.600	68.000	70.000	0.0000020000	0.0000158075	5.6702369831E-9	0.0000030383	7.5975531083E-10	12.000	32.900
6/8/2022	10:06 PM	0.1056073200	47.600	68.000	70.000	0.0000020000	0.0000158043	7.6948744904E-9	0.0000030569	6.1478150705E-10	12.000	32.900
6/8/2022	10:06 PM	0.1093790100	47.600	68.000	70.001	0.0000020000	0.0000157987	7.1607233860E-9	0.0000030520	6.3385391260E-10	12.000	32.900
6/8/2022	10:07 PM	0.1144079300	47.600	68.000	70.001	0.0000020000	0.0000157861	6.3329574007E-9	0.0000030403	8.2540150734E-10	12.000	32.900
6/8/2022	10:07 PM	0.1194368500	47.600	68.000	70.001	0.0000020000	0.0000157995	5.2498454406E-9	0.0000030456	3.5495097568E-10	12.000	32.900
6/8/2022	10:08 PM	0.1244657700	47.600	68.000	70.000	0.0000020000	0.0000157946	5.4327138070E-9	0.0000030569	6.0724247288E-10	12.000	32.900
6/8/2022	10:09 PM	0.1294946900	47.600	68.000	70.000	0.0000020000	0.0000158290	6.3274850496E-9	0.0000030157	3.5279122585E-9	12.000	32.900
6/8/2022	10:09 PM	0.1345236100	47.600	68.000	70.000	0.0000020000	0.0000158197	9.7567925746E-9	0.0000030443	4.2360679775E-10	12.000	32.900
6/8/2022	10:10 PM	0.1395525300	47.600	68.000	70.000	0.0000020000	0.0000158135	7.8977311880E-9	0.0000030189	2.4075582588E-9	12.000	32.900
6/8/2022	10:11 PM	0.1445814500	47.600	68.000	70.000	0.0000020000	0.0000157970	7.1379370601E-9	0.0000030524	4.1068966709E-10	12.000	32.900
6/8/2022	10:11 PM	0.1496103700	47.600	68.000	70.000	0.0000020000	0.0000157892	6.6980284301E-9	0.0000030310	1.4764361229E-9	12.000	32.900
6/8/2022	10:12 PM	0.1546392900	47.600	68.000	70.000	0.0000020000	0.0000158128	5.9146621277E-9	0.0000030559	9.1547532151E-10	12.000	32.900
6/8/2022	10:13 PM	0.1596682100	47.600	68.000	70.000	0.0000020000	0.0000157967	6.9994051078E-9	0.0000030364	5.7879184514E-10	12.000	32.900
6/8/2022	10:13 PM	0.1646971300	47.600	68.000	70.000	0.0000020000	0.0000158149	8.8906045235E-9	0.0000030521	8.9379718813E-10	12.000	32.900
6/8/2022	10:14 PM	0.1697260500	46.700	68.000	70.000	0.0000020000	0.0000158103	1.0066557878E-8	0.0000030377	3.7416573868E-10	12.000	32.900
6/8/2022	10:14 PM	0.1747549700	46.700	68.000	70.000	0.0000020000	0.0000158017	5.4468522479E-9	0.0000030624	7.6485292704E-10	12.000	32.900
6/8/2022	10:15 PM	0.1797838900	46.700	68.000	70.000	0.0000020000	0.0000157866	4.7300193975E-9	0.0000030764	1.6852509748E-9	12.000	32.900
6/8/2022	10:16 PM	0.1848128100	46.700	68.000	70.001	0.0000020000	0.0000157951	4.9887273412E-9	0.0000030381	1.2885770529E-9	12.000	32.900
6/8/2022	10:16 PM	0.1898417300	46.700	68.000	70.000	0.0000020000	0.0000158241	8.3007149854E-9	0.0000030536	1.1238369250E-9	12.000	32.900
6/8/2022	10:17 PM	0.1948706500	46.700	68.000	69.999	0.0000020000	0.0000158041	1.0035466511E-8	0.0000030566	9.4346783526E-10	12.000	32.900
6/8/2022	10:18 PM	0.1998995700	46.700	68.000	70.000	0.0000020000	0.0000157993	4.6776450580E-9	0.0000030516	5.4649857042E-10	12.000	32.900
6/8/2022	10:18 PM	0.2049284900	46.700	68.000	70.000	0.0000020000	0.0000157954	4.6604287992E-9	0.0000030378	2.2247448714E-10	12.000	32.900
6/8/2022	10:19 PM	0.2099574100	46.700	68.000	70.000	0.0000020000	0.0000158111	1.1548670734E-8	0.0000030405	5.8309518948E-10	12.000	32.900
6/8/2022	10:20 PM	0.2149863300	46.700	68.000	70.000	0.0000020000	0.0000158054	9.1606960830E-9	0.0000030424	6.6142451836E-10	12.000	32.900
6/8/2022	10:21 PM	0.2200152500	46.700	68.000	69.999	0.0000020000	0.0000157855	3.2450642865E-9	0.0000030521	5.1515439249E-10	12.000	32.900
6/8/2022	10:21 PM	0.2250441700	46.700	68.000	70.000	0.0000020000	0.0000157901	8.7225191646E-9	0.0000037313	5.3011626335E-10	12.000	32.900
6/8/2022	10:22 PM	0.2300730900	46.700	68.000	70.000	0.0000020000	0.0000157817	5.9737729017E-9	0.0000037324	6.5372306110E-10	12.000	32.900
6/8/2022	10:22 PM	0.2351020100	46.700	68.000	70.000	0.0000020000	0.0000157809	5.1173689557E-9	0.0000037168	2.0000000000E-10	12.000	32.900
6/8/2022	10:23 PM	0.2401309300	46.700	68.000	70.000	0.0000020000	0.0000157750	9.3116053411E-9	0.0000037148	5.5259075049E-10	12.000	32.900
6/8/2022	10:24 PM	0.2451598500	46.700	68.000	69.999	0.0000020000	0.0000157744	3.6485134093E-9	0.0000037451	1.7432385823E-9	12.000	32.900
6/8/2022	10:24 PM	0.2501887700	46.700	68.000	70.000	0.0000020000	0.0000157865	4.9206270011E-9	0.0000037162	6.0850436627E-10	12.000	32.900
6/8/2022	10:25 PM	0.2451598500	46.700	68.000	70.000	0.0000020000	0.0000157903	8.0587597626E-9	0.0000037250	7.9369451030E-10	12.000	32.900
6/8/2022	10:26 PM	0.2401309300	46.700	68.000	70.000	0.0000020000	0.0000157945	6.6874003898E-9	0.0000037212	4.6368092477E-10	12.000	32.900
6/8/2022	10:26 PM	0.2351020100	46.700	68.000	70.000	0.0000020000	0.0000157989	5.4016270431E-9	0.0000037285	6.6115289591E-10	12.000	32.900
6/8/2022	10:27 PM	0.2300730900	46.700	68.000	70.000	0.0000020000	0.0000157960	7.9348847168E-9	0.0000037135	5.1166727360E-10	12.000	32.900
6/8/2022	10:28 PM	0.2250441700	46.700	68.000	70.000	0.0000020000	0.0000157945	9.0844626260E-9	0.0000037088	5.5259075049E-10	12.000	32.900
6/8/2022	10:28 PM	0.2200152500	46.700	68.000	70.000	0.0000020000	0.0000157947	1.2925579707E-8	0.0000037078	8.0428200203E-10	12.000	32.900
6/8/2022	10:29 PM	0.2149863300	46.700	68.000	70.000	0.0000020000	0.0000157755	7.4862565691E-9	0.0000037187	2.5495097568E-10	12.000	32.900
6/8/2022	10:30 PM	0.2099574100	46.700	68.000	69.999	0.0000020000	0.0000157925	7.8141591535E-9	0.0000036995	1.5176350047E-9	12.000	32.900
6/8/2022	10:30 PM	0.2049284900	46.700	68.000	70.000	0.0000020000	0.0000157836	7.6079114618E-9	0.0000037237	7.2093678194E-10	12.000	32.900
6/8/2022	10:31 PM	0.1998995700	46.700	68.000	70.000	0.0000020000	0.0000157858	5.5083427640E-9	0.0000037066	1.2692089813E-9	12.000	32.900
6/8/2022	10:32 PM	0.1948706500	46.700	68.000	70.000	0.0000020000	0.0000157940	1.0910885711E-8	0.0000037258	5.5355339059E-10	12.000	32.900
6/8/2022	10:32 PM	0.1898417300	46.700	68.000	70.000	0.0000020000	0.0000157894	1.0261754297E-8	0.0000037282	7.6212327846E-10	12.000	32.900
6/8/2022	10:33 PM	0.1848128100	46.700	68.000	70.000	0.0000020000	0.0000157979	5.1800797762E-9	0.0000037078	7.7008771255E-10	12.000	32.900
6/8/2022	10:33 PM	0.1797838900	46.700	68.000	70.000	0.0000020000	0.0000157913	4.7166724456E-9	0.0000037157	9.3851648071E-10	12.000	32.900
6/8/2022	10:34 PM	0.1747549700	46.700	68.000	70.000	0.0000020000	0.0000157641	7.6947734773E-9	0.0000037225	0.0000000000E+0	12.000	32.900
6/8/2022	10:35 PM	0.1697260500	46.700	68.000	70.000	0.0000020000	0.0000157882	8.5558435695E-9	0.0000037189	2.9154759474E-10	12.000	32.900
6/8/2022	10:35 PM	0.1646971300	46.700	68.000	70.001	0.0000020000	0.0000157803	7.4713075702E-9	0.0000037046	1.6779733838E-9	12.000	32.900
6/8/2022	10:36 PM	0.1596682100	46.700	68.000	70.000	0.0000020000	0.0000157879	5.9573927452E-9	0.0000037084	1.8217274186E-9	12.000	32.900
6/8/2022	10:37 PM	0.1546392900	46.700	68.000	70.000	0.0000020000	0.0000157746	5.9583457434E-9	0.0000037116	4.8989794856E-10	12.000	32.900
6/8/2022	10:37 PM	0.1496103700	46.700	68.000	70.000	0.0000020000	0.0000158105	5.1737033762E-9	0.0000037183	6.2980871798E-10	12.000	32.900
6/8/2022	10:38 PM	0.1445814500	46.700	68.000	70.000	0.0000020000	0.0000157926	4.9688802092E-9	0.0000036943	5.0115809579E-9	12.000	32.900
6/8/2022	10:39 PM	0.1395525300	46.700	68.000	70.000	0.0000020000	0.0000158102	6.7316173393E-9	0.0000037245	6.6099096785E-10	12.000	32.900
6/8/2022	10:39 PM	0.1345236100	46.700	68.000	70.000	0.0000020000	0.0000157657	7.9513867515E-9	0.0000037054	8.5166481892E-10	12.000	32.900
6/8/2022	10:40 PM	0.1294946900	46.700	68.000	69.999	0.0000020000	0.0000157840	1.0903392715E-8	0.0000037050	1.3801246476E-9	12.000	32.900
6/8/2022	10:41 PM	0.1244657700	46.700	68.000	70.000	0.0000020000	0.0000157852	1.1225407339E-8	0.0000037320	1.1540368496E-9	12.000	32.900
6/8/2022	10:41 PM	0.1194368500	46.700	68.000	70.000	0.0000020000	0.0000157946	1.0657509789E-8	0.0000037347	1.3979148551E-9	12.000	32.900
6/8/2022	10:42 PM	0.1144079300	46.700	68.000	70.000	0.0000020000	0.0000157941	8.3659051359E-9	0.0000037358	1.2913146230E-9	12.000	32.900
6/8/2022	10:43 PM	0.1093790100	46.700	68.000	70.000	0.0000020000	0.0000157900	7.0215160632E-9	0.0000037115	1.1191948626E-9	12.000	32.900
6/8/2022	10:43 PM	0.1056073200	46.700	68.000	70.000	0.0000020000	0.0000157872	8.6466014122E-9	0.0000037141	6.6571333342E-10	12.000	32.900
6/8/2022	10:44 PM	0.1005784000	46.700	68.000	70.000	0.0000020000	0.0000157876	1.2517046630E-8	0.0000037071	1.0082951062E-9	12.000	32.900
6/8/2022	10:45 PM	0.0955494800	46.700	68.000	70.000	0.0000020000	0.0000157903	4.8531267415E-9	0.0000037278	9.5732140997E-10	12.000	32.900
6/8/2022	10:45 PM	0.0905205600	46.700	68.000	69.999	0.0000020000	0.0000158061	1.0360453822E-8	0.0000037254	8.8955082492E-10	12.000	32.900
6/8/2022	10:46 PM	0.0854916400	46.700	68.000	70.000	0.0000020000	0.0000157746	1.2587016014E-8	0.0000037253	1.8669539803E-9	12.000	32.900
6/8/2022	10:46 PM	0.0804627200	46.700	68.000	70.001	0.0000020000	0.0000158115	1.0087013133E-8	0.0000037147	3.4608128489E-10	12.000	32.900
6/8/2022	10:47 PM	0.0754338000	46.700	68.000	70.000	0.0000020000	0.0000157921	1.0483060845E-8	0.0000037081	4.0000000000E-10	12.000	32.900
6/8/2022	10:48 PM	0.0704048800	46.700	68.000	70.000	0.0000020000	0.0000157920	8.9631555481E-9	0.0000037090	2.4494897428E-10	12.000	32.900
6/8/2022	10:48 PM	0.0653759600	46.700	68.000	70.000	0.0000020000	0.0000157937	9.3502207870E-9	0.0000037214	7.4531841939E-10	12.000	32.900
6/8/2022	10:49 PM	0.0603470400	46.700	68.000	69.999	0.0000020000	0.0000157873	7.4040252168E-9	0.0000037185	8.3784666345E-10	12.000	32.900
6/8/2022	10:50 PM	0.0553181200	46.700	68.000	69.999	0.0000020000	0.0000157828	6.4260903163E-9	0.0000037003	1.6258041250E-9	12.000	32.900
6/8/2022	10:50 PM	0.0502892000	46.700	68.000	70.000	0.0000020000	0.0000158000	6.5922675388E-9	0.0000037073	4.6368092477E-10	12.000	32.900
6/8/2022	10:51 PM	0.0452602800	46.700	68.000	70.000	0.0000020000	0.0000157838	6.4973661778E-9	0.0000037069	1.8777961736E-9	12.000	32.900
6/8/2022	10:52 PM	0.0402313600	46.700	68.000	70.000	0.0000020000	0.0000157865	9.3427447537E-9	0.0000037086	1.1000000000E-9	12.000	32.900
6/8/2022	10:52 PM	0.0352024400	46.700	68.000	70.001	0.0000020000	0.0000157853	9.6708429908E-9	0.0000037343	1.0407443861E-9	12.000	32.900
6/8/2022	10:53 PM	0.0301735200	46.700	68.000	70.000	0.0000020000	0.0000157917	3.5700722794E-9	0.0000037287	1.0691835240E-9	12.000	32.900
6/8/2022	10:54 PM	0.0251446000	46.700	68.000	70.000	0.0000020000	0.0000157804	1.1533573451E-8	0.0000037019	1.6492311041E-9	12.000	32.900
6/8/2022	10:54 PM	0.0201156800	46.700	68.000	70.000	0.0000020000	0.0000157842	8.2183757718E-9	0.0000037235	5.8615541191E-10	12.000	32.900
6/8/2022	10:55 PM	0.0150867600	46.700	68.000	70.000	0.0000020000	0.0000158023	6.2269685485E-9	0.0000037164	4.1068966709E-10	12.000	32.900
6/8/2022	10:56 PM	0.0100578400	46.700	68.000	70.000	0.0000020000	0.0000157838	5.1727518372E-9	0.0000037187	1.2024029905E-9	12.000	32.900
6/8/2022	10:56 PM	0.0050289200	46.700	68.000	70.000	0.0000020000	0.0000157852	6.1915894987E-9	0.0000037234	2.4494897428E-10	12.000	32.900
6/8/2022	10:57 PM	-0.0000000000	46.700	68.000	70.000	0.0000020000	0.0000157994	6.3732279173E-9	0.0000036781	3.4279122585E-9	12.000	32.900
6/8/2022	10:57 PM	-0.0050289200	46.700	68.000	69.999	0.0000020000	0.0000157833	5.8706530607E-9	0.0000037208	3.9154759474E-10	12.000	32.900
6/8/2022	10:58 PM	-0.0100578400	46.700	68.000	70.000	0.0000020000	0.0000158004	6.2057350192E-9	0.0000037148	5.6431580324E-10	12.000	32.900
6/8/2022	10:59 PM	-0.0150867600	46.700	68.000	70.000	0.0000020000	0.0000157930	6.7924670951E-9	0.0000037243	4.8989794856E-10	12.000	32.900
6/8/2022	10:59 PM	-0.0201156800	46.700	68.000	70.000	0.0000020000	0.0000158205	9.7859240739E-9	0.0000037220	4.7863046408E-10	12.000	32.900
6/8/2022	11:00 PM	-0.0251446000	46.700	68.000	70.000	0.0000020000	0.0000157899	8.4058542415E-9	0.0000037109	5.4063625993E-10	12.000	32.900
6/8/2022	11:01 PM	-0.0301735200	46.700	68.000	69.999	0.0000020000	0.0000158063	7.3977476835E-9	0.0000037105	2.2360679775E-10	12.000	32.900
6/8/2022	11:01 PM	-0.0352024400	46.700	68.000	70.000	0.0000020000	0.0000157972	7.4124230541E-9	0.0000037277	5.9681613616E-10	12.000	32.900
6/8/2022	11:02 PM	-0.0402313600	46.700	68.000	70.000	0.0000020000	0.0000157960	6.8389722347E-9	0.0000037231	1.0602325267E-9	12.000	32.900
6/8/2022	11:03 PM	-0.0452602800	46.700	68.000	70.000	0.0000020000	0.0000157975	8.1740773319E-9	0.0000037244	5.6540887349E-10	12.000	32.900
6/8/2022	11:03 PM	-0.0502892000	46.700	68.000	70.000	0.0000020000	0.0000158121	5.6675253687E-9	0.0000036887	1.6505451661E-9	12.000	32.900
6/8/2022	11:04 PM	-0.0553181200	46.700	68.000	70.000	0.0000020000	0.0000157845	8.3793601059E-9	0.0000037071	1.0953779756E-9	12.000	32.900
6/8/2022	11:05 PM	-0.0603470400	46.700	68.000	70.001	0.0000020000	0.0000157798	6.9568634871E-9	0.0000037157	1.2247448714E-10	12.000	32.900
6/8/2022	11:05 PM	-0.0653759600	46.700	68.000	70.000	0.0000020000	0.0000157950	6.9364187934E-9	0.0000037090	3.2247448714E-10	12.000	32.900
6/8/2022	11:06 PM	-0.0704048800	46.700	68.000	70.000	0.0000020000	0.0000157951	4.4218017745E-9	0.0000037139	4.5355339059E-10	12.000	32.900
6/8/2022	11:07 PM	-0.0754338000	46.700	68.000	70.000	0.0000020000	0.0000158139	3.7319259977E-9	0.0000037136	4.9664022582E-10	12.000	32.900
6/8/2022	11:07 PM	-0.0804627200	46.700	68.000	70.000	0.0000020000	0.0000158069	7.4987193349E-9	0.0000037180	1.5811388301E-10	12.000	32.900
6/8/2022	11:08 PM	-0.0854916400	46.700	68.000	69.999	0.0000020000	0.0000157912	4.4229327597E-9	0.0000037224	1.8708286934E-10	12.000	32.900
6/8/2022	11:08 PM	-0.0905205600	46.700	68.000	70.000	0.0000020000	0.0000157817	5.3367971948E-9	0.0000037063	7.6485292704E-10	12.000	32.900
6/8/2022	11:09 PM	-0.0955494800	46.700	68.000	70.000	0.0000020000	0.0000157935	3.6864151204E-9	0.0000037199	1.3806248475E-9	12.000	32.900
6/8/2022	11:10 PM	-0.1005784000	46.700	68.000	69.999	0.0000020000	0.0000157889	5.4758952007E-9	0.0000037156	3.2360679775E-10	12.000	32.900
6/8/2022	11:10 PM	-0.1056073200	46.700	68.000	70.000	0.0000020000	0.0000158212	7.0427677679E-9	0.0000037295	1.0505999457E-9	12.000	32.900
6/8/2022	11:11 PM	-0.1093790100	46.700	68.000	70.000	0.0000020000	0.0000157943	6.2090879537E-9	0.0000037226	1.0948253313E-9	12.000	32.900
6/8/2022	11:12 PM	-0.1144079300	46.700	68.000	70.000	0.0000020000	0.0000157989	7.3724870899E-9	0.0000037225	1.7853428299E-9	12.000	32.900
6/8/2022	11:12 PM	-0.1194368500	46.700	68.000	70.000	0.0000020000	0.0000157895	7.6109953653E-9	0.0000037100	1.0000000000E-9	12.000	32.900
6/8/2022	11:13 PM	-0.1244657700	46.700	68.000	70.000	0.0000020000	0.0000157846	9.0061344521E-9	0.0000037252	8.4031242374E-10	12.000	32.900
6/8/2022	11:14 PM	-0.1294946900	46.900	68.000	70.000	0.0000020000	0.0000158126	8.3679482759E-9	0.0000037050	1.3343026329E-9	12.000	32.900
6/8/2022	11:14 PM	-0.1345236100	46.900	68.000	70.000	0.0000020000	0.0000157968	4.9197272005E-9	0.0000037161	2.2247448714E-10	12.000	32.900
6/8/2022	11:15 PM	-0.1395525300	46.900	68.000	70.000	0.0000020000	0.0000157907	1.0397845451E-8	0.0000037203	4.7855777343E-10	12.000	32.900
6/8/2022	11:16 PM	-0.1445814500	46.900	68.000	70.000	0.0000020000	0.0000158012	7.8833432153E-9	0.0000037233	3.0955735648E-10	12.000	32.900
6/8/2022	11:16 PM	-0.1496103700	46.900	68.000	70.000	0.0000020000	0.0000158086	6.1668778095E-9	0.0000037114	2.2247448714E-10	12.000	32.900
6/8/2022	11:17 PM	-0.1546392900	46.900	68.000	70.000	0.0000020000	0.0000158025	5.4808167038E-9	0.0000037135	7.0710678119E-10	12.000	32.900
6/8/2022	11:18 PM	-0.1596682100	46.900	68.000	70.000	0.0000020000	0.0000157995	8.6638899749E-9	0.0000037083	1.5549900398E-9	12.000	32.900
6/8/2022	11:18 PM	-0.1646971300	46.900	68.000	70.000	0.0000020000	0.0000158057	5.4333007440E-9	0.0000037138	4.1402208188E-10	12.000	32.900
6/8/2022	11:19 PM	-0.1697260500	46.900	68.000	70.000	0.0000020000	0.0000157972	8.8256045972E-9	0.0000037293	1.2405084759E-9	12.000	32.900
6/8/2022	11:20 PM	-0.1747549700	46.900	68.000	70.000	0.0000020000	0.0000157949	6.8303738901E-9	0.0000037077	2.0000000000E-10	12.000	32.900
6/8/2022	11:20 PM	-0.1797838900	46.900	68.000	70.000	0.0000020000	0.0000157879	8.7542418749E-9	0.0000037234	5.8823014636E-10	12.000	32.900
6/8/2022	11:21 PM	-0.1848128100	46.900	68.000	70.000	0.0000020000	0.0000157856	4.5515428847E-9	0.0000030393	7.6278691088E-10	12.000	32.900
6/8/2022	11:22 PM	-0.1898417300	46.900	68.000	70.000	0.0000020000	0.0000157916	4.2478677534E-9	0.0000030377	1.0276472679E-9	12.000	32.900
6/8/2022	11:22 PM	-0.1948706500	46.900	68.000	70.000	0.0000020000	0.0000158033	9.5357674354E-9	0.0000030566	3.0000000000E-10	12.000	32.900
6/8/2022	11:23 PM	-0.1998995700	46.900	68.000	70.000	0.0000020000	0.0000158056	4.6124917624E-9	0.0000030476	5.4649857042E-10	12.000	32.900
6/8/2022	11:23 PM	-0.2049284900	46.900	68.000	70.000	0.0000020000	0.0000157928	4.5611093741E-9	0.0000030510	1.0918007434E-9	12.000	32.900
6/8/2022	11:24 PM	-0.2099574100	46.900	68.000	69.999	0.0000020000	0.0000157945	7.5920901838E-9	0.0000030529	5.6540887349E-10	12.000	32.900
6/8/2022	11:25 PM	-0.2149863300	46.900	68.000	70.000	0.0000020000	0.0000158084	4.4771540410E-9	0.0000030660	1.2687974318E-9	12.000	32.900
6/8/2022	11:25 PM	-0.2200152500	46.900	68.000	70.000	0.0000020000	0.0000158049	6.8761366872E-9	0.0000030466	3.4519675235E-10	12.000	32.900
6/8/2022	11:26 PM	-0.2250441700	46.900	68.000	70.000	0.0000020000	0.0000158094	4.6610076966E-9	0.0000030510	4.9664022582E-10	12.000	32.900
6/8/2022	11:27 PM	-0.2300730900	46.900	68.000	70.000	0.0000020000	0.0000158044	3.4664198308E-9	0.0000030533	4.1306485869E-10	12.000	32.900
6/8/2022	11:27 PM	-0.2351020100	46.900	68.000	70.001	0.0000020000	0.0000157975	5.8755412100E-9	0.0000030438	2.0000000000E-10	12.000	32.900
6/8/2022	11:28 PM	-0.2401309300	46.900	68.000	70.000	0.0000020000	0.0000158029	4.7506663320E-9	0.0000030549	6.6099096785E-10	12.000	32.900
6/8/2022	11:29 PM	-0.2451598500	46.900	68.000	69.999	0.0000020000	0.0000158051	9.6924194823E-9	0.0000030565	2.8708286934E-10	12.000	32.900
6/8/2022	11:29 PM	-0.2501887700	46.900	68.000	70.000	0.0000020000	0.0000158181	4.2224501931E-9	0.0000030458	9.4425345123E-10	12.000	32.900
6/8/2022	11:30 PM	-0.2451598500	46.900	68.000	70.000	0.0000020000	0.0000157765	7.8218527404E-9	0.0000030386	1.0091825995E-9	12.000	32.900
6/8/2022	11:30 PM	-0.2401309300	46.900	68.000	70.000	0.0000020000	0.0000157908	4.2652318835E-9	0.0000030494	6.3851648071E-10	12.000	32.900
6/8/2022	11:31 PM	-0.2351020100	46.900	68.000	70.000	0.0000020000	0.0000157946	4.6944214896E-9	0.0000029961	4.9841158068E-9	12.000	32.900
6/8/2022	11:32 PM	-0.2300730900	46.900	68.000	70.000	0.0000020000	0.0000157999	7.6429064366E-9	0.0000030545	3.7416573868E-10	12.000	32.900
6/8/2022	11:32 PM	-0.2250441700	46.900	68.000	70.000	0.0000020000	0.0000158014	7.3614634378E-9	0.0000030361	1.0820365039E-9	12.000	32.900
6/8/2022	11:33 PM	-0.2200152500	46.900	68.000	70.000	0.0000020000	0.0000158036	4.4494500339E-9	0.0000030273	1.7664520101E-8	12.000	32.900
6/8/2022	11:34 PM	-0.2149863300	46.900	68.000	70.000	0.0000020000	0.0000158000	5.9861116222E-9	0.0000030477	9.4124180247E-10	12.000	32.900
6/8/2022	11:34 PM	-0.2099574100	46.900	68.000	70.001	0.0000020000	0.0000157909	6.7436969601E-9	0.0000030508	5.3851648071E-10	12.000	32.900
6/8/2022	11:35 PM	-0.2049284900	46.900	68.000	70.000	0.0000020000	0.0000157922	5.1017495045E-9	0.0000030505	2.4494897428E-10	12.000	32.900
6/8/2022	11:36 PM	-0.1998995700	46.900	68.000	70.000	0.0000020000	0.0000157942	4.1373987708E-9	0.0000030609	7.9346745639E-10	12.000	32.900
6/8/2022	11:36 PM	-0.1948706500	46.900	68.000	70.000	0.0000020000	0.0000158068	8.9980768216E-9	0.0000030553	9.5012175500E-10	12.000	32.900
6/8/2022	11:37 PM	-0.1898417300	46.900	68.000	70.000	0.0000020000	0.0000157983	8.3202779953E-9	0.0000030500	2.0000000000E-10	12.000	32.900
6/8/2022	11:38 PM	-0.1848128100	46.900	68.000	70.000	0.0000020000	0.0000158011	8.3014771314E-9	0.0000030472	3.4608128489E-10	12.000	32.900
6/8/2022	11:38 PM	-0.1797838900	46.900	68.000	70.000	0.0000020000	0.0000158108	4.5589061730E-9	0.0000030475	5.7416573868E-10	12.000	32.900
6/8/2022	11:39 PM	-0.1747549700	46.900	68.000	70.000	0.0000020000	0.0000158017	8.4119989196E-9	0.0000030285	1.1216116702E-9	12.000	32.900
6/8/2022	11:40 PM	-0.1697260500	46.900	68.000	70.000	0.0000020000	0.0000157850	1.0220480602E-8	0.0000030486	3.0955735648E-10	12.000	32.900
6/8/2022	11:40 PM	-0.1646971300	46.900	68.000	70.000	0.0000020000	0.0000157946	5.3492798870E-9	0.0000030597	1.1052182095E-9	12.000	32.900
6/8/2022	11:41 PM	-0.1596682100	46.900	68.000	70.000	0.0000020000	0.0000157903	7.3630764498E-9	0.0000030554	6.2911671436E-10	12.000	32.900
6/8/2022	11:41 PM	-0.1546392900	46.900	68.000	70.000	0.0000020000	0.0000157937	6.2383983980E-9	0.0000030139	3.2633342420E-9	12.000	32.900
6/8/2022	11:42 PM	-0.1496103700	46.900	68.000	70.000	0.0000020000	0.0000157892	8.2926860143E-9	0.0000030541	3.0000000000E-10	12.000	32.900
6/8/2022	11:43 PM	-0.1445814500	46.900	68.000	70.000	0.0000020000	0.0000157908	6.9547006807E-9	0.0000030115	3.4690305432E-9	12.000	32.900
6/8/2022	11:43 PM	-0.1395525300	46.900	68.000	70.000	0.0000020000	0.0000157946	6.5347821638E-9	0.0000030441	6.4031242374E-10	12.000	32.900
6/8/2022	11:44 PM	-0.1345236100	46.900	68.000	70.000	0.0000020000	0.0000157808	7.0913017278E-9	0.0000030230	2.1154195801E-9	12.000	32.900
6/8/2022	11:45 PM	-0.1294946900	46.900	68.000	70.001	0.0000020000	0.0000158015	7.0268508826E-9	0.0000030542	4.7863046408E-10	12.000	32.900
6/8/2022	11:46 PM	-0.1244657700	46.900	68.000	70.000	0.0000020000	0.0000157914	6.4239987537E-9	0.0000030398	7.6212327846E-10	12.000	32.900
6/8/2022	11:46 PM	-0.1194368500	46.900	68.000	70.000	0.0000020000	0.0000157902	8.2770278847E-9	0.0000030570	7.4031242374E-10	12.000	32.900
6/8/2022	11:47 PM	-0.1144079300	46.900	68.000	70.000	0.0000020000	0.0000157990	7.3813119914E-9	0.0000030435	6.0620192023E-10	12.000	32.900
6/8/2022	11:48 PM	-0.1093790100	46.900	68.000	70.000	0.0000020000	0.0000157956	9.0842598747E-9	0.0000030524	5.7416573868E-10	12.000	32.900
6/8/2022	11:48 PM	-0.1056073200	46.900	68.000	70.001	0.0000020000	0.0000158005	3.8100714422E-9	0.0000030412	9.4124180247E-10	12.000	32.900
6/8/2022	11:49 PM	-0.1005784000	46.900	68.000	70.000	0.0000020000	0.0000158099	5.5223633081E-9	0.0000030457	6.0724247288E-10	12.000	32.900
6/8/2022	11:50 PM	-0.0955494800	46.900	68.000	70.000	0.0000020000	0.0000157861	6.5104156590E-9	0.0000030460	3.9154759474E-10	12.000	32.900
6/8/2022	11:50 PM	-0.0905205600	46.900	68.000	70.000	0.0000020000	0.0000157897	4.1518881402E-9	0.0000030338	1.2000000000E-9	12.000	32.900
6/8/2022	11:51 PM	-0.0854916400	46.900	68.000	69.999	0.0000020000	0.0000157849	9.4007591633E-9	0.0000030569	1.1299465711E-9	12.000	32.900
6/8/2022	11:52 PM	-0.0804627200	46.900	68.000	70.001	0.0000020000	0.0000158036	6.4430362231E-9	0.0000030514	4.1622776602E-10	12.000	32.800
6/8/2022	11:52 PM	-0.0754338000	46.900	68.000	70.000	0.0000020000	0.0000158099	7.9147302022E-9	0.0000030586	6.2360679775E-10	12.000	32.900
6/8/2022	11:53 PM	-0.0704048800	46.900	68.000	70.000	0.0000020000	0.0000158068	5.6021242212E-9	0.0000030570	2.2360679775E-10	12.000	32.900
6/8/2022	11:54 PM	-0.0653759600	46.900	68.000	70.000	0.0000020000	0.0000157991	6.5613736497E-9	0.0000030432	4.4203384502E-10	12.000	32.900
6/8/2022	11:54 PM	-0.0603470400	46.900	68.000	70.000	0.0000020000	0.0000157879	7.3183079500E-9	0.0000030684	9.0000000000E-10	12.000	32.900
6/8/2022	11:55 PM	-0.0553181200	46.900	68.000	70.000	0.0000020000	0.0000157888	5.3199029921E-9	0.0000030565	4.5495097568E-10	12.000	32.900
6/8/2022	11:56 PM	-0.0502892000	46.900	68.000	70.000	0.0000020000	0.0000158113	6.6919636762E-9	0.0000030561	8.4031242374E-10	12.000	32.900
6/8/2022	11:56 PM	-0.0452602800	46.900	68.000	70.000	0.0000020000	0.0000157832	5.9332250831E-9	0.0000030632	1.4385164807E-9	12.000	32.900
6/8/2022	11:57 PM	-0.0402313600	46.900	68.000	70.001	0.0000020000	0.0000157969	6.2185691520E-9	0.0000030613	5.9777253643E-10	12.000	32.900
6/8/2022	11:58 PM	-0.0352024400	46.900	68.000	70.000	0.0000020000	0.0000157938	6.1754246248E-9	0.0000030404	1.6583793908E-9	12.000	32.900
6/8/2022	11:58 PM	-0.0301735200	46.900	68.000	70.000	0.0000020000	0.0000157933	6.5044957157E-9	0.0000030393	1.0147301372E-9	12.000	32.900
6/8/2022	11:59 PM	-0.0251446000	46.900	68.000	70.000	0.0000020000	0.0000158007	9.0582955517E-9	0.0000030467	3.7416573868E-10	12.000	32.900
6/9/2022	12:00 AM	-0.0201156800	46.900	68.000	70.001	0.0000020000	0.0000157927	3.7895994347E-9	0.0000030490	5.0000000000E-10	12.000	32.900
6/9/2022	12:00 AM	-0.0150867600	46.900	68.000	70.000	0.0000020000	0.0000158024	3.4896437420E-9	0.0000030589	4.1068966709E-10	12.000	32.900
6/9/2022	12:01 AM	-0.0100578400	46.900	68.000	70.000	0.0000020000	0.0000158030	6.7416919016E-9	0.0000030493	6.9256219969E-10	12.000	32.900
6/9/2022	12:02 AM	-0.0050289200	46.900	68.000	70.000	0.0000020000	0.0000157899	3.9177462437E-9	0.0000030659	1.3661637486E-9	12.000	32.900
6/9/2022	12:02 AM	0.0000000000	46.900	68.000	70.000	0.0000020000	0.0000158068	6.7387606470E-9	0.0000029907	4.9162477005E-9	12.000	32.900
6/9/2022	12:03 AM	0.0050289200	46.900	68.000	70.000	0.0000020000	0.0000157856	4.8293143241E-9	0.0000030352	1.2562429031E-9	12.000	32.900
6/9/2022	12:04 AM	0.0100578400	46.900	68.000	70.000	0.0000020000	0.0000157815	4.8892322526E-9	0.0000030514	2.4494897428E-10	12.000	32.900
6/9/2022	12:04 AM	0.0150867600	46.900	68.000	70.000	0.0000020000	0.0000157954	5.5365213615E-9	0.0000030565	5.8615541191E-10	12.000	32.900
6/9/2022	12:05 AM	0.0201156800	46.900	68.000	70.000	0.0000020000	0.0000157860	8.5356972679E-9	0.0000030561	1.1477512681E-9	12.000	32.900
6/9/2022	12:05 AM	0.0251446000	46.900	68.000	70.000	0.0000020000	0.0000157891	3.0430367421E-9	0.0000030580	1.5680491707E-9	12.000	32.900
6/9/2022	12:06 AM	0.0301735200	46.900	68.000	70.000	0.0000020000	0.0000158115	6.2018997225E-9	0.0000034268	8.5391142906E-10	12.000	32.900
6/9/2022	12:07 AM	0.0352024400	46.900	68.000	70.000	0.0000020000	0.0000157930	5.3805959059E-9	0.0000035594	7.6332495807E-10	12.000	32.900
6/9/2022	12:07 AM	0.0402313600	46.900	68.000	70.001	0.0000020000	0.0000158012	1.0422036031E-8	0.0000036099	2.1390719430E-9	12.000	32.900
6/9/2022	12:08 AM	0.0452602800	46.900	68.000	69.999	0.0000020000	0.0000157933	5.1920156527E-9	0.0000036784	3.7742546282E-10	12.000	32.900
6/9/2022	12:09 AM	0.0502892000	46.900	68.000	70.000	0.0000020000	0.0000157935	6.6431677074E-9	0.0000036821	1.6006490370E-9	12.000	32.900
6/9/2022	12:09 AM	0.0553181200	46.900	68.000	70.000	0.0000020000	0.0000157946	6.0122651682E-9	0.0000036935	6.7185085508E-10	12.000	32.900
6/9/2022	12:10 AM	0.0603470400	46.900	68.000	70.001	0.0000020000	0.0000158102	1.1564899684E-8	0.0000037062	1.2423728323E-9	12.000	32.900
6/9/2022	12:11 AM	0.0653759600	46.900	68.000	69.999	0.0000020000	0.0000157986	4.9882854869E-9	0.0000037043	4.4494897428E-10	12.000	32.900
6/9/2022	12:11 AM	0.0704048800	46.900	68.000	70.000	0.0000020000	0.0000158028	5.7157626348E-9	0.0000037107	6.5076379411E-10	12.000	32.900
6/9/2022	12:12 AM	0.0754338000	46.900	68.000	70.000	0.0000020000	0.0000157948	6.6634603834E-9	0.0000036970	7.2820159556E-10	12.000	32.900
6/9/2022	12:13 AM	0.0804627200	46.900	68.000	70.000	0.0000020000	0.0000157952	5.0567769133E-9	0.0000036996	4.0000000000E-10	12.000	32.900
6/9/2022	12:13 AM	0.0854916400	46.900	68.000	70.000	0.0000020000	0.0000158011	5.2522345534E-9	0.0000037063	1.3919772427E-9	12.000	32.900
6/9/2022	12:14 AM	0.0905205600	41.700	68.000	70.000	0.0000020000	0.0000157962	5.1089322032E-9	0.0000037159	6.0724247288E-10	12.000	32.900
6/9/2022	12:15 AM	0.0955494800	41.700	68.000	70.000	0.0000020000	0.0000157883	9.1835100116E-9	0.0000037195	4.0000000000E-10	12.000	32.900
6/9/2022	12:15 AM	0.1005784000	41.700	68.000	70.000	0.0000020000	0.0000157739	9.9268618046E-9	0.0000037198	4.1306485869E-10	12.000	32.900
6/9/2022	12:16 AM	0.1056073200	41.700	68.000	70.000	0.0000020000	0.0000157872	7.6850582737E-9	0.0000037242	5.6368092477E-10	12.000	32.900
6/9/2022	12:17 AM	0.1093790100	41.700	68.000	70.000	0.0000020000	0.0000157911	5.4136871117E-9	0.0000037115	0.0000000000E+0	12.000	32.900
6/9/2022	12:17 AM	0.1144079300	41.700	68.000	70.000	0.0000020000	0.0000157882	5.8470271338E-9	0.0000037120	4.7863046408E-10	12.000	32.800
6/9/2022	12:18 AM	0.1194368500	41.700	68.000	70.000	0.0000020000	0.0000157966	7.0912932382E-9	0.0000037310	8.2540150734E-10	12.000	32.900
6/9/2022	12:19 AM	0.1244657700	41.700	68.000	70.000	0.0000020000	0.0000157728	3.4870116532E-9	0.0000037109	2.9154759474E-10	12.000	32.900
6/9/2022	12:19 AM	0.1294946900	41.700	68.000	70.000	0.0000020000	0.0000157821	8.2713630545E-9	0.0000037367	1.0091825995E-9	12.000	32.900
6/9/2022	12:20 AM	0.1345236100	41.700	68.000	70.000	0.0000020000	0.0000157644	8.6223840705E-9	0.0000037031	7.8366965395E-10	12.000	32.900
6/9/2022	12:20 AM	0.1395525300	41.700	68.000	70.000	0.0000020000	0.0000157914	4.8688531040E-9	0.0000037265	5.7716018834E-10	12.000	32.900
6/9/2022	12:21 AM	0.1445814500	41.700	68.000	70.000	0.0000020000	0.0000157939	5.7133389400E-9	0.0000037120	4.0000000000E-10	12.000	32.900
6/9/2022	12:22 AM	0.1496103700	41.700	68.000	70.000	0.0000020000	0.0000157989	6.7173520163E-9	0.0000037122	6.2179480778E-10	12.000	32.900
6/9/2022	12:23 AM	0.1546392900	41.700	68.000	70.000	0.0000020000	0.0000157874	9.1876189538E-9	0.0000037256	7.5192024052E-10	12.000	32.900
6/9/2022	12:23 AM	0.1596682100	41.700	68.000	70.000	0.0000020000	0.0000157879	7.8824339109E-9	0.0000037061	7.9842630675E-10	12.000	32.900
6/9/2022	12:24 AM	0.1646971300	41.700	68.000	70.000	0.0000020000	0.0000157842	5.8729290010E-9	0.0000036974	1.7425828080E-9	12.000	32.900
6/9/2022	12:24 AM	0.1697260500	41.700	68.000	70.000	0.0000020000	0.0000157859	8.0169723772E-9	0.0000037279	3.0955735648E-10	12.000	32.900
6/9/2022	12:25 AM	0.1747549700	41.700	68.000	70.000	0.0000020000	0.0000157963	5.7242136815E-9	0.0000037265	1.0725725623E-9	12.000	32.900
6/9/2022	12:26 AM	0.1797838900	41.700	68.000	70.000	0.0000020000	0.0000157943	7.1572995172E-9	0.0000037128	4.7602787773E-10	12.000	32.900
6/9/2022	12:26 AM	0.1848128100	41.700	68.000	70.000	0.0000020000	0.0000157803	5.6602961314E-9	0.0000037023	1.2287162021E-9	12.000	32.900
6/9/2022	12:27 AM	0.1898417300	41.700	68.000	69.999	0.0000020000	0.0000158123	4.3652353220E-9	0.0000037141	8.3006407546E-10	12.000	32.900
6/9/2022	12:28 AM	0.1948706500	41.700	68.000	70.000	0.0000020000	0.0000157955	5.5919710185E-9	0.0000036609	4.7287147244E-9	12.000	32.900
6/9/2022	12:28 AM	0.1998995700	41.700	68.000	70.000	0.0000020000	0.0000157864	4.1813270263E-9	0.0000037085	1.0525282490E-9	12.000	32.900
6/9/2022	12:29 AM	0.2049284900	41.700	68.000	70.000	0.0000020000	0.0000158129	7.7150704341E-9	0.0000037102	1.0677078252E-9	12.000	32.900
6/9/2022	12:30 AM	0.2099574100	41.700	68.000	70.000	0.0000020000	0.0000157980	7.1000666073E-9	0.0000037178	9.3186001849E-10	12.000	32.900
6/9/2022	12:30 AM	0.2149863300	41.700	68.000	70.000	0.0000020000	0.0000157928	7.0765466220E-9	0.0000037219	7.3851648071E-10	12.000	32.900
6/9/2022	12:31 AM	0.2200152500	41.700	68.000	70.000	0.0000020000	0.0000157994	1.0129730397E-8	0.0000037257	6.3385391260E-10	12.000	32.900
6/9/2022	12:32 AM	0.2250441700	41.700	68.000	70.000	0.0000020000	0.0000157916	8.0893208864E-9	0.0000036939	1.4781745499E-9	12.000	32.900
6/9/2022	12:32 AM	0.2300730900	41.700	68.000	69.999	0.0000020000	0.0000157890	7.9588839031E-9	0.0000036830	2.9396078054E-9	12.000	32.900
6/9/2022	12:33 AM	0.2351020100	41.700	68.000	70.000	0.0000020000	0.0000158080	9.7978238993E-9	0.0000037210	2.8708286934E-10	12.000	32.900
6/9/2022	12:34 AM	0.2401309300	41.700	68.000	70.000	0.0000020000	0.0000157888	7.5662668077E-9	0.0000037221	5.6368092477E-10	12.000	32.900
6/9/2022	12:34 AM	0.2451598500	41.700	68.000	70.000	0.0000020000	0.0000157903	6.1680205592E-9	0.0000037102	1.0723703933E-9	12.000	32.900
6/9/2022	12:35 AM	0.2501887700	41.700	68.000	70.000	0.0000020000	0.0000157940	7.4514411684E-9	0.0000037090	6.6368092477E-10	12.000	32.900
6/9/2022	12:36 AM	0.2451598500	41.700	68.000	70.000	0.0000020000	0.0000158108	7.9304937379E-9	0.0000037301	1.0918007434E-9	12.000	32.900
6/9/2022	12:36 AM	0.2401309300	41.700	68.000	70.000	0.0000020000	0.0000157943	7.6493547731E-9	0.0000037255	1.2322919809E-9	12.000	32.900
6/9/2022	12:37 AM	0.2351020100	41.700	68.000	70.000	0.0000020000	0.0000158045	5.0995235359E-9	0.0000037064	5.5259075049E-10	12.000	32.900
6/9/2022	12:38 AM	0.2300730900	41.700	68.000	70.000	0.0000020000	0.0000157847	5.2442710649E-9	0.0000037204	7.8366965395E-10	12.000	32.900
6/9/2022	12:38 AM	0.2250441700	41.700	68.000	70.000	0.0000020000	0.0000157870	4.7419540952E-9	0.0000037261	7.5862926449E-10	12.000	32.900
6/9/2022	12:39 AM	0.2200152500	41.700	68.000	70.001	0.0000020000	0.0000158043	6.6296752113E-9	0.0000037109	4.4203384502E-10	12.000	32.900
6/9/2022	12:40 AM	0.2149863300	41.700	68.000	70.001	0.0000020000	0.0000157916	7.3095007633E-9	0.0000037160	1.8831831467E-9	12.000	32.800
6/9/2022	12:40 AM	0.2099574100	41.700	68.000	70.000	0.0000020000	0.0000157993	6.2877500081E-9	0.0000037230	6.6099096785E-10	12.000	32.900
6/9/2022	12:41 AM	0.2049284900	41.700	68.000	70.000	0.0000020000	0.0000157897	7.6172101073E-9	0.0000037167	4.1306485869E-10	12.000	32.900
6/9/2022	12:42 AM	0.1998995700	41.700	68.000	70.000	0.0000020000	0.0000157941	8.5821205787E-9	0.0000037201	8.6163530729E-10	12.000	32.800
6/9/2022	12:42 AM	0.1948706500	41.700	68.000	70.000	0.0000020000	0.0000157890	3.3707152448E-9	0.0000037072	6.5632839974E-10	12.000	32.900
6/9/2022	12:43 AM	0.1898417300	41.700	68.000	70.000	0.0000020000	0.0000158030	2.9592407234E-9	0.0000037140	7.2166385809E-10	12.000	32.900
6/9/2022	12:44 AM	0.1848128100	41.700	68.000	70.000	0.0000020000	0.0000158158	8.3322034733E-9	0.0000037164	1.0091825995E-9	12.000	32.900
6/9/2022	12:44 AM	0.1797838900	41.700	68.000	70.000	0.0000020000	0.0000157762	8.2615520398E-9	0.0000037296	4.8476798574E-10	12.000	32.900
6/9/2022	12:45 AM	0.1747549700	41.700	68.000	70.000	0.0000020000	0.0000157961	7.1741165349E-9	0.0000037253	1.0759023111E-9	12.000	32.900
6/9/2022	12:45 AM	0.1697260500	41.700	68.000	70.000	0.0000020000	0.0000157993	6.3541178366E-9	0.0000037032	7.2166385809E-10	12.000	32.900
6/9/2022	12:46 AM	0.1646971300	41.700	68.000	70.000	0.0000020000	0.0000157916	8.5670806303E-9	0.0000037138	4.7602787773E-10	12.000	32.900
6/9/2022	12:47 AM	0.1596682100	41.700	68.000	70.001	0.0000020000	0.0000157922	8.5117552498E-9	0.0000036969	3.1101879074E-9	12.000	32.900
6/9/2022	12:47 AM	0.1546392900	0.900	68.000	70.000	0.0000020000	0.0000158024	6.6180196040E-9	0.0000036997	7.2166385809E-10	12.000	32.900
6/9/2022	12:48 AM	0.1496103700	41.700	68.000	70.000	0.0000020000	0.0000157824	6.3242947537E-9	0.0000037130	9.3186001849E-10	12.000	32.900
6/9/2022	12:49 AM	0.1445814500	41.700	68.000	70.000	0.0000020000	0.0000157860	8.4465990444E-9	0.0000037200	2.4494897428E-10	12.000	32.900
6/9/2022	12:49 AM	0.1395525300	41.700	68.000	69.999	0.0000020000	0.0000157976	8.6440099413E-9	0.0000037217	5.5259075049E-10	12.000	32.900
6/9/2022	12:50 AM	0.1345236100	41.700	68.000	70.000	0.0000020000	0.0000157804	8.2391090292E-9	0.0000037228	3.0955735648E-10	12.000	32.900
6/9/2022	12:51 AM	0.1294946900	41.700	68.000	70.000	0.0000020000	0.0000157854	8.8924054874E-9	0.0000037217	4.1402208188E-10	12.000	32.900
6/9/2022	12:51 AM	0.1244657700	41.700	68.000	70.000	0.0000020000	0.0000157758	8.5686722964E-9	0.0000037145	5.3011626335E-10	12.000	32.900
6/9/2022	12:52 AM	0.1194368500	41.700	68.000	70.000	0.0000020000	0.0000157875	4.6516771786E-9	0.0000037166	1.1039933485E-9	12.000	32.900
6/9/2022	12:53 AM	0.1144079300	41.700	68.000	70.000	0.0000020000	0.0000157846	6.0907277407E-9	0.0000037357	1.1712833353E-9	12.000	32.900
6/9/2022	12:53 AM	0.1093790100	41.700	68.000	70.001	0.0000020000	0.0000157885	6.1645352288E-9	0.0000037172	1.0465143440E-9	12.000	32.900
6/9/2022	12:54 AM	0.1056073200	41.700	68.000	70.000	0.0000020000	0.0000157848	6.5108244566E-9	0.0000036920	1.7155494421E-9	12.000	32.900
6/9/2022	12:54 AM	0.1005784000	41.700	68.000	70.000	0.0000020000	0.0000157951	4.7017443969E-9	0.0000037185	1.0918007434E-9	12.000	32.900
6/9/2022	12:55 AM	0.0955494800	41.700	68.000	70.000	0.0000020000	0.0000157871	4.9734077433E-9	0.0000036988	1.3124152536E-9	12.000	32.900
6/9/2022	12:56 AM	0.0905205600	41.700	68.000	70.000	0.0000020000	0.0000157987	5.4234739932E-9	0.0000037049	1.2652401305E-9	12.000	32.900
6/9/2022	12:56 AM	0.0854916400	41.700	68.000	70.000	0.0000020000	0.0000158007	6.5373883978E-9	0.0000037216	4.9664022582E-10	12.000	32.900
6/9/2022	12:57 AM	0.0804627200	41.700	68.000	69.999	0.0000020000	0.0000157814	1.0393234209E-8	0.0000037322	6.6332495807E-10	12.000	32.900
6/9/2022	12:58 AM	0.0754338000	41.700	68.000	70.000	0.0000020000	0.0000158037	8.3206469149E-9	0.0000037122	2.5495097568E-10	12.000	32.900
6/9/2022	12:58 AM	0.0704048800	41.700	68.000	70.000	0.0000020000	0.0000157935	4.2411150641E-9	0.0000037113	5.5355339059E-10	12.000	32.900
6/9/2022	12:59 AM	0.0653759600	41.700	68.000	70.000	0.0000020000	0.0000157737	5.9507413728E-9	0.0000037161	3.0955735648E-10	12.000	32.900
6/9/2022	1:00 AM	0.0603470400	41.700	68.000	70.000	0.0000020000	0.0000158094	9.0622310697E-9	0.0000037090	1.1281500598E-9	12.000	32.900
6/9/2022	1:00 AM	0.0553181200	41.700	68.000	70.000	0.0000020000	0.0000157966	7.9039816930E-9	0.0000036898	1.3947704186E-9	12.000	32.800
6/9/2022	1:01 AM	0.0502892000	41.700	68.000	70.000	0.0000020000	0.0000157929	9.2052864862E-9	0.0000037083	1.0091825995E-9	12.000	32.900
6/9/2022	1:02 AM	0.0452602800	41.700	68.000	70.000	0.0000020000	0.0000158008	7.6238103239E-9	0.0000037040	6.1719913269E-10	12.000	32.900
6/9/2022	1:02 AM	0.0402313600	41.700	68.000	70.000	0.0000020000	0.0000157877	3.0649068784E-9	0.0000037177	3.0955735648E-10	12.000	32.900
6/9/2022	1:03 AM	0.0352024400	41.700	68.000	70.000	0.0000020000	0.0000157962	6.1730407664E-9	0.0000037242	6.9663036372E-10	12.000	32.900
6/9/2022	1:03 AM	0.0301735200	41.700	68.000	70.000	0.0000020000	0.0000157996	4.1398531723E-9	0.0000037175	3.2247448714E-10	12.000	32.900
6/9/2022	1:04 AM	0.0251446000	41.700	68.000	70.000	0.0000020000	0.0000157979	4.7295956647E-9	0.0000037055	3.2944547501E-9	12.000	32.900
6/9/2022	1:05 AM	0.0201156800	41.700	68.000	70.000	0.0000020000	0.0000158095	5.9084051319E-9	0.0000037293	1.0704286871E-9	12.000	32.900
6/9/2022	1:05 AM	0.0150867600	41.700	68.000	70.000	0.0000020000	0.0000158070	6.0179142467E-9	0.0000037116	1.1258305576E-9	12.000	32.900
6/9/2022	1:06 AM	0.0100578400	41.700	68.000	69.999	0.0000020000	0.0000157867	8.7017346285E-9	0.0000037217	6.8728772252E-10	12.000	32.900
6/9/2022	1:07 AM	0.0050289200	41.700	68.000	70.000	0.0000020000	0.0000158002	5.5789692116E-9	0.0000037214	7.6588924377E-10	12.000	32.900
6/9/2022	1:07 AM	-0.0000000000	41.700	68.000	70.000	0.0000020000	0.0000158005	6.5248887201E-9	0.0000037268	5.3011626335E-10	12.000	32.900
6/9/2022	1:08 AM	-0.0050289200	41.700	68.000	70.000	0.0000020000	0.0000157977	7.1975077383E-9	0.0000037138	3.7416573868E-10	12.000	32.900
6/9/2022	1:09 AM	-0.0100578400	41.700	68.000	70.000	0.0000020000	0.0000158058	5.2472820236E-9	0.0000037084	6.4510098534E-10	12.000	32.900
6/9/2022	1:09 AM	-0.0150867600	41.700	68.000	70.000	0.0000020000	0.0000157838	7.4855429271E-9	0.0000037254	7.4295816944E-10	11.900	32.900
6/9/2022	1:10 AM	-0.0201156800	41.700	68.000	69.999	0.0000020000	0.0000157903	5.2360048917E-9	0.0000037261	6.3011626335E-10	12.000	32.900
6/9/2022	1:11 AM	-0.0251446000	41.700	68.000	70.000	0.0000020000	0.0000158022	4.7300339762E-9	0.0000037135	2.4494897428E-10	12.000	32.900
6/9/2022	1:11 AM	-0.0301735200	41.700	68.000	70.000	0.0000020000	0.0000157855	4.6416267495E-9	0.0000037178	4.6368092477E-10	11.900	32.900
6/9/2022	1:12 AM	-0.0352024400	41.700	68.000	70.000	0.0000020000	0.0000157828	5.5057832992E-9	0.0000037032	8.2048368230E-10	11.900	32.900
6/9/2022	1:13 AM	-0.0402313600	41.700	68.000	70.000	0.0000020000	0.0000157928	5.4405950693E-9	0.0000037323	9.0593994213E-10	12.000	32.900
6/9/2022	1:13 AM	-0.0452602800	41.700	68.000	70.000	0.0000020000	0.0000157927	8.0251189805E-9	0.0000037149	1.0000000000E-10	12.000	32.900
6/9/2022	1:14 AM	-0.0502892000	42.200	68.000	70.000	0.0000020000	0.0000157994	4.6391342999E-9	0.0000037110	5.5450633076E-10	12.000	32.900
6/9/2022	1:15 AM	-0.0553181200	42.200	68.000	70.000	0.0000020000	0.0000157899	8.1259255035E-9	0.0000037230	2.0000000000E-10	12.000	32.900
6/9/2022	1:15 AM	-0.0603470400	42.200	68.000	70.000	0.0000020000	0.0000157961	6.5138873495E-9	0.0000037210	7.2093678194E-10	12.000	32.900
6/9/2022	1:16 AM	-0.0653759600	42.200	68.000	70.000	0.0000020000	0.0000158062	8.4468176306E-9	0.0000037190	4.9664022582E-10	12.000	32.800
6/9/2022	1:16 AM	-0.0704048800	42.200	68.000	70.000	0.0000020000	0.0000158043	5.2291486405E-9	0.0000036951	1.7507574019E-9	12.000	32.900
6/9/2022	1:17 AM	-0.0754338000	42.200	68.000	70.000	0.0000020000	0.0000157852	3.1862329272E-9	0.0000037043	1.2216013566E-9	12.000	32.900
6/9/2022	1:18 AM	-0.0804627200	42.200	68.000	70.000	0.0000020000	0.0000157912	8.5970901165E-9	0.0000037203	6.5076379411E-10	12.000	32.900
6/9/2022	1:18 AM	-0.0854916400	42.200	68.000	70.000	0.0000020000	0.0000158139	7.0942195331E-9	0.0000037005	1.0112939289E-9	12.000	32.900
6/9/2022	1:19 AM	-0.0905205600	42.200	68.000	70.000	0.0000020000	0.0000157945	4.7520454582E-9	0.0000037172	4.1402208188E-10	12.000	32.900
6/9/2022	1:20 AM	-0.0955494800	42.200	68.000	70.000	0.0000020000	0.0000157732	4.5719202308E-9	0.0000037244	3.0955735648E-10	12.000	32.900
6/9/2022	1:20 AM	-0.1005784000	42.200	68.000	70.000	0.0000020000	0.0000157991	4.9768010243E-9	0.0000037291	7.6278691088E-10	12.000	32.900
6/9/2022	1:21 AM	-0.1056073200	42.200	68.000	70.000	0.0000020000	0.0000157958	8.7265360413E-9	0.0000037008	7.7631558048E-10	12.000	32.900
6/9/2022	1:22 AM	-0.1093790100	42.200	68.000	70.000	0.0000020000	0.0000157775	9.7206874586E-9	0.0000037307	6.8506723903E-10	12.000	32.900
6/9/2022	1:22 AM	-0.1144079300	42.200	68.000	70.000	0.0000020000	0.0000157996	8.6372320677E-9	0.0000037361	1.3007301942E-9	12.000	32.900
6/9/2022	1:23 AM	-0.1194368500	42.200	68.000	70.000	0.0000020000	0.0000157984	1.0550508642E-8	0.0000037176	8.8190908485E-10	12.000	32.900
6/9/2022	1:24 AM	-0.1244657700	42.200	68.000	70.000	0.0000020000	0.0000157972	4.7172776381E-9	0.0000037243	6.9256219969E-10	12.000	32.900
6/9/2022	1:24 AM	-0.1294946900	0.900	68.000	70.000	0.0000020000	0.0000157945	4.0677356872E-9	0.0000037119	7.5746071035E-10	12.000	32.900
6/9/2022	1:25 AM	-0.1345236100	42.200	68.000	70.000	0.0000020000	0.0000157974	5.9730539026E-9	0.0000037315	5.7008771255E-10	11.900	32.900
6/9/2022	1:25 AM	-0.1395525300	42.200	68.000	70.000	0.0000020000	0.0000157877	5.7576304448E-9	0.0000037276	6.3851648071E-10	12.000	32.900
6/9/2022	1:26 AM	-0.1445814500	42.200	68.000	70.000	0.0000020000	0.0000158130	7.4744662626E-9	0.0000037257	9.0801965128E-10	12.000	32.900
6/9/2022	1:27 AM	-0.1496103700	42.200	68.000	70.001	0.0000020000	0.0000157848	5.7873758490E-9	0.0000037199	4.6159098630E-10	11.900	32.900
6/9/2022	1:27 AM	-0.1546392900	42.200	68.000	70.000	0.0000020000	0.0000157829	6.7675316225E-9	0.0000037249	1.0091825995E-9	12.000	32.800
6/9/2022	1:28 AM	-0.1596682100	42.200	68.000	70.001	0.0000020000	0.0000157895	7.4474630099E-9	0.0000037217	1.2247448714E-10	12.000	32.900
6/9/2022	1:29 AM	-0.1646971300	42.200	68.000	70.000	0.0000020000	0.0000157941	3.4607419684E-9	0.0000037167	6.9663036372E-10	12.000	32.900
6/9/2022	1:30 AM	-0.1697260500	42.200	68.000	70.000	0.0000020000	0.0000158048	5.8862665559E-9	0.0000037150	2.8708286934E-10	11.900	32.900
6/9/2022	1:30 AM	-0.1747549700	42.200	68.000	70.000	0.0000020000	0.0000158021	8.1053380418E-9	0.0000037201	2.5811388301E-10	11.900	32.900
6/9/2022	1:31 AM	-0.1797838900	42.200	68.000	69.999	0.0000020000	0.0000157958	5.5106868978E-9	0.0000036718	5.2974821637E-9	11.900	32.900
6/9/2022	1:32 AM	-0.1848128100	42.200	68.000	70.000	0.0000020000	0.0000158064	8.9182590746E-9	0.0000030415	1.5652475842E-9	12.000	32.900
6/9/2022	1:32 AM	-0.1898417300	42.200	68.000	70.000	0.0000020000	0.0000157931	1.0049631655E-8	0.0000030413	7.5166481892E-10	11.900	32.900
6/9/2022	1:33 AM	-0.1948706500	42.200	68.000	70.000	0.0000020000	0.0000158033	7.1479045822E-9	0.0000030604	1.5159767288E-9	12.000	32.900
6/9/2022	1:34 AM	-0.1998995700	42.200	68.000	70.001	0.0000020000	0.0000157976	4.4147942784E-9	0.0000030512	2.8708286934E-10	12.000	32.800
6/9/2022	1:34 AM	-0.2049284900	42.200	68.000	70.000	0.0000020000	0.0000157961	3.5213463299E-9	0.0000030413	2.8708286934E-10	11.900	32.900
6/9/2022	1:35 AM	-0.2099574100	42.200	68.000	70.000	0.0000020000	0.0000157944	8.4955947062E-9	0.0000030287	2.3360688493E-9	11.900	32.900
6/9/2022	1:36 AM	-0.2149863300	42.200	68.000	70.000	0.0000020000	0.0000157958	9.3658422005E-9	0.0000030583	7.2559935005E-10	11.900	32.900
6/9/2022	1:36 AM	-0.2200152500	42.200	68.000	70.000	0.0000020000	0.0000157900	7.3069496711E-9	0.0000030630	9.1763500472E-10	11.900	32.900
6/9/2022	1:37 AM	-0.2250441700	42.200	68.000	70.000	0.0000020000	0.0000157988	5.5860498977E-9	0.0000030609	1.0841646071E-9	11.900	32.900
6/9/2022	1:37 AM	-0.2300730900	42.200	68.000	70.000	0.0000020000	0.0000158137	8.0152400166E-9	0.0000030533	2.2247448714E-10	12.000	32.900
6/9/2022	1:38 AM	-0.2351020100	42.200	68.000	70.000	0.0000020000	0.0000158032	9.1732762434E-9	0.0000030530	2.8708286934E-10	11.900	32.800
6/9/2022	1:39 AM	-0.2401309300	42.200	68.000	70.000	0.0000020000	0.0000157772	5.5158956843E-9	0.0000030564	8.1763500472E-10	11.900	32.900
6/9/2022	1:39 AM	-0.2451598500	42.200	68.000	70.000	0.0000020000	0.0000157799	4.6031823095E-9	0.0000030382	7.1763500472E-10	11.900	32.900
