! User Name:	Aditya 
! Sample Name:	FGT_CPS_Device 2_PF P1T_100m_
! Sample ID:	FGT/CrPS4
! Date:	5/28/2022	Time:	8:58 PM
! Current Source:	Keithley 224 Current Source
! Voltmeter V1:	Keithley 182 Degital voltmeter
! Voltmeter V2:	Keithley 2182A  NanoVoltmeter
! V1 (volts):	Rxx Device 1
! V2 (volts):	Rxy Device 1
! Max Field (Tesla):0.000000	! Data points (0_maxT:75.000000	! Average Number:5.000000	
! Comments:	FGT/CrPS4 device was made in glove using flaking and dry transfering of flakes. 
! 
! 
! 
! 
Data	Time	Magnetic Field (T)	Helium Level (%)	VTI Temperature (K)	Sample Temparture (K)	Current (A) 	Voltage-1(V)	Std. of V1	Voltage-2 (V)	Std. of V2	VTI  Heater Power (%)	Sample Heater Power (%)
5/28/2022	9:00 PM	0.3004779700	52.000	52.780	54.994	0.0000010000	-0.0000122546	8.0443306079E-9	0.0000269418	5.4649857042E-10	6.700	27.800
5/28/2022	9:01 PM	0.2954490500	100.100	68.000	70.000	0.0000010000	-0.0000122449	9.0334980877E-9	0.0000269060	2.6802437681E-9	14.500	34.500
5/28/2022	9:02 PM	0.2904201300	100.100	68.000	70.000	0.0000010000	-0.0000122467	5.1200882444E-9	0.0000269160	8.4833147735E-10	14.500	34.400
5/28/2022	9:02 PM	0.2853912100	100.100	68.000	70.000	0.0000010000	-0.0000122447	7.2142381479E-9	0.0000269062	2.5355427630E-9	14.500	34.400
5/28/2022	9:03 PM	0.2803622900	100.100	68.000	70.000	0.0000010000	-0.0000122494	4.0430030940E-9	0.0000269151	1.2074720840E-9	14.500	34.400
5/28/2022	9:03 PM	0.2753333700	100.100	68.000	70.000	0.0000010000	-0.0000122665	6.3893784090E-9	0.0000269093	2.4801097075E-9	14.500	34.400
5/28/2022	9:04 PM	0.2703044500	100.100	68.000	70.000	0.0000010000	-0.0000122549	3.7516146056E-9	0.0000269110	1.8200139948E-9	14.500	34.400
5/28/2022	9:05 PM	0.2652755300	100.200	68.000	70.000	0.0000010000	-0.0000122566	3.2979094672E-9	0.0000269049	2.8582235453E-9	14.500	34.400
5/28/2022	9:05 PM	0.2602466100	100.200	68.000	70.000	0.0000010000	-0.0000122539	4.0280731042E-9	0.0000269156	1.5108320987E-9	14.500	34.400
5/28/2022	9:06 PM	0.2552176900	100.200	68.000	70.001	0.0000010000	-0.0000122462	4.5928241349E-9	0.0000269153	5.3851648071E-10	14.500	34.400
5/28/2022	9:07 PM	0.2501887700	100.200	68.000	70.000	0.0000010000	-0.0000122694	3.9872874203E-9	0.0000268961	3.0722721342E-9	14.500	34.400
5/28/2022	9:07 PM	0.2451598500	100.200	68.000	70.000	0.0000010000	-0.0000122603	1.0349692590E-8	0.0000269526	4.1402208188E-10	14.500	34.400
5/28/2022	9:08 PM	0.2401309300	100.200	68.000	70.000	0.0000010000	-0.0000122629	6.6211296657E-9	0.0000269331	8.5893372442E-10	14.500	34.400
5/28/2022	9:09 PM	0.2351020100	100.200	68.000	70.000	0.0000010000	-0.0000122594	6.2310176579E-9	0.0000269198	1.3774645269E-9	14.500	34.400
5/28/2022	9:09 PM	0.2300730900	100.200	68.000	70.000	0.0000010000	-0.0000122700	4.0892967367E-9	0.0000269208	1.8369085302E-9	14.500	34.400
5/28/2022	9:10 PM	0.2250441700	100.200	68.000	69.999	0.0000010000	-0.0000122520	6.5933044837E-9	0.0000269313	4.7863046408E-10	14.500	34.400
5/28/2022	9:10 PM	0.2200152500	100.200	68.000	70.000	0.0000010000	-0.0000122451	5.3611148231E-9	0.0000268819	5.4502410729E-9	14.500	34.400
5/28/2022	9:11 PM	0.2149863300	100.200	68.000	70.000	0.0000010000	-0.0000122552	7.7970044067E-9	0.0000269318	3.5495097568E-10	14.500	34.400
5/28/2022	9:12 PM	0.2099574100	100.200	68.000	70.000	0.0000010000	-0.0000122546	6.6084944497E-9	0.0000269134	1.1905713948E-9	14.500	34.400
5/28/2022	9:13 PM	0.2049284900	100.200	68.000	70.000	0.0000010000	-0.0000122448	8.1942689508E-9	0.0000269320	1.2415627675E-9	14.500	34.400
5/28/2022	9:13 PM	0.1998995700	100.200	68.000	70.000	0.0000010000	-0.0000122466	4.8776265945E-9	0.0000269263	1.1082951062E-9	14.500	34.400
5/28/2022	9:14 PM	0.1948706500	100.200	68.000	70.000	0.0000010000	-0.0000122485	4.5657858879E-9	0.0000269098	3.4370439892E-9	14.500	34.400
5/28/2022	9:15 PM	0.1898417300	100.200	68.000	70.000	0.0000010000	-0.0000122517	4.3349723511E-9	0.0000269360	9.2247448714E-10	14.500	34.400
5/28/2022	9:15 PM	0.1848128100	100.200	68.000	70.000	0.0000010000	-0.0000122466	5.4209853019E-9	0.0000269150	2.8535678877E-9	14.500	34.400
5/28/2022	9:16 PM	0.1797838900	100.200	68.000	70.000	0.0000010000	-0.0000122447	6.6707387988E-9	0.0000269541	1.4618962600E-9	14.500	34.400
5/28/2022	9:17 PM	0.1747549700	100.200	68.000	70.000	0.0000010000	-0.0000122519	6.3952188791E-9	0.0000268884	5.0375985848E-9	14.500	34.400
5/28/2022	9:17 PM	0.1697260500	100.200	68.000	69.999	0.0000010000	-0.0000122469	8.5983922184E-9	0.0000269370	7.7631558048E-10	14.500	34.400
5/28/2022	9:18 PM	0.1646971300	100.200	68.000	70.000	0.0000010000	-0.0000122410	4.4798406722E-9	0.0000269424	1.1422783899E-9	14.500	34.400
5/28/2022	9:19 PM	0.1596682100	100.200	68.000	70.000	0.0000010000	-0.0000122457	7.1534694909E-9	0.0000269236	1.4148217476E-9	14.500	34.400
5/28/2022	9:19 PM	0.1546392900	100.200	68.000	70.000	0.0000010000	-0.0000122479	5.9570391480E-9	0.0000269206	1.7577010297E-9	14.500	34.400
5/28/2022	9:20 PM	0.1496103700	100.200	68.000	70.000	0.0000010000	-0.0000122432	5.7975578953E-9	0.0000269681	2.0320313136E-8	14.500	34.400
5/28/2022	9:20 PM	0.1445814500	100.200	68.000	70.000	0.0000010000	-0.0000122573	4.8623638064E-9	0.0000269677	1.8497930720E-9	14.500	34.400
5/28/2022	9:21 PM	0.1395525300	100.200	68.000	70.000	0.0000010000	-0.0000122586	2.7882105644E-9	0.0000269344	1.6195069567E-9	14.500	34.400
5/28/2022	9:22 PM	0.1345236100	100.200	68.000	70.000	0.0000010000	-0.0000122505	4.9459282506E-9	0.0000269379	9.9865437593E-10	14.500	34.400
5/28/2022	9:22 PM	0.1294946900	100.200	68.000	70.000	0.0000010000	-0.0000122459	7.9545317359E-9	0.0000269059	5.9705576573E-9	14.500	34.400
5/28/2022	9:23 PM	0.1244657700	100.200	68.000	70.001	0.0000010000	-0.0000122503	4.7084186312E-9	0.0000269495	2.8708286934E-10	14.500	34.400
5/28/2022	9:24 PM	0.1194368500	100.200	68.000	70.000	0.0000010000	-0.0000122435	5.7098040816E-9	0.0000269129	2.5567345809E-9	14.500	34.400
5/28/2022	9:25 PM	0.1144079300	100.200	68.000	69.999	0.0000010000	-0.0000122626	7.9655715137E-9	0.0000268987	4.7817360864E-9	14.400	34.400
5/28/2022	9:25 PM	0.1093790100	100.200	68.000	70.000	0.0000010000	-0.0000122431	4.1090557210E-9	0.0000269412	1.7971145480E-9	14.400	34.400
5/28/2022	9:26 PM	0.1043500900	100.200	68.000	70.000	0.0000010000	-0.0000122465	8.2114022469E-9	0.0000269384	8.0000000000E-10	14.500	34.400
5/28/2022	9:27 PM	0.0993211700	100.200	68.000	70.000	0.0000010000	-0.0000122489	4.6981529705E-9	0.0000269252	2.6908989114E-9	14.500	34.400
5/28/2022	9:27 PM	0.0942922500	100.200	68.000	70.001	0.0000010000	-0.0000122459	5.7000125274E-9	0.0000269494	1.0953779756E-9	14.500	34.400
5/28/2022	9:28 PM	0.0892633300	100.200	68.000	70.000	0.0000010000	-0.0000122529	6.9081454028E-9	0.0000269415	1.0549509757E-9	14.400	34.400
5/28/2022	9:28 PM	0.0842344100	100.200	68.000	70.000	0.0000010000	-0.0000122467	7.4380159356E-9	0.0000269561	4.4966147775E-10	14.500	34.400
5/28/2022	9:29 PM	0.0792054900	100.200	68.000	70.000	0.0000010000	-0.0000122480	7.3582247625E-9	0.0000269133	3.0132154710E-9	14.400	34.400
5/28/2022	9:30 PM	0.0741765700	100.200	68.000	70.000	0.0000010000	-0.0000122454	4.3047420804E-9	0.0000269447	8.9641941386E-10	14.400	34.400
5/28/2022	9:30 PM	0.0691476500	100.200	68.000	70.000	0.0000010000	-0.0000122571	6.3505319780E-9	0.0000269253	2.5301003904E-9	14.400	34.400
5/28/2022	9:31 PM	0.0641187300	100.200	68.000	70.001	0.0000010000	-0.0000122613	5.2807076222E-9	0.0000269580	1.8821148682E-9	14.400	34.400
5/28/2022	9:32 PM	0.0590898100	100.200	68.000	70.000	0.0000010000	-0.0000122446	3.9264090224E-9	0.0000268871	5.0967144882E-9	14.400	34.400
5/28/2022	9:32 PM	0.0540608900	100.200	68.000	70.000	0.0000010000	-0.0000122470	6.5309376421E-9	0.0000269398	1.2727840895E-9	14.400	34.400
5/28/2022	9:33 PM	0.0490319700	100.200	68.000	70.000	0.0000010000	-0.0000122538	4.1643245582E-9	0.0000269245	1.5505154259E-9	14.400	34.400
5/28/2022	9:34 PM	0.0440030500	100.200	68.000	70.000	0.0000010000	-0.0000122503	8.7139144174E-9	0.0000269518	4.4203384502E-10	14.400	34.400
5/28/2022	9:34 PM	0.0389741300	100.200	68.000	70.001	0.0000010000	-0.0000122566	6.9688899013E-9	0.0000269198	2.4583123952E-9	14.400	34.400
5/28/2022	9:35 PM	0.0339452100	100.200	68.000	70.000	0.0000010000	-0.0000122615	8.4948005991E-9	0.0000269286	1.5505374442E-9	14.400	34.400
5/28/2022	9:36 PM	0.0289162900	100.200	68.000	70.000	0.0000010000	-0.0000122480	4.5585900761E-9	0.0000269073	3.1764931814E-9	14.400	34.400
5/28/2022	9:36 PM	0.0238873700	100.200	68.000	70.000	0.0000010000	-0.0000122711	5.9417150467E-9	0.0000269507	1.2247448714E-10	14.400	34.400
5/28/2022	9:37 PM	0.0188584500	100.200	68.000	70.000	0.0000010000	-0.0000122562	4.4706665914E-9	0.0000269418	1.5972626075E-9	14.400	34.400
5/28/2022	9:38 PM	0.0138295300	100.200	68.000	69.999	0.0000010000	-0.0000122530	5.3652241223E-9	0.0000269435	3.5355339059E-10	14.400	34.400
5/28/2022	9:38 PM	0.0088006100	100.200	68.000	70.000	0.0000010000	-0.0000122531	7.2861788245E-9	0.0000269358	1.1551907063E-9	14.400	34.400
5/28/2022	9:39 PM	0.0037716900	100.200	68.000	70.000	0.0000010000	-0.0000122446	4.5627594086E-9	0.0000269489	8.3784666345E-10	14.400	34.400
5/28/2022	9:40 PM	-0.0012572300	100.200	68.000	70.000	0.0000010000	-0.0000122617	5.1516768356E-9	0.0000269497	7.4295816944E-10	14.400	34.400
5/28/2022	9:40 PM	-0.0062861500	100.200	68.000	70.001	0.0000010000	-0.0000122553	6.2467263633E-9	0.0000269072	3.4429866340E-9	14.400	34.400
5/28/2022	9:41 PM	-0.0113150700	100.200	68.000	70.000	0.0000010000	-0.0000122579	4.8377397793E-9	0.0000269347	1.3338539126E-9	14.400	34.400
5/28/2022	9:41 PM	-0.0163439900	100.200	68.000	70.000	0.0000010000	-0.0000122546	2.6448778757E-9	0.0000269232	2.4016659311E-9	14.400	34.400
5/28/2022	9:42 PM	-0.0213729100	0.900	68.000	69.999	0.0000010000	-0.0000122461	7.2470563780E-9	0.0000269198	1.8758107601E-9	14.400	34.400
5/28/2022	9:43 PM	-0.0264018300	100.200	68.000	70.001	0.0000010000	-0.0000122542	6.3335300836E-9	0.0000269006	2.1977247718E-9	14.400	34.400
5/28/2022	9:43 PM	-0.0314307500	100.200	68.000	70.000	0.0000010000	-0.0000122708	5.2841118186E-9	0.0000269340	7.9346745639E-10	14.400	34.400
5/28/2022	9:44 PM	-0.0364596700	100.200	68.000	69.999	0.0000010000	-0.0000122491	8.9968623655E-9	0.0000269493	1.3974547130E-9	14.400	34.400
5/28/2022	9:45 PM	-0.0414885900	100.200	68.000	70.000	0.0000010000	-0.0000122533	3.9647344456E-9	0.0000269364	1.7443057723E-9	14.400	34.400
5/28/2022	9:45 PM	-0.0465175100	100.200	68.000	70.000	0.0000010000	-0.0000122505	4.5722126143E-9	0.0000269025	3.5690148006E-9	14.400	34.400
5/28/2022	9:46 PM	-0.0515464300	100.200	68.000	70.000	0.0000010000	-0.0000122572	6.8025999030E-9	0.0000269584	3.0955735648E-10	14.400	34.400
5/28/2022	9:47 PM	-0.0565753500	100.200	68.000	70.000	0.0000010000	-0.0000122403	8.0721170104E-9	0.0000269224	2.5533039982E-9	14.400	34.400
5/28/2022	9:47 PM	-0.0616042700	100.200	68.000	70.001	0.0000010000	-0.0000122557	3.8543210888E-9	0.0000269381	6.6571333342E-10	14.400	34.400
5/28/2022	9:48 PM	-0.0666331900	100.200	68.000	70.000	0.0000010000	-0.0000122503	6.2610069120E-9	0.0000269259	3.1297810954E-9	14.400	34.400
5/28/2022	9:49 PM	-0.0716621100	100.200	68.000	70.000	0.0000010000	-0.0000122346	7.9248658395E-9	0.0000269314	1.3205073709E-9	14.400	34.400
5/28/2022	9:49 PM	-0.0766910300	100.200	68.000	70.000	0.0000010000	-0.0000122385	3.8158091563E-9	0.0000269329	2.0105952460E-9	14.400	34.400
5/28/2022	9:50 PM	-0.0817199500	100.200	68.000	70.000	0.0000010000	-0.0000122468	5.4587229418E-9	0.0000269491	1.3816378227E-9	14.400	34.400
5/28/2022	9:50 PM	-0.0867488700	100.200	68.000	70.000	0.0000010000	-0.0000122503	8.5708349202E-9	0.0000269237	1.0894284674E-9	14.400	34.400
5/28/2022	9:51 PM	-0.0917777900	100.200	68.000	70.000	0.0000010000	-0.0000122404	6.9840035007E-9	0.0000269486	1.2351468444E-9	14.400	34.400
5/28/2022	9:52 PM	-0.0968067100	100.200	68.000	70.000	0.0000010000	-0.0000122341	7.1034347801E-9	0.0000269296	1.9022364177E-9	14.400	34.400
5/28/2022	9:52 PM	-0.1018356300	100.200	68.000	70.000	0.0000010000	-0.0000122566	6.1034217078E-9	0.0000269436	9.4471840095E-10	14.400	34.400
5/28/2022	9:53 PM	-0.1068645500	100.200	68.000	69.999	0.0000010000	-0.0000122502	5.1717398216E-9	0.0000269189	2.6057557636E-9	14.400	34.400
5/28/2022	9:54 PM	-0.1118934700	100.200	68.000	70.000	0.0000010000	-0.0000122604	3.9455766465E-9	0.0000269295	1.4679596916E-9	14.400	34.400
5/28/2022	9:54 PM	-0.1169223900	100.200	68.000	70.000	0.0000010000	-0.0000122411	7.1895799168E-9	0.0000269129	3.3918235489E-9	14.400	34.400
5/28/2022	9:55 PM	-0.1219513100	100.200	68.000	70.000	0.0000010000	-0.0000122572	4.5894642278E-9	0.0000269445	6.0620192023E-10	14.400	34.400
5/28/2022	9:56 PM	-0.1269802300	100.200	68.000	70.000	0.0000010000	-0.0000122481	1.0837243648E-8	0.0000269592	5.0000000000E-10	14.400	34.400
5/28/2022	9:56 PM	-0.1320091500	100.200	68.000	70.000	0.0000010000	-0.0000122502	6.0617078837E-9	0.0000269323	1.7111204207E-9	14.400	34.400
5/28/2022	9:57 PM	-0.1370380700	100.200	68.000	70.001	0.0000010000	-0.0000122533	4.9084754380E-9	0.0000269434	1.1661903790E-9	14.400	34.400
5/28/2022	9:58 PM	-0.1420669900	100.200	68.000	70.000	0.0000010000	-0.0000122547	4.9069336228E-9	0.0000269013	4.2198850405E-9	14.400	34.400
5/28/2022	9:58 PM	-0.1470959100	100.200	68.000	70.000	0.0000010000	-0.0000122547	5.5102469004E-9	0.0000269204	1.7656507609E-9	14.400	34.400
5/28/2022	9:59 PM	-0.1521248300	100.200	68.000	70.001	0.0000010000	-0.0000122544	7.2190079284E-9	0.0000269484	9.7258598040E-10	14.400	34.400
5/28/2022	10:00 PM	-0.1571537500	100.200	68.000	70.000	0.0000010000	-0.0000122753	8.2339202026E-9	0.0000269561	2.4494897428E-10	14.400	34.400
5/28/2022	10:00 PM	-0.1621826700	100.200	68.000	69.999	0.0000010000	-0.0000122560	7.6600924957E-9	0.0000269106	3.3830494396E-9	14.400	34.400
5/28/2022	10:01 PM	-0.1672115900	100.200	68.000	69.999	0.0000010000	-0.0000122535	6.2937437758E-9	0.0000269442	1.0232844665E-9	14.400	34.400
5/28/2022	10:02 PM	-0.1722405100	100.200	68.000	70.000	0.0000010000	-0.0000122623	3.2302359041E-9	0.0000269243	3.3093365469E-9	14.400	34.400
5/28/2022	10:02 PM	-0.1772694300	100.200	68.000	70.000	0.0000010000	-0.0000122586	5.7132314109E-9	0.0000269376	1.3411197190E-9	14.400	34.300
5/28/2022	10:03 PM	-0.1822983500	100.200	68.000	70.000	0.0000010000	-0.0000122647	6.1519089278E-9	0.0000269146	2.0662878299E-9	14.400	34.400
5/28/2022	10:03 PM	-0.1873272700	100.200	68.000	70.000	0.0000010000	-0.0000122631	5.6051448788E-9	0.0000269204	1.7349351573E-9	14.400	34.400
5/28/2022	10:04 PM	-0.1923561900	100.200	68.000	70.001	0.0000010000	-0.0000122584	5.5384758180E-9	0.0000269240	1.3816378227E-9	14.400	34.400
5/28/2022	10:05 PM	-0.1973851100	100.100	68.000	70.000	0.0000010000	-0.0000122688	3.9141699822E-9	0.0000269159	1.5629187019E-9	14.400	34.400
5/28/2022	10:05 PM	-0.2024140300	100.100	68.000	70.000	0.0000010000	-0.0000122605	6.1151226727E-9	0.0000269272	1.7271551407E-9	14.400	34.400
5/28/2022	10:06 PM	-0.2074429500	100.100	68.000	69.999	0.0000010000	-0.0000122543	5.1291367270E-9	0.0000269281	1.5846481448E-9	14.400	34.400
5/28/2022	10:07 PM	-0.2124718700	100.100	68.000	70.000	0.0000010000	-0.0000122641	8.4398561230E-9	0.0000269154	1.8276472679E-9	14.400	34.400
5/28/2022	10:07 PM	-0.2175007900	100.100	68.000	70.000	0.0000010000	-0.0000133644	6.0857320974E-9	0.0000259478	1.4614737087E-9	14.400	34.400
5/28/2022	10:08 PM	-0.2225297100	100.100	68.000	70.000	0.0000010000	-0.0000133673	7.1948676965E-9	0.0000259339	1.8791574330E-9	14.400	34.400
5/28/2022	10:09 PM	-0.2275586300	100.100	68.000	70.000	0.0000010000	-0.0000133617	7.2064145867E-9	0.0000259309	1.9104195542E-9	14.400	34.400
5/28/2022	10:09 PM	-0.2325875500	100.100	68.000	70.000	0.0000010000	-0.0000133775	6.1502627226E-9	0.0000259524	1.0144781624E-9	14.400	34.400
5/28/2022	10:10 PM	-0.2376164700	100.100	68.000	70.001	0.0000010000	-0.0000133706	5.5008951146E-9	0.0000259108	2.8009340547E-9	14.400	34.400
5/28/2022	10:11 PM	-0.2426453900	100.100	68.000	70.000	0.0000010000	-0.0000133628	7.4532420091E-9	0.0000259627	6.0850436627E-10	14.400	34.400
5/28/2022	10:11 PM	-0.2476743100	100.100	68.000	70.000	0.0000010000	-0.0000133616	3.9650910649E-9	0.0000259305	2.7315836748E-9	14.400	34.400
5/28/2022	10:12 PM	-0.2527032300	100.100	68.000	70.000	0.0000010000	-0.0000133640	8.6381769001E-9	0.0000259455	9.7969771927E-10	14.400	34.300
5/28/2022	10:13 PM	-0.2577321500	100.100	68.000	70.000	0.0000010000	-0.0000133624	4.5756198778E-9	0.0000259293	2.5655319138E-9	14.300	34.400
5/28/2022	10:13 PM	-0.2627610700	100.100	68.000	70.000	0.0000010000	-0.0000133555	5.4010333081E-9	0.0000259580	3.1622776602E-10	14.400	34.400
5/28/2022	10:14 PM	-0.2677899900	100.100	68.000	70.000	0.0000010000	-0.0000133475	5.6816719668E-9	0.0000259513	1.1086041933E-9	14.300	34.400
5/28/2022	10:14 PM	-0.2728189100	100.100	68.000	70.000	0.0000010000	-0.0000133769	3.4628921643E-9	0.0000259437	1.5900719908E-9	14.300	34.400
5/28/2022	10:15 PM	-0.2778478300	100.100	68.000	70.000	0.0000010000	-0.0000133579	3.1447371685E-9	0.0000259191	3.2004952988E-9	14.300	34.400
5/28/2022	10:16 PM	-0.2828767500	100.100	68.000	70.000	0.0000010000	-0.0000133591	5.8364678904E-9	0.0000259585	2.4494897428E-10	14.300	34.400
5/28/2022	10:16 PM	-0.2879056700	100.100	68.000	70.000	0.0000010000	-0.0000133565	6.6676384064E-9	0.0000259290	2.5354281620E-9	14.400	34.400
5/28/2022	10:17 PM	-0.2929345900	100.100	68.000	70.000	0.0000010000	-0.0000133618	5.6163459809E-9	0.0000259433	4.1402208188E-10	14.300	34.400
5/28/2022	10:18 PM	-0.2979635100	100.100	68.000	70.000	0.0000010000	-0.0000133567	7.0263507590E-9	0.0000259506	3.2247448714E-10	14.300	34.400
5/28/2022	10:18 PM	-0.2979635100	100.100	68.000	70.000	0.0000010000	-0.0000133645	5.1575711390E-9	0.0000259263	1.9265537092E-9	14.300	34.400
5/28/2022	10:19 PM	-0.2929345900	100.100	68.000	70.000	0.0000010000	-0.0000133551	7.8305343289E-9	0.0000259763	2.0159389024E-9	14.300	34.400
5/28/2022	10:20 PM	-0.2879056700	100.100	68.000	70.000	0.0000010000	-0.0000133566	9.1551019205E-9	0.0000259616	7.6278691088E-10	14.300	34.400
5/28/2022	10:20 PM	-0.2828767500	100.100	68.000	70.000	0.0000010000	-0.0000133603	3.2574044570E-9	0.0000259344	2.3873775028E-9	14.300	34.400
5/28/2022	10:21 PM	-0.2778478300	100.100	68.000	70.000	0.0000010000	-0.0000133556	6.1682698398E-9	0.0000259303	1.6920745637E-9	14.300	34.400
5/28/2022	10:22 PM	-0.2728189100	100.100	68.000	70.000	0.0000010000	-0.0000133521	4.0815987899E-9	0.0000259398	2.2712596240E-9	14.300	34.400
5/28/2022	10:22 PM	-0.2677899900	100.100	68.000	70.000	0.0000010000	-0.0000133705	6.0961677574E-9	0.0000259548	6.8476798574E-10	14.300	34.400
5/28/2022	10:23 PM	-0.2627610700	100.100	68.000	70.000	0.0000010000	-0.0000133560	9.4293999660E-9	0.0000259273	2.0889274915E-8	14.300	34.300
5/28/2022	10:24 PM	-0.2577321500	100.100	68.000	70.000	0.0000010000	-0.0000133643	7.4418461315E-9	0.0000259351	1.2018414388E-9	14.300	34.300
5/28/2022	10:24 PM	-0.2527032300	100.100	68.000	70.000	0.0000010000	-0.0000133589	6.7097837957E-9	0.0000259511	6.5632839974E-10	14.300	34.400
5/28/2022	10:25 PM	-0.2476743100	100.100	68.000	70.000	0.0000010000	-0.0000133627	4.4256397209E-9	0.0000259499	1.5380084779E-9	14.300	34.400
5/28/2022	10:25 PM	-0.2426453900	100.100	68.000	70.000	0.0000010000	-0.0000133555	5.9749919818E-9	0.0000259212	2.9068869609E-9	14.300	34.400
5/28/2022	10:26 PM	-0.2376164700	100.100	68.000	70.000	0.0000010000	-0.0000133654	6.0847616778E-9	0.0000259493	1.5008793623E-9	14.300	34.300
5/28/2022	10:27 PM	-0.2325875500	100.100	68.000	70.000	0.0000010000	-0.0000133572	4.3428662254E-9	0.0000259154	4.1918898987E-9	14.300	34.400
5/28/2022	10:27 PM	-0.2275586300	100.100	68.000	70.000	0.0000010000	-0.0000133524	8.7171670768E-9	0.0000259376	1.6099002003E-9	14.300	34.400
5/28/2022	10:28 PM	-0.2225297100	100.100	68.000	70.001	0.0000010000	-0.0000133640	7.2628526712E-9	0.0000259597	1.2888194417E-9	14.300	34.300
5/28/2022	10:29 PM	-0.2175007900	100.100	68.000	70.000	0.0000010000	-0.0000133548	7.2894459283E-9	0.0000259197	2.6242301733E-9	14.300	34.300
5/28/2022	10:29 PM	-0.2124718700	100.100	68.000	70.000	0.0000010000	-0.0000133634	7.4211161987E-9	0.0000259622	8.5341551573E-10	14.300	34.400
5/28/2022	10:30 PM	-0.2074429500	100.100	68.000	70.000	0.0000010000	-0.0000133633	5.1772467584E-9	0.0000259463	2.6131849480E-9	14.300	34.400
5/28/2022	10:31 PM	-0.2024140300	100.100	68.000	70.001	0.0000010000	-0.0000133696	6.8826651783E-9	0.0000259311	2.9635642127E-9	14.300	34.400
5/28/2022	10:31 PM	-0.1973851100	100.100	68.000	70.000	0.0000010000	-0.0000133621	6.6481140707E-9	0.0000259532	5.8309518948E-10	14.300	34.300
5/28/2022	10:32 PM	-0.1923561900	100.100	68.000	69.999	0.0000010000	-0.0000133709	6.3808433641E-9	0.0000259043	4.5449403959E-9	14.300	34.400
5/28/2022	10:33 PM	-0.1873272700	100.100	68.000	70.000	0.0000010000	-0.0000133597	4.8270578174E-9	0.0000259483	1.3610254746E-9	14.300	34.300
5/28/2022	10:33 PM	-0.1822983500	100.100	68.000	70.000	0.0000010000	-0.0000133537	4.8875557904E-9	0.0000259603	4.2360679775E-10	14.300	34.400
5/28/2022	10:34 PM	-0.1772694300	100.100	68.000	70.000	0.0000010000	-0.0000133578	8.1103251372E-9	0.0000259380	2.3828952317E-9	14.300	34.300
5/28/2022	10:34 PM	-0.1722405100	100.100	68.000	70.000	0.0000010000	-0.0000133461	6.8669691331E-9	0.0000259610	1.1216116702E-9	14.300	34.300
5/28/2022	10:35 PM	-0.1672115900	100.100	68.000	70.000	0.0000010000	-0.0000133525	5.2715381386E-9	0.0000259310	2.9345528142E-9	14.300	34.400
5/28/2022	10:36 PM	-0.1621826700	100.100	68.000	70.000	0.0000010000	-0.0000133648	6.1468274222E-9	0.0000259422	2.3246660712E-9	14.300	34.300
5/28/2022	10:36 PM	-0.1571537500	100.100	68.000	70.000	0.0000010000	-0.0000133557	3.7303768486E-9	0.0000259567	1.9959738867E-9	14.300	34.300
5/28/2022	10:37 PM	-0.1521248300	100.100	68.000	69.999	0.0000010000	-0.0000133688	6.5475671951E-9	0.0000259374	1.6477845077E-9	14.300	34.400
5/28/2022	10:38 PM	-0.1470959100	100.100	68.000	70.000	0.0000010000	-0.0000133545	5.6836489661E-9	0.0000259389	2.4400988175E-9	14.300	34.300
5/28/2022	10:38 PM	-0.1420669900	100.100	68.000	70.000	0.0000010000	-0.0000133539	6.8893687228E-9	0.0000259510	7.3851648071E-10	14.300	34.400
5/28/2022	10:39 PM	-0.1370380700	100.100	68.000	70.000	0.0000010000	-0.0000133668	6.3106103969E-9	0.0000259536	8.1889390100E-10	14.300	34.400
5/28/2022	10:40 PM	-0.1320091500	100.100	68.000	70.000	0.0000010000	-0.0000133541	4.9719341626E-9	0.0000259385	2.5354281620E-9	14.300	34.300
5/28/2022	10:40 PM	-0.1269802300	100.100	68.000	70.000	0.0000010000	-0.0000133574	7.6083383929E-9	0.0000259550	8.9154759474E-10	14.300	34.300
5/28/2022	10:41 PM	-0.1219513100	100.100	68.000	70.000	0.0000010000	-0.0000133633	7.1688009717E-9	0.0000259410	1.9580234374E-9	14.300	34.300
5/28/2022	10:42 PM	-0.1169223900	100.100	68.000	70.000	0.0000010000	-0.0000133552	6.5981784297E-9	0.0000259391	2.6044092163E-9	14.300	34.400
5/28/2022	10:42 PM	-0.1118934700	100.100	68.000	70.000	0.0000010000	-0.0000133626	6.2462541416E-9	0.0000259543	6.9266988975E-10	14.300	34.400
5/28/2022	10:43 PM	-0.1068645500	100.100	68.000	70.000	0.0000010000	-0.0000133523	7.5510713577E-9	0.0000259364	3.1913086385E-9	14.300	34.300
5/28/2022	10:44 PM	-0.1018356300	100.100	68.000	69.999	0.0000010000	-0.0000133544	1.0096089874E-8	0.0000259485	1.2624230597E-9	14.300	34.400
5/28/2022	10:44 PM	-0.0968067100	0.900	68.000	70.000	0.0000010000	-0.0000133513	5.4245178618E-9	0.0000259426	2.3633973481E-9	14.300	34.300
5/28/2022	10:45 PM	-0.0917777900	100.100	68.000	70.000	0.0000010000	-0.0000133493	9.2560459001E-9	0.0000259653	1.6611919600E-9	14.300	34.300
5/28/2022	10:46 PM	-0.0867488700	100.100	68.000	70.000	0.0000010000	-0.0000133569	7.7572044837E-9	0.0000259401	3.8803199319E-9	14.300	34.300
5/28/2022	10:46 PM	-0.0817199500	100.100	68.000	70.000	0.0000010000	-0.0000133560	5.9708360283E-9	0.0000259589	1.5481502521E-9	14.300	34.400
5/28/2022	10:47 PM	-0.0766910300	100.100	68.000	70.000	0.0000010000	-0.0000133586	6.8459925125E-9	0.0000259435	3.6686882925E-9	14.300	34.400
5/28/2022	10:48 PM	-0.0716621100	100.100	68.000	70.000	0.0000010000	-0.0000133523	8.3731749204E-9	0.0000259837	7.2166385809E-10	14.300	34.400
5/28/2022	10:48 PM	-0.0666331900	100.100	68.000	70.000	0.0000010000	-0.0000133593	7.7583265245E-9	0.0000259613	2.5463144158E-9	14.300	34.400
5/28/2022	10:49 PM	-0.0616042700	100.100	68.000	70.000	0.0000010000	-0.0000133626	3.0790494730E-9	0.0000259695	1.5583203834E-9	14.300	34.400
5/28/2022	10:50 PM	-0.0565753500	100.100	68.000	70.000	0.0000010000	-0.0000133625	5.6765324534E-9	0.0000259761	1.2338491881E-9	14.300	34.300
5/28/2022	10:50 PM	-0.0515464300	100.100	68.000	70.000	0.0000010000	-0.0000133516	6.7235939685E-9	0.0000259681	9.2247448714E-10	14.300	34.400
5/28/2022	10:51 PM	-0.0465175100	100.100	68.000	70.001	0.0000010000	-0.0000133527	6.8864956078E-9	0.0000259509	3.3497023998E-9	14.300	34.300
5/28/2022	10:52 PM	-0.0414885900	100.100	68.000	70.000	0.0000010000	-0.0000133603	1.0370176257E-8	0.0000259649	1.6476887666E-9	14.300	34.300
5/28/2022	10:52 PM	-0.0364596700	100.100	68.000	70.001	0.0000010000	-0.0000133659	4.8179713168E-9	0.0000259622	5.6742346142E-10	14.300	34.300
5/28/2022	10:53 PM	-0.0314307500	100.100	68.000	70.000	0.0000010000	-0.0000133645	7.4555315062E-9	0.0000259466	2.6818615494E-9	14.300	34.400
5/28/2022	10:54 PM	-0.0264018300	100.100	68.000	70.000	0.0000010000	-0.0000133530	6.9850841391E-9	0.0000259730	3.2247448714E-10	14.300	34.300
5/28/2022	10:54 PM	-0.0213729100	100.100	68.000	70.000	0.0000010000	-0.0000133599	6.0629972237E-9	0.0000259520	3.0729871363E-9	14.300	34.300
5/28/2022	10:55 PM	-0.0163439900	100.100	68.000	70.000	0.0000010000	-0.0000133657	5.4245262778E-9	0.0000259580	1.5583203834E-9	14.300	34.300
5/28/2022	10:55 PM	-0.0113150700	100.100	68.000	70.000	0.0000010000	-0.0000133736	6.0799269435E-9	0.0000259214	2.9054325284E-9	14.300	34.300
5/28/2022	10:56 PM	-0.0062861500	100.100	68.000	70.000	0.0000010000	-0.0000133529	2.9061379889E-9	0.0000259558	1.5240666817E-9	14.300	34.300
5/28/2022	10:57 PM	-0.0012572300	100.100	68.000	70.000	0.0000010000	-0.0000133793	7.2850353842E-9	0.0000259602	1.4734000957E-9	14.300	34.300
5/28/2022	10:57 PM	0.0037716900	100.100	68.000	70.000	0.0000010000	-0.0000133652	2.8617236973E-9	0.0000259402	4.1147647242E-9	14.300	34.300
5/28/2022	10:58 PM	0.0088006100	100.100	68.000	70.000	0.0000010000	-0.0000133564	5.4918559942E-9	0.0000259750	9.1203127704E-10	14.300	34.300
5/28/2022	10:59 PM	0.0138295300	100.100	68.000	70.001	0.0000010000	-0.0000133531	5.8766209506E-9	0.0000259403	3.4889526406E-9	14.300	34.300
5/28/2022	10:59 PM	0.0188584500	100.100	68.000	70.001	0.0000010000	-0.0000133588	4.6604509298E-9	0.0000259682	1.1919766537E-9	14.300	34.300
5/28/2022	11:00 PM	0.0238873700	100.100	68.000	70.000	0.0000010000	-0.0000133587	5.5671694488E-9	0.0000259132	5.4639280750E-9	14.300	34.300
5/28/2022	11:01 PM	0.0289162900	100.100	68.000	70.000	0.0000010000	-0.0000133586	9.0860832301E-9	0.0000259792	1.8364055275E-9	14.200	34.400
5/28/2022	11:01 PM	0.0339452100	100.100	68.000	70.000	0.0000010000	-0.0000133688	5.0841251113E-9	0.0000259405	2.4696173265E-9	14.200	34.400
5/28/2022	11:02 PM	0.0389741300	100.100	68.000	70.000	0.0000010000	-0.0000133431	9.0980173705E-9	0.0000259686	8.7543465798E-10	14.200	34.300
5/28/2022	11:03 PM	0.0440030500	100.100	68.000	70.000	0.0000010000	-0.0000133560	4.7861902853E-9	0.0000259395	2.7430777292E-9	14.200	34.300
5/28/2022	11:03 PM	0.0490319700	100.100	68.000	70.000	0.0000010000	-0.0000133704	4.4083412312E-9	0.0000259653	8.9206987131E-10	14.200	34.300
5/28/2022	11:04 PM	0.0540608900	100.100	68.000	69.999	0.0000010000	-0.0000133572	5.1416614281E-9	0.0000259674	1.3770329614E-9	14.200	34.300
5/28/2022	11:05 PM	0.0590898100	95.100	68.000	70.000	0.0000010000	-0.0000133631	7.5140811404E-9	0.0000259526	2.0479930834E-9	14.200	34.400
5/28/2022	11:05 PM	0.0641187300	95.100	68.000	70.000	0.0000010000	-0.0000133572	6.9098528377E-9	0.0000259628	1.5417901107E-9	14.200	34.400
5/28/2022	11:06 PM	0.0691476500	95.100	68.000	70.001	0.0000010000	-0.0000133644	8.8509203198E-9	0.0000259362	2.7921289137E-9	14.200	34.300
5/28/2022	11:07 PM	0.0741765700	95.100	68.000	70.000	0.0000010000	-0.0000133691	9.2536221118E-9	0.0000259669	1.2665071264E-9	14.200	34.400
5/28/2022	11:07 PM	0.0792054900	95.100	68.000	70.000	0.0000010000	-0.0000133504	8.5832644697E-9	0.0000259297	5.3443506201E-9	14.200	34.300
5/28/2022	11:08 PM	0.0842344100	95.100	68.000	70.001	0.0000010000	-0.0000133544	5.2548899450E-9	0.0000259747	5.6968808264E-10	14.200	34.300
5/28/2022	11:08 PM	0.0892633300	95.100	68.000	69.999	0.0000010000	-0.0000133428	8.0867070618E-9	0.0000259521	1.8504180141E-9	14.200	34.300
5/28/2022	11:09 PM	0.0942922500	95.100	68.000	70.000	0.0000010000	-0.0000133600	3.6962512911E-9	0.0000259523	1.7815864693E-9	14.200	34.300
5/28/2022	11:10 PM	0.0993211700	95.100	68.000	70.000	0.0000010000	-0.0000133659	4.4171582713E-9	0.0000259575	1.9581869423E-9	14.200	34.300
5/28/2022	11:10 PM	0.1043500900	95.100	68.000	70.000	0.0000010000	-0.0000133669	7.3699679613E-9	0.0000259669	1.1812006585E-9	14.200	34.300
5/28/2022	11:11 PM	0.1093790100	95.100	68.000	70.000	0.0000010000	-0.0000133609	6.8336043219E-9	0.0000259584	1.1149461492E-9	14.200	34.300
5/28/2022	11:12 PM	0.1144079300	95.100	68.000	70.000	0.0000010000	-0.0000133624	6.1440787308E-9	0.0000259687	1.0711883953E-9	14.200	34.300
5/28/2022	11:12 PM	0.1194368500	95.100	68.000	70.000	0.0000010000	-0.0000133544	6.0262278497E-9	0.0000259575	2.0447556187E-9	14.200	34.400
5/28/2022	11:13 PM	0.1244657700	95.100	68.000	70.000	0.0000010000	-0.0000133572	4.9683385743E-9	0.0000259627	1.3741657387E-9	14.200	34.300
5/28/2022	11:14 PM	0.1294946900	95.100	68.000	70.000	0.0000010000	-0.0000133597	7.6811969858E-9	0.0000259393	3.3987995213E-9	14.200	34.300
5/28/2022	11:14 PM	0.1345236100	95.100	68.000	70.000	0.0000010000	-0.0000133479	7.3366298832E-9	0.0000259717	7.4295816944E-10	14.200	34.400
5/28/2022	11:15 PM	0.1395525300	95.100	68.000	70.000	0.0000010000	-0.0000133603	3.7176907551E-9	0.0000259277	1.7700942126E-8	14.200	34.300
5/28/2022	11:16 PM	0.1445814500	95.100	68.000	70.000	0.0000010000	-0.0000133507	6.6023320316E-9	0.0000259431	2.1062099613E-9	14.200	34.300
5/28/2022	11:16 PM	0.1496103700	95.100	68.000	70.000	0.0000010000	-0.0000133489	8.3737692481E-9	0.0000259595	1.8943342689E-9	14.200	34.300
5/28/2022	11:17 PM	0.1546392900	95.100	68.000	70.000	0.0000010000	-0.0000133512	3.2938855531E-9	0.0000259841	8.3006407546E-10	14.200	34.300
5/28/2022	11:18 PM	0.1596682100	95.100	68.000	70.000	0.0000010000	-0.0000133567	6.6976883923E-9	0.0000259808	7.5522851952E-10	14.200	34.300
5/28/2022	11:18 PM	0.1646971300	95.100	68.000	70.001	0.0000010000	-0.0000133667	2.9815438513E-9	0.0000259393	2.9660058500E-9	14.200	34.300
5/28/2022	11:19 PM	0.1697260500	95.100	68.000	70.000	0.0000010000	-0.0000122507	4.8907929801E-9	0.0000269297	5.8309518948E-10	14.200	34.300
5/28/2022	11:20 PM	0.1747549700	95.100	68.000	70.000	0.0000010000	-0.0000122462	5.6347666976E-9	0.0000269239	2.7887162474E-9	14.200	34.300
5/28/2022	11:20 PM	0.1797838900	95.100	68.000	70.000	0.0000010000	-0.0000122636	5.1002738146E-9	0.0000269316	1.0770329614E-9	14.200	34.300
5/28/2022	11:21 PM	0.1848128100	95.100	68.000	70.001	0.0000010000	-0.0000122472	7.3002638399E-9	0.0000269102	2.6733957263E-9	14.200	34.300
5/28/2022	11:22 PM	0.1898417300	95.100	68.000	70.000	0.0000010000	-0.0000122381	4.6789328847E-9	0.0000269621	1.9575836903E-9	14.200	34.400
5/28/2022	11:22 PM	0.1948706500	95.100	68.000	70.000	0.0000010000	-0.0000122540	5.6115054618E-9	0.0000269145	1.9177146046E-9	14.200	34.300
5/28/2022	11:23 PM	0.1998995700	95.100	68.000	70.000	0.0000010000	-0.0000122569	5.1366091377E-9	0.0000269302	1.0232844665E-9	14.200	34.300
5/28/2022	11:23 PM	0.2049284900	95.100	68.000	69.999	0.0000010000	-0.0000122489	3.9097595500E-9	0.0000269510	5.0990195136E-10	14.200	34.300
5/28/2022	11:24 PM	0.2099574100	95.100	68.000	70.000	0.0000010000	-0.0000122513	4.8174671791E-9	0.0000269232	8.3006407546E-10	14.200	34.300
5/28/2022	11:25 PM	0.2149863300	95.100	68.000	69.999	0.0000010000	-0.0000122546	1.0728933905E-8	0.0000269124	1.3205073709E-9	14.200	34.300
5/28/2022	11:25 PM	0.2200152500	95.100	68.000	70.000	0.0000010000	-0.0000122606	5.1182401166E-9	0.0000269203	1.5749564147E-9	14.200	34.300
5/28/2022	11:26 PM	0.2250441700	95.100	68.000	70.001	0.0000010000	-0.0000122539	3.9406132609E-9	0.0000269091	1.9930421077E-9	14.200	34.300
5/28/2022	11:27 PM	0.2300730900	95.100	68.000	70.000	0.0000010000	-0.0000122582	5.7635626097E-9	0.0000269299	1.3977349804E-9	14.200	34.300
5/28/2022	11:27 PM	0.2351020100	95.100	68.000	70.000	0.0000010000	-0.0000122537	5.9198312746E-9	0.0000269268	2.2794370348E-9	14.200	34.300
5/28/2022	11:28 PM	0.2401309300	95.100	68.000	70.000	0.0000010000	-0.0000122527	7.5338575916E-9	0.0000269348	1.1485040630E-9	14.200	34.300
5/28/2022	11:29 PM	0.2451598500	95.100	68.000	70.000	0.0000010000	-0.0000122634	6.0933874288E-9	0.0000269048	2.9746666265E-9	14.200	34.300
5/28/2022	11:29 PM	0.2501887700	95.100	68.000	70.000	0.0000010000	-0.0000122492	6.2154738451E-9	0.0000269125	1.6828917755E-9	14.200	34.300
5/28/2022	11:30 PM	0.2552176900	95.100	68.000	70.000	0.0000010000	-0.0000122595	8.4969002612E-9	0.0000269339	7.8346545499E-10	14.200	34.300
5/28/2022	11:31 PM	0.2602466100	95.100	68.000	70.000	0.0000010000	-0.0000122395	4.1605140283E-9	0.0000269195	1.4679596916E-9	14.200	34.300
5/28/2022	11:31 PM	0.2652755300	95.100	68.000	70.000	0.0000010000	-0.0000122510	4.6927225246E-9	0.0000269175	1.3669539803E-9	14.200	34.300
5/28/2022	11:32 PM	0.2703044500	95.100	68.000	69.999	0.0000010000	-0.0000122536	6.8650902383E-9	0.0000269354	1.0000000000E-10	14.200	34.300
5/28/2022	11:32 PM	0.2753333700	95.100	68.000	70.000	0.0000010000	-0.0000122495	5.5797783467E-9	0.0000269217	1.1566188408E-9	14.200	34.300
5/28/2022	11:33 PM	0.2803622900	95.100	68.000	70.000	0.0000010000	-0.0000122429	7.6637372344E-9	0.0000269159	7.6332495807E-10	14.200	34.300
5/28/2022	11:34 PM	0.2853912100	95.100	68.000	70.000	0.0000010000	-0.0000122476	7.6867822969E-9	0.0000269264	7.3011626335E-10	14.200	34.300
5/28/2022	11:34 PM	0.2904201300	95.100	68.000	70.000	0.0000010000	-0.0000122514	8.4187609450E-9	0.0000269008	3.0565502121E-9	14.200	34.300
5/28/2022	11:35 PM	0.2954490500	95.100	68.000	70.000	0.0000010000	-0.0000122553	6.6503904986E-9	0.0000269320	1.2607961060E-9	14.200	34.300
5/28/2022	11:36 PM	0.3004779700	95.100	68.000	70.000	0.0000010000	-0.0000122447	8.4338599088E-9	0.0000268888	3.9171135296E-9	14.200	34.300
5/28/2022	11:36 PM	0.3004779700	95.100	68.000	70.000	0.0000010000	-0.0000122380	5.2760997733E-9	0.0000269612	7.2771912927E-10	14.200	34.300
5/28/2022	11:38 PM	0.2954490500	95.100	68.000	70.000	0.0000010000	-0.0000122494	5.2499379115E-9	0.0000269163	2.4430835885E-9	14.200	34.300
5/28/2022	11:38 PM	0.2904201300	95.100	68.000	70.000	0.0000010000	-0.0000122496	6.4015113826E-9	0.0000269207	2.2396078054E-9	14.200	34.300
5/28/2022	11:39 PM	0.2853912100	95.100	68.000	70.000	0.0000010000	-0.0000122476	8.0027942581E-9	0.0000269236	7.5522851952E-10	14.200	34.300
5/28/2022	11:39 PM	0.2803622900	95.100	68.000	70.000	0.0000010000	-0.0000122503	4.2157767938E-9	0.0000268948	2.4038960884E-9	14.200	34.300
5/28/2022	11:40 PM	0.2753333700	95.100	68.000	70.000	0.0000010000	-0.0000122458	6.3581517089E-9	0.0000269184	8.5391142906E-10	14.200	34.400
5/28/2022	11:41 PM	0.2703044500	95.100	68.000	70.000	0.0000010000	-0.0000122518	7.6850930263E-9	0.0000269030	2.4703844072E-9	14.200	34.300
5/28/2022	11:41 PM	0.2652755300	95.100	68.000	70.000	0.0000010000	-0.0000122569	5.6414476452E-9	0.0000269215	1.0505999457E-9	14.200	34.300
5/28/2022	11:42 PM	0.2602466100	95.100	68.000	70.000	0.0000010000	-0.0000122486	7.8743729056E-9	0.0000268684	5.4105971004E-9	14.200	34.300
5/28/2022	11:43 PM	0.2552176900	95.100	68.000	70.000	0.0000010000	-0.0000122582	5.2882858461E-9	0.0000269233	5.8476798574E-10	14.200	34.300
5/28/2022	11:43 PM	0.2501887700	95.100	68.000	70.000	0.0000010000	-0.0000122644	5.1163507972E-9	0.0000269117	2.0524096835E-9	14.200	34.300
5/28/2022	11:44 PM	0.2451598500	95.100	68.000	70.000	0.0000010000	-0.0000122616	7.2425357183E-9	0.0000269178	1.0462232803E-9	14.200	34.300
5/28/2022	11:45 PM	0.2401309300	95.100	68.000	70.000	0.0000010000	-0.0000122395	8.6847966149E-9	0.0000269085	2.3034527402E-9	14.100	34.300
5/28/2022	11:45 PM	0.2351020100	95.100	68.000	70.000	0.0000010000	-0.0000122636	6.4212440700E-9	0.0000269169	1.3019889169E-9	14.200	34.300
5/28/2022	11:46 PM	0.2300730900	95.100	68.000	70.001	0.0000010000	-0.0000122643	5.5381756845E-9	0.0000269253	1.7997198464E-9	14.100	34.300
5/28/2022	11:46 PM	0.2250441700	95.100	68.000	70.000	0.0000010000	-0.0000122597	6.1691599585E-9	0.0000269010	2.5123845225E-9	14.100	34.300
