! User Name:	Aditya 
! Sample Name:	FGT_CPS_Device 2_PF P1T_10m_
! Sample ID:	FGT/CrPS4
! Date:	5/28/2022	Time:	2:58 AM
! Current Source:	Keithley 224 Current Source
! Voltmeter V1:	Keithley 182 Degital voltmeter
! Voltmeter V2:	Keithley 2182A  NanoVoltmeter
! V1 (volts):	Rxx Device 1
! V2 (volts):	Rxy Device 1
! Max Field (Tesla):0.000000	! Data points (0_maxT:75.000000	! Average Number:5.000000	
! Comments:	FGT/CrPS4 device was made in glove using flaking and dry transfering of flakes. 
! 
! 
! 
! 
Data	Time	Magnetic Field (T)	Helium Level (%)	VTI Temperature (K)	Sample Temparture (K)	Current (A) 	Voltage-1(V)	Std. of V1	Voltage-2 (V)	Std. of V2	VTI  Heater Power (%)	Sample Heater Power (%)
5/28/2022	3:00 AM	0.2501887700	52.000	52.780	54.994	0.0000010000	-0.0000115910	5.7816747559E-9	0.0000274112	8.4031242374E-10	6.700	27.800
5/28/2022	3:01 AM	0.2451598500	41.000	73.000	74.999	0.0000010000	-0.0000116008	5.1209627103E-9	0.0000274191	9.3671144832E-10	12.400	33.900
5/28/2022	3:01 AM	0.2401309300	41.000	73.000	74.999	0.0000010000	-0.0000116115	5.4584554308E-9	0.0000273834	1.1407443861E-9	12.400	33.900
5/28/2022	3:02 AM	0.2351020100	41.000	73.000	75.000	0.0000010000	-0.0000115886	5.7798103479E-9	0.0000274019	1.1407443861E-9	12.400	33.900
5/28/2022	3:03 AM	0.2300730900	41.000	73.000	75.000	0.0000010000	-0.0000116043	5.0068401935E-9	0.0000274031	2.9154759474E-10	12.400	33.900
5/28/2022	3:03 AM	0.2250441700	41.000	73.000	74.999	0.0000010000	-0.0000116121	6.5941909449E-9	0.0000273663	3.1015683091E-9	12.400	33.900
5/28/2022	3:04 AM	0.2200152500	41.000	73.000	75.000	0.0000010000	-0.0000115888	4.4179791916E-9	0.0000273958	1.0144781624E-9	12.300	33.900
5/28/2022	3:05 AM	0.2149863300	41.000	73.000	75.000	0.0000010000	-0.0000115894	3.6082136620E-9	0.0000273391	4.6162755550E-9	12.400	33.900
5/28/2022	3:05 AM	0.2099574100	41.000	73.000	75.000	0.0000010000	-0.0000116038	3.2611843987E-9	0.0000274068	3.0000000000E-10	12.400	33.900
5/28/2022	3:06 AM	0.2049284900	41.000	73.000	75.001	0.0000010000	-0.0000116012	5.5417929145E-9	0.0000274005	1.1216116702E-9	12.400	33.900
5/28/2022	3:06 AM	0.1998995700	41.000	73.000	74.999	0.0000010000	-0.0000115956	2.0923322710E-9	0.0000274170	3.7416573868E-10	12.400	33.900
5/28/2022	3:07 AM	0.1948706500	41.000	73.000	75.000	0.0000010000	-0.0000116122	5.5401953623E-9	0.0000273898	1.5476550942E-9	12.400	33.900
5/28/2022	3:08 AM	0.1898417300	41.000	73.000	75.000	0.0000010000	-0.0000116147	5.8519447502E-9	0.0000274000	4.5495097568E-10	12.400	33.900
5/28/2022	3:08 AM	0.1848128100	41.000	73.000	75.000	0.0000010000	-0.0000115894	4.6848864136E-9	0.0000273445	2.0645190002E-8	12.400	33.900
5/28/2022	3:09 AM	0.1797838900	41.000	73.000	75.000	0.0000010000	-0.0000116025	3.2019503559E-9	0.0000274059	7.8366965395E-10	12.400	33.900
5/28/2022	3:10 AM	0.1747549700	41.000	73.000	75.000	0.0000010000	-0.0000116068	4.1251663367E-9	0.0000274194	9.5355339059E-10	12.300	33.900
5/28/2022	3:10 AM	0.1697260500	41.000	73.000	75.000	0.0000010000	-0.0000116030	4.6388155293E-9	0.0000273965	8.4010949186E-10	12.300	34.000
5/28/2022	3:11 AM	0.1646971300	41.000	73.000	75.000	0.0000010000	-0.0000116045	6.2929153891E-9	0.0000273996	4.7416573868E-10	12.300	33.900
5/28/2022	3:12 AM	0.1596682100	41.000	73.000	75.000	0.0000010000	-0.0000115986	4.3316019695E-9	0.0000273954	1.1788289045E-9	12.400	34.000
5/28/2022	3:12 AM	0.1546392900	41.000	73.000	75.000	0.0000010000	-0.0000116005	6.0647710429E-9	0.0000274066	6.0724247288E-10	12.400	33.900
5/28/2022	3:13 AM	0.1496103700	41.000	73.000	75.001	0.0000010000	-0.0000115953	5.3132621258E-9	0.0000273998	2.0839171124E-9	12.400	33.900
5/28/2022	3:14 AM	0.1445814500	41.000	73.000	75.001	0.0000010000	-0.0000116098	8.7619963923E-9	0.0000274056	1.0849903325E-9	12.400	33.900
5/28/2022	3:14 AM	0.1395525300	41.000	73.000	75.000	0.0000010000	-0.0000115978	3.4017298994E-9	0.0000274095	6.6115289591E-10	12.400	34.000
5/28/2022	3:15 AM	0.1345236100	41.000	73.000	74.999	0.0000010000	-0.0000116062	3.8769669992E-9	0.0000274020	5.5450633076E-10	12.400	33.900
5/28/2022	3:16 AM	0.1294946900	41.000	73.000	75.001	0.0000010000	-0.0000116000	2.3981401922E-9	0.0000273960	1.1191948626E-9	12.400	34.000
5/28/2022	3:16 AM	0.1244657700	41.000	73.000	75.000	0.0000010000	-0.0000115971	3.6022743888E-9	0.0000274208	6.8476798574E-10	12.400	34.000
5/28/2022	3:17 AM	0.1194368500	41.000	73.000	75.000	0.0000010000	-0.0000115968	5.1367589307E-9	0.0000273940	8.4833147735E-10	12.400	33.900
5/28/2022	3:17 AM	0.1144079300	41.000	73.000	74.999	0.0000010000	-0.0000116034	5.4763799590E-9	0.0000274124	1.8708286934E-10	12.400	34.000
5/28/2022	3:18 AM	0.1093790100	41.000	73.000	75.000	0.0000010000	-0.0000115942	6.5145058456E-9	0.0000273966	7.5811388301E-10	12.400	33.900
5/28/2022	3:19 AM	0.1043500900	41.000	73.000	75.000	0.0000010000	-0.0000116132	7.3745847574E-9	0.0000273846	1.2351468444E-9	12.400	34.000
5/28/2022	3:19 AM	0.0993211700	41.000	73.000	75.000	0.0000010000	-0.0000116007	6.7138595296E-9	0.0000273693	2.2741657387E-9	12.400	34.000
5/28/2022	3:20 AM	0.0942922500	41.000	73.000	75.000	0.0000010000	-0.0000116045	6.3645660407E-9	0.0000274095	6.6368092477E-10	12.400	34.000
5/28/2022	3:21 AM	0.0892633300	41.000	73.000	74.999	0.0000010000	-0.0000116041	7.0828759485E-9	0.0000274155	7.7631558048E-10	12.400	34.000
5/28/2022	3:21 AM	0.0842344100	41.000	73.000	75.000	0.0000010000	-0.0000116057	1.0066640895E-8	0.0000273929	7.5522851952E-10	12.400	34.000
5/28/2022	3:22 AM	0.0792054900	41.000	73.000	75.000	0.0000010000	-0.0000116053	4.5485461621E-9	0.0000274078	2.8708286934E-10	12.400	34.000
5/28/2022	3:23 AM	0.0741765700	41.000	73.000	75.000	0.0000010000	-0.0000116162	7.0867651826E-9	0.0000274224	5.1515439249E-10	12.400	34.000
5/28/2022	3:23 AM	0.0691476500	41.000	73.000	74.999	0.0000010000	-0.0000116099	6.5509612213E-9	0.0000274226	3.2360679775E-10	12.400	34.000
5/28/2022	3:24 AM	0.0641187300	41.000	73.000	74.999	0.0000010000	-0.0000116125	5.3204837061E-9	0.0000274165	3.2247448714E-10	12.400	34.000
5/28/2022	3:24 AM	0.0590898100	41.000	73.000	75.000	0.0000010000	-0.0000116024	2.9756964811E-9	0.0000274187	2.0000000000E-10	12.400	34.000
5/28/2022	3:25 AM	0.0540608900	41.000	73.000	75.000	0.0000010000	-0.0000115954	6.8570784781E-9	0.0000274149	6.4510098534E-10	12.400	34.000
5/28/2022	3:26 AM	0.0490319700	41.000	73.000	75.001	0.0000010000	-0.0000116037	9.6861192794E-9	0.0000274057	7.5522851952E-10	12.400	34.000
5/28/2022	3:26 AM	0.0440030500	41.000	73.000	75.000	0.0000010000	-0.0000116094	4.7188332982E-9	0.0000274008	7.2093678194E-10	12.400	34.000
5/28/2022	3:27 AM	0.0389741300	41.000	73.000	75.000	0.0000010000	-0.0000116066	6.3102863759E-9	0.0000274276	8.3900310986E-10	12.400	34.000
5/28/2022	3:28 AM	0.0339452100	41.000	73.000	75.000	0.0000010000	-0.0000115970	2.0104639657E-9	0.0000274172	2.0000000000E-10	12.400	34.000
5/28/2022	3:28 AM	0.0289162900	41.000	73.000	75.000	0.0000010000	-0.0000116120	3.9169154559E-9	0.0000274123	2.8708286934E-10	12.400	34.000
5/28/2022	3:29 AM	0.0238873700	41.000	73.000	75.000	0.0000010000	-0.0000116092	6.0305229585E-9	0.0000273932	1.5121527672E-9	12.400	34.000
5/28/2022	3:30 AM	0.0188584500	41.000	73.000	75.001	0.0000010000	-0.0000116121	3.1788539609E-9	0.0000274141	9.3234523573E-10	12.400	34.000
5/28/2022	3:31 AM	0.0138295300	41.000	73.000	75.000	0.0000010000	-0.0000116160	5.0967462797E-9	0.0000274117	3.0955735648E-10	12.400	34.000
5/28/2022	3:31 AM	0.0088006100	42.200	73.000	74.999	0.0000010000	-0.0000116083	3.4947302601E-9	0.0000274070	1.1810249676E-9	12.400	34.000
5/28/2022	3:32 AM	0.0037716900	42.200	73.000	75.000	0.0000010000	-0.0000116023	3.6453711095E-9	0.0000274176	3.0000000000E-10	12.400	34.000
5/28/2022	3:33 AM	-0.0012572300	42.200	73.000	75.000	0.0000010000	-0.0000116120	4.3455086367E-9	0.0000273880	1.1885770529E-9	12.400	34.000
5/28/2022	3:33 AM	-0.0062861500	42.200	73.000	74.995	0.0000010000	-0.0000116181	5.0933930523E-9	0.0000274021	1.3381186870E-9	12.400	34.600
5/28/2022	3:34 AM	-0.0113150700	42.200	73.000	75.000	0.0000010000	-0.0000116030	7.5197771244E-9	0.0000273842	1.2840192568E-9	12.400	34.000
5/28/2022	3:34 AM	-0.0163439900	42.200	73.000	74.999	0.0000010000	-0.0000116045	5.8178530344E-9	0.0000274182	3.5495097568E-10	12.400	34.000
5/28/2022	3:35 AM	-0.0213729100	42.200	73.000	75.000	0.0000010000	-0.0000116100	5.4589146049E-9	0.0000273957	1.4549900398E-9	12.400	34.000
5/28/2022	3:36 AM	-0.0264018300	42.200	73.000	75.000	0.0000010000	-0.0000115947	7.6038427787E-9	0.0000274274	7.9346745639E-10	12.400	34.000
5/28/2022	3:36 AM	-0.0314307500	42.200	73.000	75.000	0.0000010000	-0.0000116105	5.6474203771E-9	0.0000274093	6.3385391260E-10	12.400	34.000
5/28/2022	3:37 AM	-0.0364596700	42.200	73.000	75.000	0.0000010000	-0.0000115988	7.6215714266E-9	0.0000273862	1.6377955378E-9	12.400	34.000
5/28/2022	3:38 AM	-0.0414885900	42.200	73.000	75.000	0.0000010000	-0.0000116067	3.7928883681E-9	0.0000273882	9.7805319043E-10	12.400	34.000
5/28/2022	3:38 AM	-0.0465175100	42.200	73.000	75.000	0.0000010000	-0.0000116120	4.6421635806E-9	0.0000273907	1.4894624498E-9	12.400	34.000
5/28/2022	3:39 AM	-0.0515464300	42.200	73.000	75.001	0.0000010000	-0.0000116054	4.7925879324E-9	0.0000274163	8.5893372442E-10	12.400	34.000
5/28/2022	3:40 AM	-0.0565753500	42.200	73.000	75.000	0.0000010000	-0.0000116046	7.1808446040E-9	0.0000274288	7.2771912927E-10	12.400	34.000
5/28/2022	3:40 AM	-0.0616042700	42.200	73.000	75.000	0.0000010000	-0.0000116173	4.2242681900E-9	0.0000274087	3.7416573868E-10	12.400	34.000
5/28/2022	3:41 AM	-0.0666331900	42.200	73.000	75.000	0.0000010000	-0.0000115977	5.0943186635E-9	0.0000274212	6.6571333342E-10	12.400	34.000
5/28/2022	3:41 AM	-0.0716621100	42.200	73.000	75.000	0.0000010000	-0.0000115996	2.6170765984E-9	0.0000274021	9.6805121340E-10	12.400	34.000
5/28/2022	3:42 AM	-0.0766910300	42.200	73.000	75.000	0.0000010000	-0.0000116013	6.1592509809E-9	0.0000274065	5.8309518948E-10	12.400	34.000
5/28/2022	3:43 AM	-0.0817199500	42.200	73.000	75.000	0.0000010000	-0.0000116108	7.0985620057E-9	0.0000274135	4.7863046408E-10	12.400	34.000
5/28/2022	3:43 AM	-0.0867488700	42.200	73.000	75.000	0.0000010000	-0.0000116144	6.1122805840E-9	0.0000274130	3.2247448714E-10	12.400	34.000
5/28/2022	3:44 AM	-0.0917777900	42.200	73.000	75.000	0.0000010000	-0.0000116106	6.4914653065E-9	0.0000273895	2.1081308155E-9	12.400	34.000
5/28/2022	3:45 AM	-0.0968067100	42.200	73.000	75.000	0.0000010000	-0.0000116052	6.4963836090E-9	0.0000273975	9.3186001849E-10	12.400	34.000
5/28/2022	3:45 AM	-0.1018356300	42.200	73.000	75.000	0.0000010000	-0.0000115949	3.8638068678E-9	0.0000274070	3.2247448714E-10	12.400	34.000
5/28/2022	3:46 AM	-0.1068645500	42.200	73.000	75.000	0.0000010000	-0.0000116045	4.5702955348E-9	0.0000274175	3.9154759474E-10	12.400	34.000
5/28/2022	3:47 AM	-0.1118934700	42.200	73.000	75.000	0.0000010000	-0.0000116128	6.6786893138E-9	0.0000274084	2.0080254459E-9	12.400	34.000
5/28/2022	3:47 AM	-0.1169223900	42.200	73.000	75.000	0.0000010000	-0.0000116005	3.9089060385E-9	0.0000274050	1.2322919809E-9	12.400	34.000
5/28/2022	3:48 AM	-0.1219513100	42.200	73.000	74.999	0.0000010000	-0.0000116186	3.7146916159E-9	0.0000273855	1.4559406234E-9	12.400	34.000
5/28/2022	3:49 AM	-0.1269802300	42.200	73.000	75.000	0.0000010000	-0.0000116094	4.2016129298E-9	0.0000273819	2.2106817058E-9	12.400	34.000
5/28/2022	3:49 AM	-0.1320091500	42.200	73.000	75.000	0.0000010000	-0.0000115980	4.0704611307E-9	0.0000273991	8.6163530729E-10	12.400	34.000
5/28/2022	3:50 AM	-0.1370380700	42.200	73.000	74.999	0.0000010000	-0.0000116121	4.1879231234E-9	0.0000273708	3.9059164468E-9	12.400	34.000
5/28/2022	3:51 AM	-0.1420669900	42.200	73.000	75.000	0.0000010000	-0.0000115994	5.9495336611E-9	0.0000274109	1.8708286934E-10	12.400	34.000
5/28/2022	3:51 AM	-0.1470959100	42.200	73.000	75.000	0.0000010000	-0.0000116062	3.7071425386E-9	0.0000273986	1.4719597082E-9	12.400	34.000
5/28/2022	3:52 AM	-0.1521248300	42.200	73.000	75.000	0.0000010000	-0.0000116092	5.7109399264E-9	0.0000274023	1.0144781624E-9	12.400	34.000
5/28/2022	3:53 AM	-0.1571537500	42.200	73.000	75.000	0.0000010000	-0.0000116114	7.0426292726E-9	0.0000274037	3.7416573868E-10	12.400	34.000
5/28/2022	3:53 AM	-0.1621826700	42.200	73.000	75.000	0.0000010000	-0.0000116068	5.0160361195E-9	0.0000273946	7.3385391260E-10	12.400	34.000
5/28/2022	3:54 AM	-0.1672115900	42.200	73.000	75.000	0.0000010000	-0.0000115918	7.9527148625E-9	0.0000273435	4.5332107827E-9	12.400	34.000
5/28/2022	3:55 AM	-0.1722405100	42.200	73.000	75.000	0.0000010000	-0.0000116233	8.5622421301E-9	0.0000274101	2.2247448714E-10	12.400	34.000
5/28/2022	3:55 AM	-0.1772694300	42.200	73.000	75.000	0.0000010000	-0.0000116047	4.7446320230E-9	0.0000274010	1.0147301372E-9	12.400	34.000
5/28/2022	3:56 AM	-0.1822983500	42.200	73.000	75.000	0.0000010000	-0.0000116089	6.5657792953E-9	0.0000274073	5.5355339059E-10	12.400	34.000
5/28/2022	3:57 AM	-0.1873272700	42.200	73.000	75.000	0.0000010000	-0.0000116249	5.8348616018E-9	0.0000274179	4.1402208188E-10	12.400	34.000
5/28/2022	3:57 AM	-0.1923561900	42.200	73.000	74.999	0.0000010000	-0.0000116079	7.6925776713E-9	0.0000274103	1.7473102506E-9	12.400	34.000
5/28/2022	3:58 AM	-0.1973851100	42.200	73.000	75.000	0.0000010000	-0.0000127055	4.5043944733E-9	0.0000264755	4.9664022582E-10	12.400	34.000
5/28/2022	3:59 AM	-0.2024140300	42.200	73.000	75.000	0.0000010000	-0.0000127139	6.8363192118E-9	0.0000264524	1.0915475947E-9	12.400	34.000
5/28/2022	3:59 AM	-0.2074429500	42.200	73.000	75.000	0.0000010000	-0.0000127102	4.9024612570E-9	0.0000264570	3.5355339059E-10	12.400	34.000
5/28/2022	4:00 AM	-0.2124718700	42.200	73.000	75.000	0.0000010000	-0.0000127074	5.8163610759E-9	0.0000264362	1.9466185313E-9	12.400	34.000
5/28/2022	4:00 AM	-0.2175007900	42.200	73.000	74.999	0.0000010000	-0.0000127114	6.4512124948E-9	0.0000264731	1.0532979878E-9	12.400	34.000
5/28/2022	4:01 AM	-0.2225297100	42.200	73.000	75.000	0.0000010000	-0.0000127128	4.8950575906E-9	0.0000264105	4.6380032491E-9	12.400	33.900
5/28/2022	4:02 AM	-0.2275586300	42.200	73.000	75.000	0.0000010000	-0.0000127128	3.7588255899E-9	0.0000264652	1.5022703843E-9	12.400	34.000
5/28/2022	4:03 AM	-0.2325875500	42.200	73.000	75.000	0.0000010000	-0.0000127079	6.1161374893E-9	0.0000264424	1.3919772427E-9	12.400	34.000
5/28/2022	4:03 AM	-0.2376164700	42.200	73.000	75.000	0.0000010000	-0.0000127022	7.3946738844E-9	0.0000264656	4.7416573868E-10	12.400	34.000
5/28/2022	4:04 AM	-0.2426453900	42.200	73.000	75.000	0.0000010000	-0.0000127132	5.6974940699E-9	0.0000264616	9.1827593375E-10	12.400	34.000
5/28/2022	4:05 AM	-0.2476743100	42.200	73.000	75.000	0.0000010000	-0.0000127171	3.8147028699E-9	0.0000264733	5.6124860802E-10	12.400	34.000
5/28/2022	4:05 AM	-0.2476743100	42.200	73.000	75.001	0.0000010000	-0.0000127120	6.2854715416E-9	0.0000264497	8.6023252670E-10	12.400	34.000
5/28/2022	4:06 AM	-0.2426453900	42.200	73.000	75.000	0.0000010000	-0.0000127097	2.5549613910E-9	0.0000264424	2.0615464301E-9	12.400	34.000
5/28/2022	4:06 AM	-0.2376164700	42.200	73.000	75.000	0.0000010000	-0.0000127080	4.7242895081E-9	0.0000264722	8.7464278423E-10	12.400	34.000
5/28/2022	4:07 AM	-0.2325875500	42.200	73.000	75.000	0.0000010000	-0.0000127169	6.4113742033E-9	0.0000264192	3.6026599385E-9	12.400	34.000
5/28/2022	4:08 AM	-0.2275586300	42.200	73.000	75.000	0.0000010000	-0.0000127262	2.2388149072E-9	0.0000264518	6.6571333342E-10	12.400	34.000
5/28/2022	4:08 AM	-0.2225297100	42.200	73.000	75.000	0.0000010000	-0.0000127073	5.0905564233E-9	0.0000264456	1.4036009488E-9	12.400	34.000
5/28/2022	4:09 AM	-0.2175007900	42.200	73.000	75.000	0.0000010000	-0.0000127037	7.0025995872E-9	0.0000264587	4.6368092478E-10	12.400	34.000
5/28/2022	4:10 AM	-0.2124718700	42.200	73.000	75.000	0.0000010000	-0.0000127160	5.0767051051E-9	0.0000264554	8.9379718813E-10	12.400	34.000
5/28/2022	4:10 AM	-0.2074429500	42.200	73.000	75.001	0.0000010000	-0.0000127196	3.9620004550E-9	0.0000264636	1.0266856025E-9	12.400	34.000
5/28/2022	4:11 AM	-0.2024140300	42.200	73.000	75.000	0.0000010000	-0.0000127154	5.6536571082E-9	0.0000264528	4.9154759474E-10	12.400	34.000
5/28/2022	4:12 AM	-0.1973851100	42.200	73.000	75.000	0.0000010000	-0.0000127086	4.7681820894E-9	0.0000264605	9.2764726786E-10	12.400	34.000
5/28/2022	4:12 AM	-0.1923561900	42.200	73.000	75.000	0.0000010000	-0.0000127100	6.3819237309E-9	0.0000264643	2.5495097568E-10	12.400	34.000
5/28/2022	4:13 AM	-0.1873272700	42.200	73.000	75.001	0.0000010000	-0.0000127000	5.4389483428E-9	0.0000264460	7.7631558048E-10	12.400	34.000
5/28/2022	4:14 AM	-0.1822983500	42.200	73.000	75.000	0.0000010000	-0.0000127043	6.5357213168E-9	0.0000264507	2.4424597572E-9	12.400	34.000
5/28/2022	4:14 AM	-0.1772694300	42.200	73.000	74.999	0.0000010000	-0.0000127088	6.7949141504E-9	0.0000264053	4.7480035858E-9	12.400	34.000
5/28/2022	4:15 AM	-0.1722405100	42.200	73.000	74.999	0.0000010000	-0.0000127131	4.0575785960E-9	0.0000264675	5.0000000000E-10	12.400	34.000
5/28/2022	4:16 AM	-0.1672115900	42.200	73.000	75.001	0.0000010000	-0.0000126986	6.3991681176E-9	0.0000264308	3.0805843602E-9	12.400	34.000
5/28/2022	4:16 AM	-0.1621826700	42.200	73.000	74.999	0.0000010000	-0.0000127116	5.1442040608E-9	0.0000264650	7.2048368230E-10	12.400	34.000
5/28/2022	4:17 AM	-0.1571537500	42.200	73.000	75.000	0.0000010000	-0.0000127182	5.5869186439E-9	0.0000264652	1.6247285223E-9	12.400	34.100
5/28/2022	4:18 AM	-0.1521248300	42.200	73.000	75.000	0.0000010000	-0.0000127069	4.4045137731E-9	0.0000264615	7.0556967662E-10	12.400	34.000
5/28/2022	4:18 AM	-0.1470959100	42.200	73.000	75.000	0.0000010000	-0.0000126975	5.5316064879E-9	0.0000264595	1.3162277660E-9	12.400	34.100
5/28/2022	4:19 AM	-0.1420669900	42.200	73.000	75.000	0.0000010000	-0.0000127316	4.7983494438E-9	0.0000264586	5.1515439249E-10	12.400	34.000
5/28/2022	4:19 AM	-0.1370380700	42.200	73.000	74.999	0.0000010000	-0.0000126990	6.2756348151E-9	0.0000264726	8.7464278423E-10	12.400	34.000
5/28/2022	4:20 AM	-0.1320091500	42.200	73.000	75.000	0.0000010000	-0.0000127247	7.3231641562E-9	0.0000264613	4.7855777343E-10	12.400	34.000
5/28/2022	4:21 AM	-0.1269802300	42.200	73.000	75.000	0.0000010000	-0.0000126994	4.5217336491E-9	0.0000264656	4.3011626335E-10	12.400	34.000
5/28/2022	4:21 AM	-0.1219513100	42.200	73.000	75.000	0.0000010000	-0.0000127224	5.7980538882E-9	0.0000264763	1.0215838363E-9	12.400	34.000
5/28/2022	4:22 AM	-0.1169223900	42.200	73.000	75.000	0.0000010000	-0.0000127126	4.5319407314E-9	0.0000264334	1.5430859280E-9	12.400	34.000
5/28/2022	4:23 AM	-0.1118934700	42.200	73.000	75.001	0.0000010000	-0.0000127028	4.5042352165E-9	0.0000264742	9.3851648071E-10	12.400	34.000
5/28/2022	4:23 AM	-0.1068645500	42.200	73.000	75.000	0.0000010000	-0.0000127057	4.1109972862E-9	0.0000264682	7.2771912927E-10	12.400	34.000
5/28/2022	4:24 AM	-0.1018356300	42.200	73.000	75.000	0.0000010000	-0.0000127181	7.9716745782E-9	0.0000264479	4.9154759474E-10	12.400	34.000
5/28/2022	4:25 AM	-0.0968067100	42.200	73.000	75.000	0.0000010000	-0.0000127029	4.8586059413E-9	0.0000264708	1.3959042087E-9	12.400	34.000
5/28/2022	4:25 AM	-0.0917777900	42.200	73.000	75.000	0.0000010000	-0.0000127135	5.7050623082E-9	0.0000264599	8.0771519135E-10	12.400	34.000
5/28/2022	4:26 AM	-0.0867488700	42.200	73.000	75.000	0.0000010000	-0.0000126983	6.6674317734E-9	0.0000264484	2.9154759474E-10	12.400	34.100
5/28/2022	4:27 AM	-0.0817199500	42.200	73.000	74.998	0.0000010000	-0.0000127245	4.6626850541E-9	0.0000264882	5.6124860802E-10	12.400	34.000
5/28/2022	4:27 AM	-0.0766910300	42.200	73.000	75.000	0.0000010000	-0.0000127040	5.9816799473E-9	0.0000264739	1.1477512681E-9	12.400	34.000
5/28/2022	4:28 AM	-0.0716621100	42.200	73.000	75.000	0.0000010000	-0.0000127006	6.3637705245E-9	0.0000264746	1.0000000000E-10	12.400	34.000
5/28/2022	4:29 AM	-0.0666331900	42.200	73.000	75.000	0.0000010000	-0.0000127105	2.6977624485E-9	0.0000264547	2.1510403245E-9	12.400	34.000
5/28/2022	4:29 AM	-0.0616042700	42.200	73.000	75.000	0.0000010000	-0.0000127184	7.2532958894E-9	0.0000264708	1.2247448714E-10	12.400	34.000
5/28/2022	4:30 AM	-0.0565753500	42.200	73.000	75.000	0.0000010000	-0.0000127112	7.0354393211E-9	0.0000264567	6.9039350469E-10	12.400	34.000
5/28/2022	4:30 AM	-0.0515464300	42.200	73.000	75.000	0.0000010000	-0.0000127265	8.9884484481E-9	0.0000264608	7.2093678194E-10	12.400	34.000
5/28/2022	4:31 AM	-0.0465175100	44.000	73.000	75.000	0.0000010000	-0.0000127070	5.7167377224E-9	0.0000264518	2.0080254459E-9	12.400	34.000
5/28/2022	4:32 AM	-0.0414885900	44.000	73.000	75.000	0.0000010000	-0.0000127125	4.8903488949E-9	0.0000264739	3.7742546282E-10	12.400	34.000
5/28/2022	4:32 AM	-0.0364596700	44.000	73.000	75.000	0.0000010000	-0.0000127174	5.0438215184E-9	0.0000264082	4.9271597006E-9	12.400	34.000
5/28/2022	4:33 AM	-0.0314307500	44.000	73.000	75.000	0.0000010000	-0.0000126979	7.9661994063E-9	0.0000264556	1.6845889850E-9	12.400	34.000
5/28/2022	4:34 AM	-0.0264018300	44.000	73.000	75.001	0.0000010000	-0.0000127092	3.8800733365E-9	0.0000264774	9.4005583283E-10	12.400	34.000
5/28/2022	4:34 AM	-0.0213729100	44.000	73.000	75.000	0.0000010000	-0.0000127121	8.5079403941E-9	0.0000264585	1.0374906967E-9	12.400	34.000
5/28/2022	4:35 AM	-0.0163439900	44.000	73.000	75.000	0.0000010000	-0.0000127068	4.2813085100E-9	0.0000264724	1.5918144685E-9	12.400	34.000
5/28/2022	4:36 AM	-0.0113150700	44.000	73.000	75.000	0.0000010000	-0.0000127174	5.7418145741E-9	0.0000264654	1.0424886990E-9	12.400	34.000
5/28/2022	4:36 AM	-0.0062861500	44.000	73.000	75.001	0.0000010000	-0.0000127022	3.4250023473E-9	0.0000264918	1.0881676449E-9	12.400	34.000
5/28/2022	4:37 AM	-0.0012572300	44.000	73.000	75.000	0.0000010000	-0.0000126956	4.9452664547E-9	0.0000264444	1.8622343076E-9	12.400	34.000
5/28/2022	4:38 AM	0.0037716900	44.000	73.000	75.000	0.0000010000	-0.0000127065	6.6933248191E-9	0.0000264711	3.0955735648E-10	12.400	34.000
5/28/2022	4:38 AM	0.0088006100	44.000	73.000	75.001	0.0000010000	-0.0000127128	6.2893651141E-9	0.0000264752	7.2166385809E-10	12.400	34.000
5/28/2022	4:39 AM	0.0138295300	44.000	73.000	75.000	0.0000010000	-0.0000127275	4.2949937253E-9	0.0000264540	1.1319019040E-9	12.400	34.000
5/28/2022	4:39 AM	0.0188584500	44.000	73.000	75.001	0.0000010000	-0.0000127103	5.0041208504E-9	0.0000264617	1.1156011653E-9	12.400	34.000
5/28/2022	4:40 AM	0.0238873700	44.000	73.000	74.999	0.0000010000	-0.0000127124	4.5850441053E-9	0.0000264831	1.0000000000E-10	12.400	34.000
5/28/2022	4:41 AM	0.0289162900	44.000	73.000	75.001	0.0000010000	-0.0000120818	5.3488062340E-9	0.0000267960	2.0962464778E-9	12.400	34.000
5/28/2022	4:42 AM	0.0339452100	44.000	73.000	75.000	0.0000010000	-0.0000118949	9.4319864219E-9	0.0000271387	4.1402208188E-10	12.400	34.000
5/28/2022	4:42 AM	0.0389741300	44.000	73.000	75.000	0.0000010000	-0.0000117798	3.6039907672E-9	0.0000272211	2.0768645029E-9	12.400	34.000
5/28/2022	4:43 AM	0.0440030500	44.000	73.000	75.000	0.0000010000	-0.0000116945	5.5130071893E-9	0.0000273434	9.5726092816E-10	12.400	34.000
5/28/2022	4:44 AM	0.0490319700	44.000	73.000	74.999	0.0000010000	-0.0000116409	6.1114936742E-9	0.0000273848	2.5495097568E-10	12.400	34.000
5/28/2022	4:44 AM	0.0540608900	44.000	73.000	75.000	0.0000010000	-0.0000116233	5.9069844185E-9	0.0000273780	9.0829510623E-10	12.400	34.000
5/28/2022	4:45 AM	0.0590898100	44.000	73.000	75.000	0.0000010000	-0.0000116074	5.0968908695E-9	0.0000273882	4.7855777343E-10	12.400	34.000
5/28/2022	4:46 AM	0.0641187300	44.000	73.000	75.001	0.0000010000	-0.0000116147	5.3929964318E-9	0.0000273830	1.5558980572E-9	12.400	34.000
5/28/2022	4:46 AM	0.0691476500	44.000	73.000	75.000	0.0000010000	-0.0000116114	9.1028401840E-9	0.0000273627	3.7339019707E-9	12.400	34.000
5/28/2022	4:47 AM	0.0741765700	44.000	73.000	75.000	0.0000010000	-0.0000116129	5.0365383573E-9	0.0000274138	7.2559935005E-10	12.400	34.000
5/28/2022	4:48 AM	0.0792054900	44.000	73.000	75.000	0.0000010000	-0.0000115936	7.2301318116E-9	0.0000273890	1.1784100912E-9	12.400	34.000
5/28/2022	4:48 AM	0.0842344100	44.000	73.000	74.999	0.0000010000	-0.0000115982	1.0274019082E-8	0.0000274043	1.2247448714E-10	12.400	34.000
5/28/2022	4:49 AM	0.0892633300	44.000	73.000	75.000	0.0000010000	-0.0000116146	4.7315629137E-9	0.0000273694	2.2154195801E-9	12.400	34.000
5/28/2022	4:50 AM	0.0942922500	44.000	73.000	75.000	0.0000010000	-0.0000116132	7.3303775731E-9	0.0000274060	7.2166385809E-10	12.400	34.000
5/28/2022	4:50 AM	0.0993211700	44.000	73.000	75.000	0.0000010000	-0.0000116049	2.6811015323E-9	0.0000273815	2.2735334631E-9	12.400	34.000
5/28/2022	4:51 AM	0.1043500900	44.000	73.000	75.000	0.0000010000	-0.0000116145	5.8427053003E-9	0.0000274059	7.5522851952E-10	12.400	34.000
5/28/2022	4:51 AM	0.1093790100	44.000	73.000	75.001	0.0000010000	-0.0000115948	5.5033070049E-9	0.0000273897	9.4425345123E-10	12.400	34.000
5/28/2022	4:52 AM	0.1144079300	44.000	73.000	75.001	0.0000010000	-0.0000116099	5.7966239331E-9	0.0000274010	3.5355339059E-10	12.400	34.000
5/28/2022	4:53 AM	0.1194368500	44.000	73.000	75.000	0.0000010000	-0.0000116086	6.0847218283E-9	0.0000273768	2.2032673847E-9	12.400	34.000
5/28/2022	4:53 AM	0.1244657700	44.000	73.000	75.000	0.0000010000	-0.0000116032	5.3838700235E-9	0.0000273984	1.3951867234E-9	12.400	34.000
5/28/2022	4:54 AM	0.1294946900	44.000	73.000	74.999	0.0000010000	-0.0000116139	8.1235808694E-9	0.0000273962	1.9402834783E-9	12.400	34.000
5/28/2022	4:55 AM	0.1345236100	44.000	73.000	75.001	0.0000010000	-0.0000116088	3.6193327046E-9	0.0000274033	1.1924716621E-9	12.400	34.000
5/28/2022	4:55 AM	0.1395525300	44.000	73.000	75.000	0.0000010000	-0.0000115993	8.2525695444E-9	0.0000274239	6.2440442409E-10	12.400	34.000
5/28/2022	4:56 AM	0.1445814500	44.000	73.000	75.000	0.0000010000	-0.0000116017	7.2103557717E-9	0.0000274104	3.0955735648E-10	12.400	34.000
5/28/2022	4:57 AM	0.1496103700	44.000	73.000	75.001	0.0000010000	-0.0000116068	8.0571758596E-9	0.0000274031	3.2360679775E-10	12.400	34.000
5/28/2022	4:57 AM	0.1546392900	44.000	73.000	75.000	0.0000010000	-0.0000116136	5.2816249047E-9	0.0000274112	6.1478150705E-10	12.400	34.000
5/28/2022	4:58 AM	0.1596682100	44.000	73.000	75.000	0.0000010000	-0.0000116090	6.6310369944E-9	0.0000273959	6.3011626335E-10	12.400	34.000
5/28/2022	4:59 AM	0.1646971300	44.000	73.000	75.000	0.0000010000	-0.0000116165	7.1490226919E-9	0.0000273783	2.3557179469E-9	12.400	34.000
5/28/2022	4:59 AM	0.1697260500	44.000	73.000	75.000	0.0000010000	-0.0000116176	6.9157021602E-9	0.0000273894	6.2048368230E-10	12.400	34.000
5/28/2022	5:00 AM	0.1747549700	44.000	73.000	75.000	0.0000010000	-0.0000115954	5.6362050383E-9	0.0000273923	2.0579115627E-9	12.400	34.000
5/28/2022	5:01 AM	0.1797838900	44.000	73.000	75.001	0.0000010000	-0.0000116009	5.7351694515E-9	0.0000273859	1.4375883473E-9	12.400	34.000
5/28/2022	5:01 AM	0.1848128100	0.900	73.000	75.000	0.0000010000	-0.0000116027	6.2455771245E-9	0.0000273966	1.0548556983E-9	12.400	34.000
5/28/2022	5:02 AM	0.1898417300	44.000	73.000	75.000	0.0000010000	-0.0000116251	4.9459866183E-9	0.0000273768	5.7185459393E-9	12.400	34.000
5/28/2022	5:03 AM	0.1948706500	44.000	73.000	75.000	0.0000010000	-0.0000115971	7.0152607127E-9	0.0000273781	2.1542065781E-9	12.400	34.000
5/28/2022	5:03 AM	0.1998995700	44.000	73.000	75.000	0.0000010000	-0.0000116014	6.6455532759E-9	0.0000274056	5.9328478957E-10	12.400	34.000
5/28/2022	5:04 AM	0.2049284900	44.000	73.000	75.000	0.0000010000	-0.0000116224	5.3251923824E-9	0.0000273996	6.5076379411E-10	12.400	34.000
5/28/2022	5:05 AM	0.2099574100	44.000	73.000	75.000	0.0000010000	-0.0000116125	5.5887442334E-9	0.0000274101	5.8615541191E-10	12.400	34.000
5/28/2022	5:05 AM	0.2149863300	44.000	73.000	75.000	0.0000010000	-0.0000116023	4.1833632869E-9	0.0000273906	1.3022703843E-9	12.400	34.000
5/28/2022	5:06 AM	0.2200152500	44.000	73.000	75.000	0.0000010000	-0.0000115923	4.9374593443E-9	0.0000274212	1.0091825995E-9	12.400	34.000
5/28/2022	5:07 AM	0.2250441700	44.000	73.000	75.000	0.0000010000	-0.0000115846	6.8304612034E-9	0.0000273844	1.5335768339E-9	12.400	34.000
5/28/2022	5:07 AM	0.2300730900	44.000	73.000	75.000	0.0000010000	-0.0000115895	6.9830351839E-9	0.0000273952	2.1190861639E-9	12.400	34.000
5/28/2022	5:08 AM	0.2351020100	44.000	73.000	75.000	0.0000010000	-0.0000116136	6.2678864635E-9	0.0000273976	4.5495097568E-10	12.400	34.000
5/28/2022	5:09 AM	0.2401309300	44.000	73.000	75.000	0.0000010000	-0.0000115968	6.9126181855E-9	0.0000274041	3.2247448714E-10	12.400	34.000
5/28/2022	5:09 AM	0.2451598500	44.000	73.000	75.000	0.0000010000	-0.0000116074	4.4070625412E-9	0.0000273887	1.2979148551E-9	12.400	34.000
5/28/2022	5:10 AM	0.2501887700	44.000	73.000	75.000	0.0000010000	-0.0000115891	4.2647569734E-9	0.0000273913	4.1306485869E-10	12.400	34.000
