! User Name:	Aditya_Kumar
! Sample Name:	CH1_FGT_OFGT_hbN_CH2_FGT_OFGT_CPS_FCP8Tf220K
! Sample ID:	MASA697_-2p7V
! Date:	11/30/2023	Time:	11:25 PM
! Current Source:	Keithley 224 Current Source
! Voltmeter V1:	Keithley 182 Degital voltmeter
! Voltmeter V2:	Keithley 2182A  NanoVoltmeter
! V1 (volts):	Rxy
! V2 (volts):	_
! Max Field (Tesla):7.999754	! Data points (0_maxT:3.000000	! Average Number:5.000000	
! Comments:	5mmx10mm, gated in AHE setup
! 
! 
! 
! 
Data	Time	Magnetic Field (T)	Helium Level (%)	VTI Temperature (K)	Sample Temparture (K)	Current (A) 	Voltage-1(V)	Std. of V1	Voltage-2 (V)	Std. of V2	VTI  Heater Power (%)	Sample Heater Power (%)
11/30/2023	11:27 PM	0.3997991400	41.400	2.992	4.997	0.0001000000	-0.0000387975	1.6605369763E-8	-0.0000387975	1.6605369763E-8	2.800	14.900
11/30/2023	11:27 PM	0.3997991400	50.600	7.995	9.991	0.0001000000	-0.0034209074	4.6404907935E-8	-0.0034209074	4.6404907935E-8	4.600	27.800
11/30/2023	11:28 PM	0.3004779700	50.600	8.000	10.008	0.0001000000	-0.0000387926	3.7779414861E-8	-0.0000387926	3.7779414861E-8	4.600	27.500
11/30/2023	11:28 PM	0.3004779700	50.600	8.003	9.993	0.0001000000	-0.0034211479	5.7025031064E-8	-0.0034211479	5.7025031064E-8	4.600	27.800
11/30/2023	11:29 PM	0.1998995700	50.600	7.994	10.006	0.0001000000	-0.0000387918	2.1599380105E-8	-0.0000387918	2.1599380105E-8	4.600	27.600
11/30/2023	11:29 PM	0.1998995700	50.600	8.006	9.993	0.0001000000	-0.0034213536	6.0738897521E-8	-0.0034213536	6.0738897521E-8	4.600	27.800
11/30/2023	11:30 PM	0.1005784000	50.600	7.993	10.003	0.0001000000	-0.0000387853	1.7898145928E-8	-0.0000387853	1.7898145928E-8	4.600	27.700
11/30/2023	11:30 PM	0.1005784000	50.600	8.008	9.996	0.0001000000	-0.0034216408	4.5173911061E-8	-0.0034216408	4.5173911061E-8	4.600	27.700
11/30/2023	11:31 PM	0.0000000000	50.600	7.992	10.002	0.0001000000	-0.0000387973	1.9945390493E-8	-0.0000387973	1.9945390493E-8	4.600	27.700
11/30/2023	11:31 PM	0.0000000000	50.600	8.010	9.995	0.0001000000	-0.0034217412	4.5595035713E-8	-0.0034217412	4.5595035713E-8	4.600	27.700
11/30/2023	11:32 PM	-0.0050289200	50.600	7.992	10.002	0.0001000000	-0.0000388005	1.8183601424E-8	-0.0000388005	1.8183601424E-8	4.600	27.700
11/30/2023	11:32 PM	-0.0050289200	50.600	8.005	9.998	0.0001000000	-0.0034217427	4.4326568213E-8	-0.0034217427	4.4326568213E-8	4.600	27.700
11/30/2023	11:33 PM	-0.0100578400	50.600	7.995	10.001	0.0001000000	-0.0000388113	1.5711371474E-8	-0.0000388113	1.5711371474E-8	4.600	27.700
11/30/2023	11:33 PM	-0.0100578400	50.600	8.004	9.999	0.0001000000	-0.0034216829	4.8178244219E-8	-0.0034216829	4.8178244219E-8	4.600	27.700
11/30/2023	11:34 PM	-0.0150867600	50.600	7.996	9.999	0.0001000000	-0.0000388040	1.6359232312E-8	-0.0000388040	1.6359232312E-8	4.600	27.700
11/30/2023	11:34 PM	-0.0150867600	50.600	8.002	10.002	0.0001000000	-0.0034217947	4.6646555620E-8	-0.0034217947	4.6646555620E-8	4.600	27.700
11/30/2023	11:35 PM	-0.0201156800	50.600	7.999	9.996	0.0001000000	-0.0000387964	1.9353407287E-8	-0.0000387964	1.9353407287E-8	4.600	27.800
11/30/2023	11:35 PM	-0.0201156800	50.600	8.000	10.005	0.0001000000	-0.0034217542	4.8290475517E-8	-0.0034217542	4.8290475517E-8	4.600	27.600
11/30/2023	11:36 PM	-0.0251446000	50.600	8.002	9.996	0.0001000000	-0.0000388040	1.0852558294E-8	-0.0000388040	1.0852558294E-8	4.600	27.800
11/30/2023	11:36 PM	-0.0251446000	50.600	7.996	10.003	0.0001000000	-0.0034217137	4.4612664591E-8	-0.0034217137	4.4612664591E-8	4.600	27.700
11/30/2023	11:37 PM	-0.0301735200	50.600	8.003	9.997	0.0001000000	-0.0000388508	1.5802778811E-8	-0.0000388508	1.5802778811E-8	4.600	27.700
11/30/2023	11:37 PM	-0.0301735200	50.600	7.996	10.002	0.0001000000	-0.0034217180	4.8593428054E-8	-0.0034217180	4.8593428054E-8	4.600	27.700
11/30/2023	11:38 PM	-0.0352024400	50.600	8.004	9.998	0.0001000000	-0.0000388625	1.6695272656E-8	-0.0000388625	1.6695272656E-8	4.600	27.700
11/30/2023	11:38 PM	-0.0352024400	50.600	7.996	10.001	0.0001000000	-0.0034217226	4.5941514239E-8	-0.0034217226	4.5941514239E-8	4.600	27.700
11/30/2023	11:39 PM	-0.0402313600	50.600	8.005	9.999	0.0001000000	-0.0000388514	1.7700644159E-8	-0.0000388514	1.7700644159E-8	4.600	27.700
11/30/2023	11:39 PM	-0.0402313600	50.600	7.995	9.999	0.0001000000	-0.0034217133	4.6487158215E-8	-0.0034217133	4.6487158215E-8	4.600	27.700
11/30/2023	11:40 PM	-0.0452602800	50.600	8.002	10.001	0.0001000000	-0.0000388556	1.6403367855E-8	-0.0000388556	1.6403367855E-8	4.600	27.700
11/30/2023	11:40 PM	-0.0452602800	50.600	8.001	9.996	0.0001000000	-0.0034218457	4.9211984400E-8	-0.0034218457	4.9211984400E-8	4.600	27.800
11/30/2023	11:41 PM	-0.0502892000	50.600	7.998	10.005	0.0001000000	-0.0000388827	1.6342603528E-8	-0.0000388827	1.6342603528E-8	4.600	27.600
11/30/2023	11:41 PM	-0.0502892000	50.600	8.001	9.995	0.0001000000	-0.0034218347	5.2805435549E-8	-0.0034218347	5.2805435549E-8	4.600	27.800
11/30/2023	11:42 PM	-0.0553181200	50.600	7.996	10.004	0.0001000000	-0.0000388715	1.8571893172E-8	-0.0000388715	1.8571893172E-8	4.600	27.700
11/30/2023	11:42 PM	-0.0553181200	50.600	8.004	9.996	0.0001000000	-0.0034218928	5.4056269701E-8	-0.0034218928	5.4056269701E-8	4.600	27.800
11/30/2023	11:43 PM	-0.0603470400	50.600	7.995	10.004	0.0001000000	-0.0000239693	1.7112598117E-8	-0.0000239693	1.7112598117E-8	4.600	27.700
11/30/2023	11:43 PM	-0.0603470400	50.600	8.005	9.996	0.0001000000	-0.0034218210	4.5355488131E-8	-0.0034218210	4.5355488131E-8	4.600	27.800
11/30/2023	11:44 PM	-0.0653759600	50.600	7.995	10.001	0.0001000000	-0.0000239561	1.7784915293E-8	-0.0000239561	1.7784915293E-8	4.600	27.700
11/30/2023	11:44 PM	-0.0653759600	50.600	8.002	9.999	0.0001000000	-0.0034217874	5.4170511364E-8	-0.0034217874	5.4170511364E-8	4.600	27.700
11/30/2023	11:45 PM	-0.0704048800	50.600	7.998	9.999	0.0001000000	-0.0000239356	1.4790278864E-8	-0.0000239356	1.4790278864E-8	4.600	27.700
11/30/2023	11:46 PM	-0.0704048800	50.600	8.002	10.002	0.0001000000	-0.0034217826	5.1558063707E-8	-0.0034217826	5.1558063707E-8	4.600	27.600
11/30/2023	11:46 PM	-0.0754338000	50.600	7.999	9.997	0.0001000000	-0.0000239174	1.7257364259E-8	-0.0000239174	1.7257364259E-8	4.600	27.800
11/30/2023	11:47 PM	-0.0754338000	50.600	7.997	10.003	0.0001000000	-0.0034218831	5.2731807661E-8	-0.0034218831	5.2731807661E-8	4.600	27.600
11/30/2023	11:47 PM	-0.0804627200	50.600	8.002	9.997	0.0001000000	-0.0000238608	2.1318446997E-8	-0.0000238608	2.1318446997E-8	4.600	27.700
11/30/2023	11:48 PM	-0.0804627200	50.600	7.996	10.001	0.0001000000	-0.0034218501	4.7759579119E-8	-0.0034218501	4.7759579119E-8	4.600	27.700
11/30/2023	11:48 PM	-0.0854916400	50.600	8.003	9.999	0.0001000000	-0.0000238296	1.8502898874E-8	-0.0000238296	1.8502898874E-8	4.600	27.700
11/30/2023	11:49 PM	-0.0854916400	50.600	7.996	10.002	0.0001000000	-0.0034218240	4.6564006281E-8	-0.0034218240	4.6564006281E-8	4.600	27.700
11/30/2023	11:49 PM	-0.0905205600	50.600	8.005	10.000	0.0001000000	-0.0000238038	1.6165365164E-8	-0.0000238038	1.6165365164E-8	4.600	27.700
11/30/2023	11:50 PM	-0.0905205600	50.600	7.995	10.000	0.0001000000	-0.0034218747	5.5541089588E-8	-0.0034218747	5.5541089588E-8	4.600	27.700
11/30/2023	11:50 PM	-0.0955494800	50.600	8.003	10.000	0.0001000000	-0.0000237734	1.7221188609E-8	-0.0000237734	1.7221188609E-8	4.600	27.700
11/30/2023	11:51 PM	-0.0955494800	50.600	7.995	10.001	0.0001000000	-0.0034218429	4.4209173932E-8	-0.0034218429	4.4209173932E-8	4.600	27.700
11/30/2023	11:51 PM	-0.1005784000	50.600	8.004	9.999	0.0001000000	-0.0000237276	2.1006049783E-8	-0.0000237276	2.1006049783E-8	4.600	27.700
11/30/2023	11:52 PM	-0.1005784000	50.600	7.997	9.999	0.0001000000	-0.0034217836	4.5851121656E-8	-0.0034217836	4.5851121656E-8	4.600	27.700
11/30/2023	11:52 PM	-0.1056073200	49.200	8.004	9.998	0.0001000000	-0.0000236908	1.9973579295E-8	-0.0000236908	1.9973579295E-8	4.600	27.700
11/30/2023	11:53 PM	-0.1056073200	49.200	7.996	10.001	0.0001000000	-0.0034218429	4.6208826507E-8	-0.0034218429	4.6208826507E-8	4.600	27.700
11/30/2023	11:53 PM	-0.1093790100	49.200	8.002	10.004	0.0001000000	-0.0000236299	2.1459429839E-8	-0.0000236299	2.1459429839E-8	4.600	27.600
11/30/2023	11:54 PM	-0.1093790100	49.200	7.999	9.995	0.0001000000	-0.0034218467	4.7761923506E-8	-0.0034218467	4.7761923506E-8	4.600	27.800
11/30/2023	11:54 PM	-0.1144079300	49.200	8.000	10.005	0.0001000000	-0.0000235902	1.6292632627E-8	-0.0000235902	1.6292632627E-8	4.600	27.600
11/30/2023	11:55 PM	-0.1144079300	49.200	8.001	9.995	0.0001000000	-0.0034218815	5.0378755512E-8	-0.0034218815	5.0378755512E-8	4.600	27.800
11/30/2023	11:55 PM	-0.1194368500	49.200	7.997	10.005	0.0001000000	-0.0000235593	1.5965581416E-8	-0.0000235593	1.5965581416E-8	4.600	27.600
11/30/2023	11:56 PM	-0.1194368500	49.200	8.003	9.995	0.0001000000	-0.0034218779	5.0215280524E-8	-0.0034218779	5.0215280524E-8	4.600	27.800
11/30/2023	11:57 PM	-0.1244657700	49.200	7.995	10.004	0.0001000000	-0.0000234819	1.7552001746E-8	-0.0000234819	1.7552001746E-8	4.600	27.600
11/30/2023	11:57 PM	-0.1244657700	49.200	8.003	9.998	0.0001000000	-0.0034218830	5.2391300908E-8	-0.0034218830	5.2391300908E-8	4.600	27.800
11/30/2023	11:58 PM	-0.1294946900	49.200	7.997	10.003	0.0001000000	-0.0000234125	1.6339466216E-8	-0.0000234125	1.6339466216E-8	4.600	27.600
11/30/2023	11:58 PM	-0.1294946900	49.200	8.003	9.998	0.0001000000	-0.0034219141	4.6116461976E-8	-0.0034219141	4.6116461976E-8	4.600	27.700
11/30/2023	11:59 PM	-0.1345236100	49.200	7.995	10.000	0.0001000000	-0.0000233168	2.4298115444E-8	-0.0000233168	2.4298115444E-8	4.600	27.700
11/30/2023	11:59 PM	-0.1345236100	49.200	8.005	9.999	0.0001000000	-0.0034218844	4.6829944642E-8	-0.0034218844	4.6829944642E-8	4.600	27.700
12/1/2023	12:00 AM	-0.1395525300	49.200	7.996	10.000	0.0001000000	-0.0000232009	1.8212893452E-8	-0.0000232009	1.8212893452E-8	4.600	27.700
12/1/2023	12:00 AM	-0.1395525300	49.200	8.003	10.001	0.0001000000	-0.0034218476	5.1802226544E-8	-0.0034218476	5.1802226544E-8	4.600	27.700
12/1/2023	12:01 AM	-0.1445814500	49.200	7.997	9.998	0.0001000000	-0.0000229397	1.9389116668E-8	-0.0000229397	1.9389116668E-8	4.600	27.700
12/1/2023	12:01 AM	-0.1445814500	49.200	8.002	10.002	0.0001000000	-0.0034218516	4.9234781290E-8	-0.0034218516	4.9234781290E-8	4.600	27.700
12/1/2023	12:02 AM	-0.1496103700	49.200	7.999	9.998	0.0001000000	-0.0000227298	2.3894150350E-8	-0.0000227298	2.3894150350E-8	4.600	27.700
12/1/2023	12:02 AM	-0.1496103700	49.200	7.998	10.001	0.0001000000	-0.0034219173	4.4003108655E-8	-0.0034219173	4.4003108655E-8	4.600	27.700
12/1/2023	12:03 AM	-0.1546392900	49.200	8.001	9.998	0.0001000000	-0.0000224704	2.2123162321E-8	-0.0000224704	2.2123162321E-8	4.600	27.800
12/1/2023	12:03 AM	-0.1546392900	49.200	8.000	10.000	0.0001000000	-0.0034219417	5.3737577776E-8	-0.0034219417	5.3737577776E-8	4.600	27.700
12/1/2023	12:04 AM	-0.1596682100	49.200	8.000	10.000	0.0001000000	-0.0000219428	1.6524661515E-8	-0.0000219428	1.6524661515E-8	4.600	27.700
12/1/2023	12:04 AM	-0.1596682100	49.200	8.000	9.999	0.0001000000	-0.0034219207	5.2265311345E-8	-0.0034219207	5.2265311345E-8	4.600	27.700
12/1/2023	12:05 AM	-0.1646971300	49.200	8.001	9.999	0.0001000000	-0.0000214406	1.4341495480E-8	-0.0000214406	1.4341495480E-8	4.600	27.800
12/1/2023	12:05 AM	-0.1646971300	49.200	7.999	10.000	0.0001000000	-0.0034219218	4.9013327358E-8	-0.0034219218	4.9013327358E-8	4.600	27.700
12/1/2023	12:06 AM	-0.1697260500	49.200	8.001	10.000	0.0001000000	-0.0000209553	1.9409659641E-8	-0.0000209553	1.9409659641E-8	4.600	27.700
12/1/2023	12:06 AM	-0.1697260500	49.200	7.997	9.999	0.0001000000	-0.0034378771	5.2165439135E-8	-0.0034378771	5.2165439135E-8	4.600	27.700
12/1/2023	12:07 AM	-0.1747549700	49.200	8.002	10.000	0.0001000000	-0.0000203987	2.4240151090E-8	-0.0000203987	2.4240151090E-8	4.600	27.700
12/1/2023	12:07 AM	-0.1747549700	49.200	7.996	10.001	0.0001000000	-0.0034378372	5.2093568908E-8	-0.0034378372	5.2093568908E-8	4.600	27.700
12/1/2023	12:08 AM	-0.1797838900	49.200	8.005	9.999	0.0001000000	-0.0000201595	2.7365052121E-8	-0.0000201595	2.7365052121E-8	4.600	27.700
12/1/2023	12:08 AM	-0.1797838900	49.200	7.995	10.000	0.0001000000	-0.0034378374	5.3524262977E-8	-0.0034378374	5.3524262977E-8	4.600	27.800
12/1/2023	12:09 AM	-0.1848128100	49.200	8.004	10.002	0.0001000000	-0.0000200357	1.7945091483E-8	-0.0000200357	1.7945091483E-8	4.600	27.700
12/1/2023	12:09 AM	-0.1848128100	49.200	7.994	9.998	0.0001000000	-0.0034378430	4.8656400265E-8	-0.0034378430	4.8656400265E-8	4.600	27.800
12/1/2023	12:10 AM	-0.1898417300	49.200	8.003	10.004	0.0001000000	-0.0000199688	1.3160389084E-8	-0.0000199688	1.3160389084E-8	4.600	27.600
12/1/2023	12:10 AM	-0.1898417300	49.200	7.997	9.996	0.0001000000	-0.0034374428	5.3457750151E-8	-0.0034374428	5.3457750151E-8	4.600	27.800
12/1/2023	12:11 AM	-0.1948706500	49.200	8.002	10.005	0.0001000000	-0.0000199586	1.6554356158E-8	-0.0000199586	1.6554356158E-8	4.600	27.600
12/1/2023	12:11 AM	-0.1948706500	49.200	7.999	9.996	0.0001000000	-0.0034374298	5.1993594659E-8	-0.0034374298	5.1993594659E-8	4.600	27.800
12/1/2023	12:12 AM	-0.1998995700	49.200	8.001	10.004	0.0001000000	-0.0000199421	1.5309809157E-8	-0.0000199421	1.5309809157E-8	4.600	27.700
12/1/2023	12:12 AM	-0.1998995700	49.200	7.999	9.996	0.0001000000	-0.0034375116	5.0724947948E-8	-0.0034375116	5.0724947948E-8	4.600	27.800
12/1/2023	12:13 AM	-0.2049284900	49.200	8.000	10.004	0.0001000000	-0.0000199329	1.6260083203E-8	-0.0000199329	1.6260083203E-8	4.600	27.600
12/1/2023	12:13 AM	-0.2049284900	49.200	7.999	9.996	0.0001000000	-0.0034374520	4.6503452435E-8	-0.0034374520	4.6503452435E-8	4.600	27.800
12/1/2023	12:14 AM	-0.2099574100	49.200	7.998	10.004	0.0001000000	-0.0000199227	2.1032717191E-8	-0.0000199227	2.1032717191E-8	4.600	27.600
12/1/2023	12:14 AM	-0.2099574100	49.200	8.003	9.996	0.0001000000	-0.0034374669	4.5931975572E-8	-0.0034374669	4.5931975572E-8	4.600	27.700
12/1/2023	12:15 AM	-0.2149863300	49.200	7.997	10.002	0.0001000000	-0.0000199136	2.1479103083E-8	-0.0000199136	2.1479103083E-8	4.600	27.700
12/1/2023	12:15 AM	-0.2149863300	49.200	8.003	9.998	0.0001000000	-0.0034374414	4.3967708539E-8	-0.0034374414	4.3967708539E-8	4.600	27.700
12/1/2023	12:16 AM	-0.2200152500	49.200	7.995	10.001	0.0001000000	-0.0000199390	1.9642034503E-8	-0.0000199390	1.9642034503E-8	4.600	27.700
12/1/2023	12:16 AM	-0.2200152500	49.200	8.003	9.999	0.0001000000	-0.0034373814	4.7157496532E-8	-0.0034373814	4.7157496532E-8	4.600	27.700
12/1/2023	12:17 AM	-0.2250441700	49.200	7.995	10.001	0.0001000000	-0.0000197542	1.5472468782E-8	-0.0000197542	1.5472468782E-8	4.600	27.700
12/1/2023	12:17 AM	-0.2250441700	49.200	8.004	10.000	0.0001000000	-0.0034374051	4.9573377082E-8	-0.0034374051	4.9573377082E-8	4.600	27.700
12/1/2023	12:18 AM	-0.2300730900	49.200	7.997	10.000	0.0001000000	-0.0000197580	1.9453180034E-8	-0.0000197580	1.9453180034E-8	4.600	27.700
12/1/2023	12:18 AM	-0.2300730900	49.200	8.001	10.004	0.0001000000	-0.0034374112	4.5366492337E-8	-0.0034374112	4.5366492337E-8	4.600	27.600
12/1/2023	12:19 AM	-0.2351020100	49.200	8.000	9.997	0.0001000000	-0.0000197572	1.5799331693E-8	-0.0000197572	1.5799331693E-8	4.600	27.800
12/1/2023	12:19 AM	-0.2351020100	49.200	7.997	10.004	0.0001000000	-0.0034374007	4.5144690133E-8	-0.0034374007	4.5144690133E-8	4.600	27.600
12/1/2023	12:20 AM	-0.2401309300	49.200	8.003	9.997	0.0001000000	-0.0000197674	1.9326452137E-8	-0.0000197674	1.9326452137E-8	4.600	27.800
12/1/2023	12:20 AM	-0.2401309300	49.200	7.996	10.004	0.0001000000	-0.0034374803	5.1113216516E-8	-0.0034374803	5.1113216516E-8	4.600	27.600
12/1/2023	12:21 AM	-0.2451598500	49.200	8.005	9.998	0.0001000000	-0.0000197498	1.4740204123E-8	-0.0000197498	1.4740204123E-8	4.600	27.700
12/1/2023	12:21 AM	-0.2451598500	49.200	7.994	10.004	0.0001000000	-0.0034374616	4.7065348306E-8	-0.0034374616	4.7065348306E-8	4.600	27.700
12/1/2023	12:22 AM	-0.2501887700	49.200	8.005	9.998	0.0001000000	-0.0000197599	2.3357837286E-8	-0.0000197599	2.3357837286E-8	4.600	27.700
12/1/2023	12:22 AM	-0.2501887700	49.200	7.995	10.003	0.0001000000	-0.0034374454	5.0388613315E-8	-0.0034374454	5.0388613315E-8	4.600	27.700
12/1/2023	12:23 AM	-0.2552176900	49.200	8.006	9.997	0.0001000000	-0.0000197653	1.4970532059E-8	-0.0000197653	1.4970532059E-8	4.600	27.700
12/1/2023	12:23 AM	-0.2552176900	49.200	7.995	10.003	0.0001000000	-0.0034366392	4.6824050479E-8	-0.0034366392	4.6824050479E-8	4.600	27.700
12/1/2023	12:24 AM	-0.2602466100	49.200	8.005	9.997	0.0001000000	-0.0000197366	1.9221524336E-8	-0.0000197366	1.9221524336E-8	4.600	27.700
12/1/2023	12:24 AM	-0.2602466100	49.200	7.995	10.002	0.0001000000	-0.0034365847	4.6377018270E-8	-0.0034365847	4.6377018270E-8	4.600	27.700
12/1/2023	12:25 AM	-0.2652755300	49.200	8.004	10.000	0.0001000000	-0.0000197586	1.6893628443E-8	-0.0000197586	1.6893628443E-8	4.600	27.700
12/1/2023	12:25 AM	-0.2652755300	49.200	7.996	9.999	0.0001000000	-0.0034366288	4.5511406635E-8	-0.0034366288	4.5511406635E-8	4.600	27.700
12/1/2023	12:26 AM	-0.2703044500	49.200	8.000	10.003	0.0001000000	-0.0000197652	1.9629975298E-8	-0.0000197652	1.9629975298E-8	4.600	27.600
12/1/2023	12:26 AM	-0.2703044500	49.200	8.002	9.996	0.0001000000	-0.0034365956	5.2191063246E-8	-0.0034365956	5.2191063246E-8	4.600	27.800
12/1/2023	12:27 AM	-0.2753333700	49.200	7.998	10.003	0.0001000000	-0.0000197673	1.6490358017E-8	-0.0000197673	1.6490358017E-8	4.600	27.700
12/1/2023	12:27 AM	-0.2753333700	49.200	8.003	9.996	0.0001000000	-0.0034366481	5.0362213087E-8	-0.0034366481	5.0362213087E-8	4.600	27.800
12/1/2023	12:28 AM	-0.2803622900	49.200	7.998	10.003	0.0001000000	-0.0000197696	1.8292512650E-8	-0.0000197696	1.8292512650E-8	4.600	27.700
12/1/2023	12:28 AM	-0.2803622900	49.200	8.002	9.998	0.0001000000	-0.0034365288	4.3789848678E-8	-0.0034365288	4.3789848678E-8	4.600	27.700
12/1/2023	12:29 AM	-0.2853912100	49.200	7.996	10.003	0.0001000000	-0.0000197676	2.3798556007E-8	-0.0000197676	2.3798556007E-8	4.600	27.600
12/1/2023	12:29 AM	-0.2853912100	49.200	8.005	9.997	0.0001000000	-0.0034365218	5.7428471453E-8	-0.0034365218	5.7428471453E-8	4.600	27.700
12/1/2023	12:30 AM	-0.2904201300	49.200	7.996	10.001	0.0001000000	-0.0000197505	1.9549976216E-8	-0.0000197505	1.9549976216E-8	4.600	27.700
12/1/2023	12:30 AM	-0.2904201300	49.200	8.004	9.999	0.0001000000	-0.0034365129	4.9435334208E-8	-0.0034365129	4.9435334208E-8	4.600	27.700
12/1/2023	12:31 AM	-0.2954490500	49.200	7.995	10.002	0.0001000000	-0.0000197479	1.8460450607E-8	-0.0000197479	1.8460450607E-8	4.600	27.700
12/1/2023	12:31 AM	-0.2954490500	49.200	8.005	9.999	0.0001000000	-0.0034364943	4.6579668458E-8	-0.0034364943	4.6579668458E-8	4.600	27.700
12/1/2023	12:32 AM	-0.3004779700	49.200	7.995	9.999	0.0001000000	-0.0000197530	1.9318636217E-8	-0.0000197530	1.9318636217E-8	4.600	27.700
12/1/2023	12:32 AM	-0.3004779700	49.200	8.003	10.001	0.0001000000	-0.0034364907	4.5089938988E-8	-0.0034364907	4.5089938988E-8	4.600	27.700
12/1/2023	12:33 AM	-0.3055068900	49.200	7.997	9.999	0.0001000000	-0.0000197503	1.7348220222E-8	-0.0000197503	1.7348220222E-8	4.600	27.800
12/1/2023	12:33 AM	-0.3055068900	49.200	8.001	10.004	0.0001000000	-0.0034365664	4.6759163180E-8	-0.0034365664	4.6759163180E-8	4.600	27.600
12/1/2023	12:34 AM	-0.3105358100	49.200	8.000	9.996	0.0001000000	-0.0000197492	1.9085629066E-8	-0.0000197492	1.9085629066E-8	4.600	27.800
12/1/2023	12:34 AM	-0.3105358100	49.200	8.000	10.004	0.0001000000	-0.0034366092	4.3731401828E-8	-0.0034366092	4.3731401828E-8	4.600	27.600
12/1/2023	12:35 AM	-0.3155647300	49.200	8.001	9.995	0.0001000000	-0.0000197606	1.4713880049E-8	-0.0000197606	1.4713880049E-8	4.600	27.800
12/1/2023	12:36 AM	-0.3155647300	49.200	7.995	10.003	0.0001000000	-0.0034365466	4.7912594466E-8	-0.0034365466	4.7912594466E-8	4.600	27.700
12/1/2023	12:36 AM	-0.3205936500	49.200	8.005	9.998	0.0001000000	-0.0000197822	1.7451044665E-8	-0.0000197822	1.7451044665E-8	4.600	27.700
12/1/2023	12:37 AM	-0.3205936500	49.200	7.995	10.001	0.0001000000	-0.0034365148	5.6208877161E-8	-0.0034365148	5.6208877161E-8	4.600	27.700
12/1/2023	12:37 AM	-0.3256225700	49.200	8.003	9.998	0.0001000000	-0.0000197970	1.3500718108E-8	-0.0000197970	1.3500718108E-8	4.600	27.700
12/1/2023	12:38 AM	-0.3256225700	49.200	7.996	9.999	0.0001000000	-0.0034363890	4.3559354031E-8	-0.0034363890	4.3559354031E-8	4.600	27.700
12/1/2023	12:38 AM	-0.3293942600	49.200	8.004	9.997	0.0001000000	-0.0000197865	9.8887421946E-9	-0.0000197865	9.8887421946E-9	4.600	27.700
12/1/2023	12:39 AM	-0.3293942600	49.200	7.996	10.002	0.0001000000	-0.0034363963	4.5548418481E-8	-0.0034363963	4.5548418481E-8	4.600	27.700
12/1/2023	12:39 AM	-0.3344231800	49.200	8.004	9.998	0.0001000000	-0.0000197828	1.4914003119E-8	-0.0000197828	1.4914003119E-8	4.600	27.700
12/1/2023	12:40 AM	-0.3344231800	49.200	7.994	10.001	0.0001000000	-0.0034364600	4.8010836451E-8	-0.0034364600	4.8010836451E-8	4.600	27.700
12/1/2023	12:40 AM	-0.3394521000	49.200	8.006	10.000	0.0001000000	-0.0000197782	1.6487274996E-8	-0.0000197782	1.6487274996E-8	4.600	27.700
12/1/2023	12:41 AM	-0.3394521000	49.200	7.994	10.000	0.0001000000	-0.0034364311	5.0696375616E-8	-0.0034364311	5.0696375616E-8	4.600	27.800
12/1/2023	12:41 AM	-0.3444810200	49.200	8.004	10.002	0.0001000000	-0.0000197816	2.0336029695E-8	-0.0000197816	2.0336029695E-8	4.600	27.600
12/1/2023	12:42 AM	-0.3444810200	49.200	7.995	9.999	0.0001000000	-0.0034364512	5.2426978098E-8	-0.0034364512	5.2426978098E-8	4.600	27.700
12/1/2023	12:42 AM	-0.3495099400	49.200	8.005	10.001	0.0001000000	-0.0000197837	1.8722251402E-8	-0.0000197837	1.8722251402E-8	4.600	27.600
12/1/2023	12:43 AM	-0.3495099400	49.200	7.997	10.000	0.0001000000	-0.0034364760	4.9309615690E-8	-0.0034364760	4.9309615690E-8	4.600	27.700
12/1/2023	12:43 AM	-0.3545388600	49.200	8.003	10.002	0.0001000000	-0.0000197488	2.2814782742E-8	-0.0000197488	2.2814782742E-8	4.600	27.700
12/1/2023	12:44 AM	-0.3545388600	49.200	7.997	9.999	0.0001000000	-0.0034364294	4.4178856336E-8	-0.0034364294	4.4178856336E-8	4.600	27.800
12/1/2023	12:44 AM	-0.3595677800	49.200	8.002	10.003	0.0001000000	-0.0000197602	1.4693457192E-8	-0.0000197602	1.4693457192E-8	4.600	27.600
12/1/2023	12:45 AM	-0.3595677800	49.200	7.998	9.997	0.0001000000	-0.0034364289	4.9132341853E-8	-0.0034364289	4.9132341853E-8	4.600	27.800
12/1/2023	12:45 AM	-0.3645967000	49.200	7.999	10.003	0.0001000000	-0.0000197565	1.6122158017E-8	-0.0000197565	1.6122158017E-8	4.600	27.700
12/1/2023	12:46 AM	-0.3645967000	49.200	8.000	9.996	0.0001000000	-0.0034364300	5.2673909169E-8	-0.0034364300	5.2673909169E-8	4.600	27.800
12/1/2023	12:46 AM	-0.3696256200	49.200	7.999	10.005	0.0001000000	-0.0000197619	1.6031918229E-8	-0.0000197619	1.6031918229E-8	4.600	27.600
12/1/2023	12:47 AM	-0.3696256200	49.200	8.000	9.998	0.0001000000	-0.0034363555	5.6158144469E-8	-0.0034363555	5.6158144469E-8	4.600	27.700
12/1/2023	12:47 AM	-0.3746545400	49.200	7.996	10.005	0.0001000000	-0.0000197527	1.7600562876E-8	-0.0000197527	1.7600562876E-8	4.700	27.700
12/1/2023	12:48 AM	-0.3746545400	49.200	8.004	9.996	0.0001000000	-0.0034363844	4.6886160075E-8	-0.0034363844	4.6886160075E-8	4.600	27.800
12/1/2023	12:48 AM	-0.3796834600	49.200	7.996	10.005	0.0001000000	-0.0000197493	1.6580264811E-8	-0.0000197493	1.6580264811E-8	4.600	27.700
12/1/2023	12:49 AM	-0.3796834600	49.200	8.004	9.996	0.0001000000	-0.0034363481	4.8459456156E-8	-0.0034363481	4.8459456156E-8	4.600	27.800
12/1/2023	12:49 AM	-0.3847123800	49.200	7.997	10.004	0.0001000000	-0.0000197447	1.8299671960E-8	-0.0000197447	1.8299671960E-8	4.600	27.700
12/1/2023	12:50 AM	-0.3847123800	49.200	8.001	9.998	0.0001000000	-0.0034363521	4.5538545422E-8	-0.0034363521	4.5538545422E-8	4.600	27.700
12/1/2023	12:50 AM	-0.3897413000	49.200	7.998	10.001	0.0001000000	-0.0000197354	1.7367507429E-8	-0.0000197354	1.7367507429E-8	4.600	27.700
12/1/2023	12:51 AM	-0.3897413000	49.200	8.003	9.997	0.0001000000	-0.0034363097	5.4591938764E-8	-0.0034363097	5.4591938764E-8	4.600	27.700
12/1/2023	12:51 AM	-0.3947702200	49.200	7.998	10.003	0.0001000000	-0.0000197262	1.6738192847E-8	-0.0000197262	1.6738192847E-8	4.600	27.600
12/1/2023	12:52 AM	-0.3947702200	44.900	8.002	9.997	0.0001000000	-0.0034363213	4.8614884103E-8	-0.0034363213	4.8614884103E-8	4.600	27.700
12/1/2023	12:52 AM	-0.3997991400	44.900	7.996	10.003	0.0001000000	-0.0000197447	2.4046050187E-8	-0.0000197447	2.4046050187E-8	4.600	27.700
12/1/2023	12:53 AM	-0.3997991400	44.900	8.003	9.996	0.0001000000	-0.0034363338	4.6754446193E-8	-0.0034363338	4.6754446193E-8	4.600	27.800
12/1/2023	12:54 AM	-0.3004779700	44.900	7.996	10.005	0.0001000000	-0.0000197392	1.5165639681E-8	-0.0000197392	1.5165639681E-8	4.700	27.700
12/1/2023	12:54 AM	-0.3004779700	44.900	8.001	9.995	0.0001000000	-0.0034365549	5.3285947276E-8	-0.0034365549	5.3285947276E-8	4.600	27.800
12/1/2023	12:55 AM	-0.1998995700	44.900	7.998	10.004	0.0001000000	-0.0000197463	1.4558027537E-8	-0.0000197463	1.4558027537E-8	4.600	27.700
12/1/2023	12:55 AM	-0.1998995700	44.900	8.003	9.995	0.0001000000	-0.0034367382	5.2292055879E-8	-0.0034367382	5.2292055879E-8	4.600	27.800
12/1/2023	12:56 AM	-0.1005784000	44.900	7.996	10.003	0.0001000000	-0.0000197656	1.9624641153E-8	-0.0000197656	1.9624641153E-8	4.700	27.700
12/1/2023	12:56 AM	-0.1005784000	44.900	8.005	9.995	0.0001000000	-0.0034369385	5.1887065399E-8	-0.0034369385	5.1887065399E-8	4.600	27.800
12/1/2023	12:57 AM	0.0000000000	44.900	7.994	10.006	0.0001000000	-0.0000197690	1.6092228830E-8	-0.0000197690	1.6092228830E-8	4.700	27.700
12/1/2023	12:57 AM	0.0000000000	44.900	8.007	9.994	0.0001000000	-0.0034371321	4.5858390862E-8	-0.0034371321	4.5858390862E-8	4.600	27.800
12/1/2023	12:58 AM	0.0050289200	44.900	7.991	10.006	0.0001000000	-0.0000197619	1.3425261606E-8	-0.0000197619	1.3425261606E-8	4.700	27.600
12/1/2023	12:58 AM	0.0050289200	44.900	8.006	9.995	0.0001000000	-0.0034370668	4.9486322021E-8	-0.0034370668	4.9486322021E-8	4.600	27.800
12/1/2023	12:59 AM	0.0100578400	44.900	7.993	10.002	0.0001000000	-0.0000197732	1.8024577500E-8	-0.0000197732	1.8024577500E-8	4.700	27.700
12/1/2023	12:59 AM	0.0100578400	44.900	8.006	10.000	0.0001000000	-0.0034371003	5.5839806129E-8	-0.0034371003	5.5839806129E-8	4.600	27.700
12/1/2023	1:00 AM	0.0150867600	44.900	7.997	9.999	0.0001000000	-0.0000197722	2.2576132871E-8	-0.0000197722	2.2576132871E-8	4.600	27.700
12/1/2023	1:00 AM	0.0150867600	44.900	8.002	10.002	0.0001000000	-0.0034371822	5.0055790269E-8	-0.0034371822	5.0055790269E-8	4.600	27.600
12/1/2023	1:01 AM	0.0201156800	44.900	8.000	9.997	0.0001000000	-0.0000197483	2.2672348324E-8	-0.0000197483	2.2672348324E-8	4.600	27.800
12/1/2023	1:01 AM	0.0201156800	44.900	7.997	10.004	0.0001000000	-0.0034371703	5.2033000647E-8	-0.0034371703	5.2033000647E-8	4.600	27.700
12/1/2023	1:02 AM	0.0251446000	44.900	8.004	9.998	0.0001000000	-0.0000197594	2.0085540679E-8	-0.0000197594	2.0085540679E-8	4.600	27.700
12/1/2023	1:02 AM	0.0251446000	44.900	7.995	10.000	0.0001000000	-0.0034371498	5.4581965998E-8	-0.0034371498	5.4581965998E-8	4.600	27.700
12/1/2023	1:03 AM	0.0301735200	44.900	8.004	10.000	0.0001000000	-0.0000197496	2.5081528520E-8	-0.0000197496	2.5081528520E-8	4.600	27.700
12/1/2023	1:04 AM	0.0301735200	44.900	7.995	10.003	0.0001000000	-0.0034371797	5.3632053981E-8	-0.0034371797	5.3632053981E-8	4.700	27.700
12/1/2023	1:04 AM	0.0352024400	44.900	8.003	9.999	0.0001000000	-0.0000197457	1.7384390483E-8	-0.0000197457	1.7384390483E-8	4.600	27.700
12/1/2023	1:05 AM	0.0352024400	44.900	7.997	10.000	0.0001000000	-0.0034371981	5.7025012875E-8	-0.0034371981	5.7025012875E-8	4.600	27.800
12/1/2023	1:05 AM	0.0402313600	44.900	8.000	10.003	0.0001000000	-0.0000197527	1.7233712452E-8	-0.0000197527	1.7233712452E-8	4.600	27.700
12/1/2023	1:06 AM	0.0402313600	44.900	7.999	9.996	0.0001000000	-0.0034372372	5.3540798741E-8	-0.0034372372	5.3540798741E-8	4.600	27.800
12/1/2023	1:06 AM	0.0452602800	44.900	7.999	10.004	0.0001000000	-0.0000197634	1.6606462917E-8	-0.0000197634	1.6606462917E-8	4.700	27.700
12/1/2023	1:07 AM	0.0452602800	44.900	7.997	9.997	0.0001000000	-0.0034371964	4.7648484517E-8	-0.0034371964	4.7648484517E-8	4.600	27.700
12/1/2023	1:07 AM	0.0502892000	44.900	8.000	10.003	0.0001000000	-0.0000197626	1.7024620277E-8	-0.0000197626	1.7024620277E-8	4.600	27.700
12/1/2023	1:08 AM	0.0502892000	44.900	8.001	9.998	0.0001000000	-0.0034372181	5.0846029891E-8	-0.0034372181	5.0846029891E-8	4.600	27.700
12/1/2023	1:08 AM	0.0553181200	44.900	7.997	10.003	0.0001000000	-0.0000197630	1.8656457930E-8	-0.0000197630	1.8656457930E-8	4.700	27.700
12/1/2023	1:09 AM	0.0553181200	44.900	8.004	9.996	0.0001000000	-0.0034372230	4.9992312924E-8	-0.0034372230	4.9992312924E-8	4.600	27.800
12/1/2023	1:09 AM	0.0603470400	44.900	7.995	10.005	0.0001000000	-0.0000197718	2.3377263695E-8	-0.0000197718	2.3377263695E-8	4.700	27.600
12/1/2023	1:10 AM	0.0603470400	44.900	8.005	9.997	0.0001000000	-0.0034372261	5.8876745478E-8	-0.0034372261	5.8876745478E-8	4.600	27.700
12/1/2023	1:10 AM	0.0653759600	44.900	7.995	10.002	0.0001000000	-0.0000197634	1.6470827197E-8	-0.0000197634	1.6470827197E-8	4.700	27.700
12/1/2023	1:11 AM	0.0653759600	44.900	8.004	9.999	0.0001000000	-0.0034372486	4.2938603681E-8	-0.0034372486	4.2938603681E-8	4.600	27.700
12/1/2023	1:11 AM	0.0704048800	44.900	7.993	10.002	0.0001000000	-0.0000197682	1.8453626555E-8	-0.0000197682	1.8453626555E-8	4.700	27.700
12/1/2023	1:12 AM	0.0704048800	44.900	8.005	9.999	0.0001000000	-0.0034372761	4.5686545421E-8	-0.0034372761	4.5686545421E-8	4.600	27.700
12/1/2023	1:12 AM	0.0754338000	44.900	7.995	10.001	0.0001000000	-0.0000197675	1.6789977852E-8	-0.0000197675	1.6789977852E-8	4.700	27.700
12/1/2023	1:13 AM	0.0754338000	44.900	8.003	10.000	0.0001000000	-0.0034372619	4.7131501226E-8	-0.0034372619	4.7131501226E-8	4.600	27.700
12/1/2023	1:13 AM	0.0804627200	44.900	8.000	9.998	0.0001000000	-0.0000197610	1.6400057713E-8	-0.0000197610	1.6400057713E-8	4.600	27.800
12/1/2023	1:14 AM	0.0804627200	44.900	7.998	10.005	0.0001000000	-0.0034372664	4.7260362812E-8	-0.0034372664	4.7260362812E-8	4.700	27.600
12/1/2023	1:14 AM	0.0854916400	44.900	8.001	9.996	0.0001000000	-0.0000197665	1.5878791059E-8	-0.0000197665	1.5878791059E-8	4.600	27.800
12/1/2023	1:15 AM	0.0854916400	44.900	7.997	10.004	0.0001000000	-0.0034371963	4.4349546521E-8	-0.0034371963	4.4349546521E-8	4.700	27.700
12/1/2023	1:15 AM	0.0905205600	44.900	8.003	9.998	0.0001000000	-0.0000197652	1.2681703126E-8	-0.0000197652	1.2681703126E-8	4.600	27.700
12/1/2023	1:16 AM	0.0905205600	44.900	7.994	10.005	0.0001000000	-0.0034373053	4.5139823331E-8	-0.0034373053	4.5139823331E-8	4.700	27.700
12/1/2023	1:16 AM	0.0955494800	44.900	8.001	9.996	0.0001000000	-0.0000197567	1.8534895214E-8	-0.0000197567	1.8534895214E-8	4.600	27.800
12/1/2023	1:17 AM	0.0955494800	44.900	7.997	10.004	0.0001000000	-0.0034372971	4.8053993982E-8	-0.0034372971	4.8053993982E-8	4.700	27.600
12/1/2023	1:17 AM	0.1005784000	44.900	8.003	9.997	0.0001000000	-0.0000197581	1.9343119016E-8	-0.0000197581	1.9343119016E-8	4.600	27.700
12/1/2023	1:18 AM	0.1005784000	44.900	7.997	10.003	0.0001000000	-0.0034372851	4.8126460588E-8	-0.0034372851	4.8126460588E-8	4.600	27.700
12/1/2023	1:19 AM	0.1056073200	44.900	8.003	9.998	0.0001000000	-0.0000197597	1.7119798263E-8	-0.0000197597	1.7119798263E-8	4.600	27.700
12/1/2023	1:19 AM	0.1056073200	44.900	7.995	10.001	0.0001000000	-0.0034372955	5.5068360747E-8	-0.0034372955	5.5068360747E-8	4.700	27.700
12/1/2023	1:20 AM	0.1093790100	44.900	8.004	9.999	0.0001000000	-0.0000197703	3.0439919319E-8	-0.0000197703	3.0439919319E-8	4.600	27.700
12/1/2023	1:20 AM	0.1093790100	44.900	7.996	10.001	0.0001000000	-0.0034373004	5.4823278288E-8	-0.0034373004	5.4823278288E-8	4.700	27.800
12/1/2023	1:21 AM	0.1144079300	44.900	8.004	9.997	0.0001000000	-0.0000197767	3.3186945518E-8	-0.0000197767	3.3186945518E-8	4.600	27.700
12/1/2023	1:21 AM	0.1144079300	44.900	7.995	10.001	0.0001000000	-0.0034373076	6.5214122054E-8	-0.0034373076	6.5214122054E-8	4.700	27.700
12/1/2023	1:22 AM	0.1194368500	44.900	8.003	9.999	0.0001000000	-0.0000197777	3.2881412538E-8	-0.0000197777	3.2881412538E-8	4.600	27.700
12/1/2023	1:22 AM	0.1194368500	44.900	7.995	10.002	0.0001000000	-0.0034234031	5.3150794907E-8	-0.0034234031	5.3150794907E-8	4.700	27.700
12/1/2023	1:23 AM	0.1244657700	44.900	8.003	10.000	0.0001000000	-0.0000197781	3.2197425413E-8	-0.0000197781	3.2197425413E-8	4.600	27.700
12/1/2023	1:23 AM	0.1244657700	44.900	7.995	9.999	0.0001000000	-0.0034234205	4.8492542159E-8	-0.0034234205	4.8492542159E-8	4.700	27.800
12/1/2023	1:24 AM	0.1294946900	44.900	8.004	10.004	0.0001000000	-0.0000197760	2.3579496812E-8	-0.0000197760	2.3579496812E-8	4.600	27.700
12/1/2023	1:24 AM	0.1294946900	44.900	7.998	9.997	0.0001000000	-0.0034232692	4.7689327792E-8	-0.0034232692	4.7689327792E-8	4.600	27.800
12/1/2023	1:25 AM	0.1345236100	44.900	8.001	10.003	0.0001000000	-0.0000197782	1.9218928049E-8	-0.0000197782	1.9218928049E-8	4.700	27.700
12/1/2023	1:25 AM	0.1345236100	44.900	8.002	9.998	0.0001000000	-0.0034232890	4.5662810455E-8	-0.0034232890	4.5662810455E-8	4.600	27.800
12/1/2023	1:26 AM	0.1395525300	44.900	7.996	10.002	0.0001000000	-0.0000197705	1.5830649152E-8	-0.0000197705	1.5830649152E-8	4.700	27.700
12/1/2023	1:26 AM	0.1395525300	44.900	8.005	9.999	0.0001000000	-0.0034232028	4.9516542639E-8	-0.0034232028	4.9516542639E-8	4.600	27.700
12/1/2023	1:27 AM	0.1445814500	44.900	7.994	10.002	0.0001000000	-0.0000197539	1.9649093427E-8	-0.0000197539	1.9649093427E-8	4.700	27.700
12/1/2023	1:27 AM	0.1445814500	44.900	8.005	9.997	0.0001000000	-0.0034231631	4.3145506709E-8	-0.0034231631	4.3145506709E-8	4.600	27.700
12/1/2023	1:28 AM	0.1496103700	44.900	7.997	10.001	0.0001000000	-0.0000197600	1.7404023697E-8	-0.0000197600	1.7404023697E-8	4.700	27.700
12/1/2023	1:28 AM	0.1496103700	44.900	8.004	10.000	0.0001000000	-0.0034230816	4.9465138663E-8	-0.0034230816	4.9465138663E-8	4.600	27.700
12/1/2023	1:29 AM	0.1546392900	44.900	7.994	10.000	0.0001000000	-0.0000197640	1.4794116679E-8	-0.0000197640	1.4794116679E-8	4.700	27.700
12/1/2023	1:29 AM	0.1546392900	44.900	8.005	9.999	0.0001000000	-0.0034231733	5.4977242062E-8	-0.0034231733	5.4977242062E-8	4.600	27.700
12/1/2023	1:30 AM	0.1596682100	44.900	7.994	9.998	0.0001000000	-0.0000197636	1.8847605255E-8	-0.0000197636	1.8847605255E-8	4.700	27.800
12/1/2023	1:30 AM	0.1596682100	44.900	8.005	10.002	0.0001000000	-0.0034231204	4.9192818527E-8	-0.0034231204	4.9192818527E-8	4.600	27.600
12/1/2023	1:31 AM	0.1646971300	44.900	7.995	9.999	0.0001000000	-0.0000197698	1.9528622020E-8	-0.0000197698	1.9528622020E-8	4.600	27.800
12/1/2023	1:31 AM	0.1646971300	44.900	8.003	10.001	0.0001000000	-0.0034230864	4.5682156126E-8	-0.0034230864	4.5682156126E-8	4.600	27.600
12/1/2023	1:32 AM	0.1697260500	44.900	7.998	9.997	0.0001000000	-0.0000197932	1.2973068283E-8	-0.0000197932	1.2973068283E-8	4.600	27.800
12/1/2023	1:32 AM	0.1697260500	44.900	8.000	10.003	0.0001000000	-0.0034233408	4.7655760075E-8	-0.0034233408	4.7655760075E-8	4.600	27.700
12/1/2023	1:33 AM	0.1747549700	44.900	7.999	9.998	0.0001000000	-0.0000197719	1.8169758524E-8	-0.0000197719	1.8169758524E-8	4.600	27.800
12/1/2023	1:33 AM	0.1747549700	44.900	8.000	10.002	0.0001000000	-0.0034232972	4.8617283484E-8	-0.0034232972	4.8617283484E-8	4.600	27.700
12/1/2023	1:34 AM	0.1797838900	44.900	8.001	9.997	0.0001000000	-0.0000197733	2.0218131669E-8	-0.0000197733	2.0218131669E-8	4.600	27.800
12/1/2023	1:35 AM	0.1797838900	44.900	7.998	10.003	0.0001000000	-0.0034232544	5.4108610655E-8	-0.0034232544	5.4108610655E-8	4.700	27.700
12/1/2023	1:35 AM	0.1848128100	44.900	8.003	9.995	0.0001000000	-0.0000197748	1.8761300246E-8	-0.0000197748	1.8761300246E-8	4.600	27.800
12/1/2023	1:36 AM	0.1848128100	44.900	7.997	10.003	0.0001000000	-0.0034231811	4.9237035307E-8	-0.0034231811	4.9237035307E-8	4.700	27.600
12/1/2023	1:36 AM	0.1898417300	44.900	8.004	9.998	0.0001000000	-0.0000197387	1.6474208471E-8	-0.0000197387	1.6474208471E-8	4.600	27.700
12/1/2023	1:37 AM	0.1898417300	44.900	7.995	10.002	0.0001000000	-0.0034228208	5.7681629670E-8	-0.0034228208	5.7681629670E-8	4.700	27.700
12/1/2023	1:37 AM	0.1948706500	44.900	8.004	9.999	0.0001000000	-0.0000197433	1.7113167504E-8	-0.0000197433	1.7113167504E-8	4.600	27.700
12/1/2023	1:38 AM	0.1948706500	44.900	7.997	9.998	0.0001000000	-0.0034227741	5.8688426059E-8	-0.0034227741	5.8688426059E-8	4.600	27.800
12/1/2023	1:38 AM	0.1998995700	44.900	8.002	10.004	0.0001000000	-0.0000197405	1.7441260434E-8	-0.0000197405	1.7441260434E-8	4.600	27.600
12/1/2023	1:39 AM	0.1998995700	44.900	7.997	9.997	0.0001000000	-0.0034226036	4.9867351975E-8	-0.0034226036	4.9867351975E-8	4.600	27.800
12/1/2023	1:39 AM	0.2049284900	44.900	8.002	10.003	0.0001000000	-0.0000197415	2.1961529045E-8	-0.0000197415	2.1961529045E-8	4.600	27.700
12/1/2023	1:40 AM	0.2049284900	44.900	7.998	9.996	0.0001000000	-0.0034225818	5.3693530528E-8	-0.0034225818	5.3693530528E-8	4.600	27.800
12/1/2023	1:40 AM	0.2099574100	44.900	8.002	10.004	0.0001000000	-0.0000388070	1.8385478445E-8	-0.0000388070	1.8385478445E-8	4.600	27.600
12/1/2023	1:41 AM	0.2099574100	44.900	7.997	9.994	0.0001000000	-0.0034225234	5.0057587399E-8	-0.0034225234	5.0057587399E-8	4.600	27.800
12/1/2023	1:41 AM	0.2149863300	44.900	8.003	10.004	0.0001000000	-0.0000388394	2.0722933078E-8	-0.0000388394	2.0722933078E-8	4.700	27.700
12/1/2023	1:42 AM	0.2149863300	44.900	7.999	9.994	0.0001000000	-0.0034225156	5.0659863193E-8	-0.0034225156	5.0659863193E-8	4.600	27.900
12/1/2023	1:42 AM	0.2200152500	44.900	7.999	10.004	0.0001000000	-0.0000388455	1.8674461890E-8	-0.0000388455	1.8674461890E-8	4.700	27.600
12/1/2023	1:43 AM	0.2200152500	44.900	8.000	9.997	0.0001000000	-0.0034223880	5.1293667509E-8	-0.0034223880	5.1293667509E-8	4.600	27.800
12/1/2023	1:43 AM	0.2250441700	44.900	7.998	10.004	0.0001000000	-0.0000388162	1.8756071622E-8	-0.0000388162	1.8756071622E-8	4.700	27.600
12/1/2023	1:44 AM	0.2250441700	44.900	8.001	9.996	0.0001000000	-0.0034223164	5.0743283048E-8	-0.0034223164	5.0743283048E-8	4.600	27.800
12/1/2023	1:44 AM	0.2300730900	44.900	7.997	10.004	0.0001000000	-0.0000388113	2.8695945332E-8	-0.0000388113	2.8695945332E-8	4.700	27.700
12/1/2023	1:45 AM	0.2300730900	44.900	8.003	9.996	0.0001000000	-0.0034222834	5.1006155819E-8	-0.0034222834	5.1006155819E-8	4.600	27.800
12/1/2023	1:45 AM	0.2351020100	44.900	7.995	10.002	0.0001000000	-0.0000388188	2.9468951506E-8	-0.0000388188	2.9468951506E-8	4.700	27.700
12/1/2023	1:46 AM	0.2351020100	44.900	8.004	9.998	0.0001000000	-0.0034222187	4.6631025638E-8	-0.0034222187	4.6631025638E-8	4.600	27.700
12/1/2023	1:46 AM	0.2401309300	44.900	7.996	10.001	0.0001000000	-0.0000388161	2.1707573283E-8	-0.0000388161	2.1707573283E-8	4.700	27.800
12/1/2023	1:47 AM	0.2401309300	44.900	8.005	10.000	0.0001000000	-0.0034222044	5.6136671210E-8	-0.0034222044	5.6136671210E-8	4.600	27.700
12/1/2023	1:47 AM	0.2451598500	44.900	7.996	9.999	0.0001000000	-0.0000388223	2.7149348018E-8	-0.0000388223	2.7149348018E-8	4.600	27.700
12/1/2023	1:48 AM	0.2451598500	44.900	8.002	10.002	0.0001000000	-0.0034221673	6.1488713594E-8	-0.0034221673	6.1488713594E-8	4.600	27.600
12/1/2023	1:48 AM	0.2501887700	44.900	7.999	9.996	0.0001000000	-0.0000388154	3.0721056196E-8	-0.0000388154	3.0721056196E-8	4.600	27.800
12/1/2023	1:49 AM	0.2501887700	44.900	8.000	10.003	0.0001000000	-0.0034213022	5.4749959797E-8	-0.0034213022	5.4749959797E-8	4.700	27.700
12/1/2023	1:49 AM	0.2552176900	44.900	8.000	9.997	0.0001000000	-0.0000388220	2.2343593962E-8	-0.0000388220	2.2343593962E-8	4.600	27.800
12/1/2023	1:50 AM	0.2552176900	44.900	7.999	10.004	0.0001000000	-0.0034211519	4.8572860791E-8	-0.0034211519	4.8572860791E-8	4.700	27.700
12/1/2023	1:50 AM	0.2602466100	44.900	8.003	9.996	0.0001000000	-0.0000388212	3.3390902598E-8	-0.0000388212	3.3390902598E-8	4.600	27.700
12/1/2023	1:51 AM	0.2602466100	44.900	7.995	10.004	0.0001000000	-0.0034210988	4.5109052094E-8	-0.0034210988	4.5109052094E-8	4.700	27.600
12/1/2023	1:51 AM	0.2652755300	44.900	8.004	9.998	0.0001000000	-0.0000388376	1.6701944668E-8	-0.0000388376	1.6701944668E-8	4.600	27.800
12/1/2023	1:52 AM	0.2652755300	44.900	7.994	10.002	0.0001000000	-0.0034211221	4.7166095412E-8	-0.0034211221	4.7166095412E-8	4.700	27.700
12/1/2023	1:52 AM	0.2703044500	44.000	8.003	9.994	0.0001000000	-0.0000388330	1.7475673965E-8	-0.0000388330	1.7475673965E-8	4.600	27.800
12/1/2023	1:53 AM	0.2703044500	44.000	7.996	10.003	0.0001000000	-0.0034210829	4.8519520775E-8	-0.0034210829	4.8519520775E-8	4.700	27.700
12/1/2023	1:53 AM	0.2753333700	44.000	8.003	9.998	0.0001000000	-0.0000388376	1.3574271248E-8	-0.0000388376	1.3574271248E-8	4.600	27.700
12/1/2023	1:54 AM	0.2753333700	44.000	7.995	10.003	0.0001000000	-0.0034211245	4.7749311298E-8	-0.0034211245	4.7749311298E-8	4.700	27.700
12/1/2023	1:54 AM	0.2803622900	44.000	8.005	9.999	0.0001000000	-0.0000388362	1.8878729498E-8	-0.0000388362	1.8878729498E-8	4.600	27.700
12/1/2023	1:55 AM	0.2803622900	44.000	7.994	10.001	0.0001000000	-0.0034211127	4.3323353393E-8	-0.0034211127	4.3323353393E-8	4.700	27.700
12/1/2023	1:55 AM	0.2853912100	44.000	8.004	10.000	0.0001000000	-0.0000388312	1.3783153936E-8	-0.0000388312	1.3783153936E-8	4.600	27.700
12/1/2023	1:56 AM	0.2853912100	44.000	7.997	9.999	0.0001000000	-0.0034211227	4.2736074599E-8	-0.0034211227	4.2736074599E-8	4.700	27.700
12/1/2023	1:56 AM	0.2904201300	44.000	8.002	10.004	0.0001000000	-0.0000388311	1.7368455666E-8	-0.0000388311	1.7368455666E-8	4.700	27.600
12/1/2023	1:57 AM	0.2904201300	44.000	7.999	9.994	0.0001000000	-0.0034210290	4.5351620756E-8	-0.0034210290	4.5351620756E-8	4.600	27.800
12/1/2023	1:57 AM	0.2954490500	44.000	8.000	10.004	0.0001000000	-0.0000388312	1.5584839670E-8	-0.0000388312	1.5584839670E-8	4.700	27.600
12/1/2023	1:58 AM	0.2954490500	44.000	8.001	9.996	0.0001000000	-0.0034210421	5.4270083636E-8	-0.0034210421	5.4270083636E-8	4.600	27.800
12/1/2023	1:58 AM	0.3004779700	44.000	7.997	10.004	0.0001000000	-0.0000388254	2.3062178030E-8	-0.0000388254	2.3062178030E-8	4.700	27.600
12/1/2023	1:59 AM	0.3004779700	44.000	8.002	9.999	0.0001000000	-0.0034210081	6.3080007805E-8	-0.0034210081	6.3080007805E-8	4.600	27.700
12/1/2023	1:59 AM	0.3055068900	44.000	7.997	10.002	0.0001000000	-0.0000388180	5.4724601374E-8	-0.0000388180	5.4724601374E-8	4.700	27.700
12/1/2023	2:00 AM	0.3055068900	44.000	8.002	9.998	0.0001000000	-0.0034209720	7.1654896810E-8	-0.0034209720	7.1654896810E-8	4.600	27.700
12/1/2023	2:00 AM	0.3105358100	44.000	7.998	10.002	0.0001000000	-0.0000388292	4.1787735348E-8	-0.0000388292	4.1787735348E-8	4.700	27.700
12/1/2023	2:01 AM	0.3105358100	44.000	8.002	9.998	0.0001000000	-0.0034209638	5.6081999861E-8	-0.0034209638	5.6081999861E-8	4.600	27.700
12/1/2023	2:02 AM	0.3155647300	44.000	7.996	10.003	0.0001000000	-0.0000388317	1.4936189043E-8	-0.0000388317	1.4936189043E-8	4.700	27.700
12/1/2023	2:02 AM	0.3155647300	44.000	8.005	9.998	0.0001000000	-0.0034209284	5.0871608627E-8	-0.0034209284	5.0871608627E-8	4.600	27.700
12/1/2023	2:03 AM	0.3205936500	44.000	7.994	10.002	0.0001000000	-0.0000388344	1.6650103927E-8	-0.0000388344	1.6650103927E-8	4.700	27.700
12/1/2023	2:03 AM	0.3205936500	44.000	8.004	9.998	0.0001000000	-0.0034209867	5.2949807344E-8	-0.0034209867	5.2949807344E-8	4.600	27.700
12/1/2023	2:04 AM	0.3256225700	44.000	7.994	10.002	0.0001000000	-0.0000388300	1.8964389255E-8	-0.0000388300	1.8964389255E-8	4.700	27.700
12/1/2023	2:04 AM	0.3256225700	44.000	8.006	9.999	0.0001000000	-0.0034209698	5.6908397310E-8	-0.0034209698	5.6908397310E-8	4.600	27.700
12/1/2023	2:05 AM	0.3293942600	44.000	7.995	10.000	0.0001000000	-0.0000388292	1.4929879902E-8	-0.0000388292	1.4929879902E-8	4.700	27.700
12/1/2023	2:05 AM	0.3293942600	44.000	8.005	10.001	0.0001000000	-0.0034209528	5.2706296448E-8	-0.0034209528	5.2706296448E-8	4.600	27.700
12/1/2023	2:06 AM	0.3344231800	44.000	7.995	10.000	0.0001000000	-0.0000388140	1.4122259739E-8	-0.0000388140	1.4122259739E-8	4.700	27.700
12/1/2023	2:06 AM	0.3344231800	44.000	8.003	10.000	0.0001000000	-0.0034209366	5.3745253836E-8	-0.0034209366	5.3745253836E-8	4.600	27.700
12/1/2023	2:07 AM	0.3394521000	44.000	7.997	9.999	0.0001000000	-0.0000388232	2.0489074585E-8	-0.0000388232	2.0489074585E-8	4.700	27.800
12/1/2023	2:07 AM	0.3394521000	44.000	8.001	10.002	0.0001000000	-0.0034209210	4.7507952582E-8	-0.0034209210	4.7507952582E-8	4.700	27.700
12/1/2023	2:08 AM	0.3444810200	44.000	7.999	9.998	0.0001000000	-0.0000388040	1.6183536286E-8	-0.0000388040	1.6183536286E-8	4.600	27.800
12/1/2023	2:08 AM	0.3444810200	44.000	7.998	10.005	0.0001000000	-0.0034208205	4.9236777376E-8	-0.0034208205	4.9236777376E-8	4.700	27.600
12/1/2023	2:09 AM	0.3495099400	44.000	8.003	9.997	0.0001000000	-0.0000388099	1.5311036343E-8	-0.0000388099	1.5311036343E-8	4.600	27.700
12/1/2023	2:09 AM	0.3495099400	44.000	7.996	10.003	0.0001000000	-0.0034208176	4.5496175115E-8	-0.0034208176	4.5496175115E-8	4.700	27.700
12/1/2023	2:10 AM	0.3545388600	44.000	8.005	9.999	0.0001000000	-0.0000388135	1.7763916181E-8	-0.0000388135	1.7763916181E-8	4.600	27.700
12/1/2023	2:10 AM	0.3545388600	44.000	7.995	10.000	0.0001000000	-0.0034207966	4.6361127549E-8	-0.0034207966	4.6361127549E-8	4.700	27.700
12/1/2023	2:11 AM	0.3595677800	44.000	8.005	10.000	0.0001000000	-0.0000388232	1.3531294630E-8	-0.0000388232	1.3531294630E-8	4.600	27.700
12/1/2023	2:11 AM	0.3595677800	44.000	7.997	9.999	0.0001000000	-0.0034207812	4.6173637418E-8	-0.0034207812	4.6173637418E-8	4.700	27.700
12/1/2023	2:12 AM	0.3645967000	44.000	8.002	10.001	0.0001000000	-0.0000388136	1.4480578944E-8	-0.0000388136	1.4480578944E-8	4.600	27.700
12/1/2023	2:12 AM	0.3645967000	44.000	7.998	9.998	0.0001000000	-0.0034207738	5.0437401383E-8	-0.0034207738	5.0437401383E-8	4.700	27.800
12/1/2023	2:13 AM	0.3696256200	44.000	8.000	10.003	0.0001000000	-0.0000388141	1.5598673625E-8	-0.0000388141	1.5598673625E-8	4.700	27.600
12/1/2023	2:13 AM	0.3696256200	44.000	8.001	9.996	0.0001000000	-0.0034207658	5.4447272772E-8	-0.0034207658	5.4447272772E-8	4.600	27.800
12/1/2023	2:14 AM	0.3746545400	44.000	7.997	10.003	0.0001000000	-0.0000387952	1.6512801898E-8	-0.0000387952	1.6512801898E-8	4.700	27.700
12/1/2023	2:14 AM	0.3746545400	44.000	8.005	9.998	0.0001000000	-0.0034207248	5.0559398075E-8	-0.0034207248	5.0559398075E-8	4.600	27.700
12/1/2023	2:15 AM	0.3796834600	44.000	7.994	10.002	0.0001000000	-0.0000387927	1.2528614973E-8	-0.0000387927	1.2528614973E-8	4.700	27.700
12/1/2023	2:15 AM	0.3796834600	44.000	8.005	10.000	0.0001000000	-0.0034207258	5.0238675510E-8	-0.0034207258	5.0238675510E-8	4.600	27.700
12/1/2023	2:16 AM	0.3847123800	44.000	7.995	9.999	0.0001000000	-0.0000387952	1.4749997393E-8	-0.0000387952	1.4749997393E-8	4.700	27.700
12/1/2023	2:16 AM	0.3847123800	44.000	8.005	10.002	0.0001000000	-0.0034207138	4.9775034750E-8	-0.0034207138	4.9775034750E-8	4.600	27.700
12/1/2023	2:17 AM	0.3897413000	44.000	7.994	9.999	0.0001000000	-0.0000387964	1.8224927099E-8	-0.0000387964	1.8224927099E-8	4.700	27.700
12/1/2023	2:17 AM	0.3897413000	44.000	8.006	10.000	0.0001000000	-0.0034208408	4.9094518835E-8	-0.0034208408	4.9094518835E-8	4.600	27.700
12/1/2023	2:18 AM	0.3947702200	44.000	7.996	9.999	0.0001000000	-0.0000387898	1.9288418696E-8	-0.0000387898	1.9288418696E-8	4.700	27.800
12/1/2023	2:18 AM	0.3947702200	44.000	8.003	10.003	0.0001000000	-0.0034207705	4.7135388331E-8	-0.0034207705	4.7135388331E-8	4.700	27.700
12/1/2023	2:19 AM	0.3997991400	44.000	7.998	9.996	0.0001000000	-0.0000388083	1.5245745209E-8	-0.0000388083	1.5245745209E-8	4.700	27.800
12/1/2023	2:19 AM	0.3997991400	44.000	8.003	10.004	0.0001000000	-0.0034207331	4.5395109474E-8	-0.0034207331	4.5395109474E-8	4.700	27.600
