! User Name:	Aditya 
! Sample Name:	Device 2_PF 1T Training effect
! Sample ID:	FGT/CrPS4
! Date:	5/22/2022	Time:	6:34 PM
! Current Source:	Keithley 224 Current Source
! Voltmeter V1:	Keithley 182 Degital voltmeter
! Voltmeter V2:	Keithley 2182A  NanoVoltmeter
! V1 (volts):	Rxx Device 1
! V2 (volts):	Rxy Device 1
! Max Field (Tesla):0.000000	! Data points (0_maxT:75.000000	! Average Number:5.000000	
! Comments:	FGT/CrPS4 device was made in glove using flaking and dry transfering of flakes. 
! 
! 
! 
! 
Data	Time	Magnetic Field (T)	Helium Level (%)	VTI Temperature (K)	Sample Temparture (K)	Current (A) 	Voltage-1(V)	Std. of V1	Voltage-2 (V)	Std. of V2	VTI  Heater Power (%)	Sample Heater Power (%)

5/22/2022	9:38 PM	0.5003775400	74.800	2.982	4.998	0.0000010000	-0.0000089973	9.2215032193E-9	0.0000348120	8.3451193012E-10	3.600	15.700
5/22/2022	9:39 PM	0.4953486200	74.800	3.003	5.002	0.0000010000	-0.0000089988	4.7562237958E-9	0.0000348279	2.2124606183E-8	3.600	15.700
5/22/2022	9:40 PM	0.4903197000	74.800	3.000	4.999	0.0000010000	-0.0000090069	8.2978670501E-9	0.0000347825	9.7197490278E-10	3.600	15.800
5/22/2022	9:40 PM	0.4852907800	74.800	2.997	5.002	0.0000010000	-0.0000090037	6.9479475640E-9	0.0000347660	2.8041833783E-9	3.600	15.800
5/22/2022	9:41 PM	0.4802618600	74.800	3.003	4.999	0.0000010000	-0.0000090110	8.6494514852E-9	0.0000347625	3.6900726167E-9	3.600	15.700
5/22/2022	9:42 PM	0.4752329400	74.800	3.003	5.001	0.0000010000	-0.0000090074	8.6637118263E-9	0.0000348291	1.3414543828E-9	3.500	15.900
5/22/2022	9:42 PM	0.4702040200	74.800	2.986	4.999	0.0000010000	-0.0000090174	5.8567927478E-9	0.0000348034	1.9105448982E-9	3.600	15.800
5/22/2022	9:43 PM	0.4651751000	74.800	3.012	5.001	0.0000010000	-0.0000089949	8.8821766678E-9	0.0000347862	4.4021313451E-9	3.700	15.900
5/22/2022	9:43 PM	0.4601461800	74.800	3.013	5.002	0.0000010000	-0.0000090025	7.8116344056E-9	0.0000347376	2.4099246618E-9	3.600	15.700
5/22/2022	9:44 PM	0.4551172600	74.800	2.997	5.000	0.0000010000	-0.0000090048	9.3045520887E-9	0.0000348362	4.3762430286E-9	3.600	15.800
5/22/2022	9:45 PM	0.4500883400	74.800	2.993	5.000	0.0000010000	-0.0000090149	7.6019892893E-9	0.0000347528	4.1596889572E-9	3.600	15.700
5/22/2022	9:45 PM	0.4450594200	74.800	3.001	5.001	0.0000010000	-0.0000090036	6.1801822417E-9	0.0000347808	2.6500824875E-9	3.600	16.000
5/22/2022	9:46 PM	0.4400305000	0.900	3.009	5.000	0.0000010000	-0.0000090056	5.2964691250E-9	0.0000348178	1.8371936774E-8	3.600	15.700
5/22/2022	9:47 PM	0.4350015800	74.800	3.001	4.999	0.0000010000	-0.0000090071	9.2426745232E-9	0.0000348089	1.8157751306E-9	3.600	15.700
5/22/2022	9:47 PM	0.4299726600	74.800	3.018	5.002	0.0000010000	-0.0000090000	9.5455149548E-9	0.0000348321	2.1196593348E-9	3.600	15.700
5/22/2022	9:48 PM	0.4249437400	74.800	3.008	5.002	0.0000010000	-0.0000090104	4.9668452779E-9	0.0000348418	2.4072475953E-9	3.600	15.700
5/22/2022	9:49 PM	0.4199148200	74.800	3.000	5.001	0.0000010000	-0.0000090035	1.0700744585E-8	0.0000348132	2.7758679152E-9	3.600	15.800
5/22/2022	9:49 PM	0.4148859000	74.800	3.002	5.003	0.0000010000	-0.0000090006	6.8334232755E-9	0.0000347464	4.4452733272E-9	3.600	15.800
5/22/2022	9:50 PM	0.4098569800	74.800	3.010	5.004	0.0000010000	-0.0000090032	5.9748359086E-9	0.0000348688	2.6634078565E-9	3.600	15.800
5/22/2022	9:51 PM	0.4048280600	74.800	2.998	4.999	0.0000010000	-0.0000089994	9.2243569702E-9	0.0000348111	2.6496733491E-9	3.600	15.700
5/22/2022	9:51 PM	0.3997991400	74.800	3.002	5.000	0.0000010000	-0.0000090141	3.1602840185E-9	0.0000348306	2.5531841703E-9	3.600	15.700
5/22/2022	9:52 PM	0.3947702200	74.800	3.005	5.001	0.0000010000	-0.0000090068	6.5501434433E-9	0.0000348256	4.6455076458E-9	3.600	15.800
5/22/2022	9:53 PM	0.3897413000	74.800	2.988	4.999	0.0000010000	-0.0000090071	5.2591061059E-9	0.0000348642	1.6738423523E-8	3.600	15.800
5/22/2022	9:53 PM	0.3847123800	74.800	2.997	5.000	0.0000010000	-0.0000090023	1.0286272488E-8	0.0000347606	3.6393710827E-9	3.700	15.600
5/22/2022	9:54 PM	0.3796834600	74.800	2.998	5.003	0.0000010000	-0.0000089988	8.0089490303E-9	0.0000348438	2.6097083088E-9	3.500	15.900
5/22/2022	9:55 PM	0.3746545400	0.900	2.999	5.001	0.0000010000	-0.0000090109	6.9874904124E-9	0.0000348085	1.3693063938E-9	3.600	15.800
5/22/2022	9:55 PM	0.3696256200	74.800	3.006	5.000	0.0000010000	-0.0000090092	5.0107991688E-9	0.0000347789	2.2939350977E-9	3.700	15.800
5/22/2022	9:56 PM	0.3645967000	74.800	2.995	5.000	0.0000010000	-0.0000090135	9.5936020661E-9	0.0000348208	3.2618629637E-9	3.600	15.700
5/22/2022	9:56 PM	0.3595677800	74.800	3.003	5.000	0.0000010000	-0.0000090085	1.0750921098E-8	0.0000348618	3.4967398808E-9	3.600	15.700
5/22/2022	9:57 PM	0.3545388600	74.800	2.999	4.997	0.0000010000	-0.0000089983	9.8558055937E-9	0.0000347826	2.9852623903E-8	3.600	15.700
5/22/2022	9:58 PM	0.3495099400	74.800	3.002	5.000	0.0000010000	-0.0000090103	4.3811360980E-9	0.0000347713	3.0309307243E-9	3.700	15.800
5/22/2022	9:59 PM	0.3444810200	74.800	2.989	4.998	0.0000010000	-0.0000090011	7.3057632002E-9	0.0000347941	2.3177843637E-9	3.600	15.800
5/22/2022	9:59 PM	0.3394521000	74.800	3.001	5.001	0.0000010000	-0.0000090073	5.0917491315E-9	0.0000348093	2.7391549092E-9	3.600	15.800
5/22/2022	10:00 PM	0.3344231800	74.800	3.003	5.000	0.0000010000	-0.0000090040	9.7485341320E-9	0.0000347801	2.0661669118E-9	3.700	15.700
5/22/2022	10:01 PM	0.3293942600	74.800	3.011	5.003	0.0000010000	-0.0000089872	5.6947370410E-9	0.0000348013	3.3409532337E-9	3.600	15.700
5/22/2022	10:01 PM	0.3243653400	74.800	2.995	4.999	0.0000010000	-0.0000090086	4.8504859323E-9	0.0000347974	2.4211146877E-9	3.600	15.500
5/22/2022	10:02 PM	0.3193364200	74.800	3.003	5.003	0.0000010000	-0.0000090015	9.5130214289E-9	0.0000347833	3.3210174507E-9	3.600	15.800
5/22/2022	10:02 PM	0.3143075000	74.800	3.005	4.999	0.0000010000	-0.0000090020	7.9225228548E-9	0.0000348522	1.4404165995E-9	3.600	15.600
5/22/2022	10:03 PM	0.3092785800	74.800	2.982	4.998	0.0000010000	-0.0000089979	5.2616636431E-9	0.0000348408	3.4511547740E-9	3.600	15.700
5/22/2022	10:04 PM	0.3042496600	74.800	2.996	4.997	0.0000010000	-0.0000090136	6.6853068778E-9	0.0000348373	2.1610907579E-8	3.600	15.700
5/22/2022	10:04 PM	0.2992207400	74.800	2.990	4.999	0.0000010000	-0.0000089982	5.6877313398E-9	0.0000348125	2.2168338311E-8	3.600	15.700
5/22/2022	10:05 PM	0.2941918200	74.800	3.000	5.001	0.0000010000	-0.0000090169	7.4922054130E-9	0.0000347880	3.1682740136E-9	3.600	15.700
5/22/2022	10:06 PM	0.2891629000	74.800	3.004	4.999	0.0000010000	-0.0000090142	5.0051692745E-9	0.0000348053	2.3395119965E-9	3.600	15.900
5/22/2022	10:06 PM	0.2841339800	74.800	3.008	4.997	0.0000010000	-0.0000089939	8.4154012582E-9	0.0000348237	2.5289288611E-9	3.600	15.700
5/22/2022	10:07 PM	0.2791050600	74.800	2.996	5.000	0.0000010000	-0.0000090046	6.6116667225E-9	0.0000348625	1.2860613835E-9	3.700	15.700
5/22/2022	10:08 PM	0.2740761400	74.800	2.989	4.998	0.0000010000	-0.0000090165	1.1409130890E-8	0.0000348377	4.0863510651E-9	3.600	15.700
5/22/2022	10:08 PM	0.2690472200	74.800	2.994	4.998	0.0000010000	-0.0000090167	7.1474866671E-9	0.0000348116	3.9289424381E-9	3.600	15.600
5/22/2022	10:09 PM	0.2640183000	74.800	2.998	4.999	0.0000010000	-0.0000090153	6.3018848359E-9	0.0000347931	3.1049085741E-9	3.600	15.800
5/22/2022	10:10 PM	0.2589893800	74.800	2.993	4.997	0.0000010000	-0.0000090135	9.1947337299E-9	0.0000347575	4.7864077634E-9	3.600	15.600
5/22/2022	10:10 PM	0.2539604600	74.800	3.000	5.004	0.0000010000	-0.0000090003	5.8398113796E-9	0.0000347901	1.9017256893E-9	3.600	15.700
5/22/2022	10:11 PM	0.2489315400	74.800	3.019	5.000	0.0000010000	-0.0000090090	7.4817724631E-9	0.0000348245	9.8796700860E-10	3.600	15.800
5/22/2022	10:11 PM	0.2439026200	74.800	2.992	4.998	0.0000010000	-0.0000090012	5.5095296546E-9	0.0000347732	2.8092435396E-9	3.600	15.700
5/22/2022	10:12 PM	0.2388737000	74.800	2.984	4.998	0.0000010000	-0.0000090048	1.0475591855E-8	0.0000347658	3.1300826561E-9	3.600	15.800
5/22/2022	10:13 PM	0.2338447800	74.800	2.989	5.000	0.0000010000	-0.0000090190	7.1227719805E-9	0.0000347944	2.7689124541E-9	3.600	15.700
5/22/2022	10:13 PM	0.2288158600	74.800	2.983	5.002	0.0000010000	-0.0000090096	6.9695590005E-9	0.0000347769	2.8748873851E-9	3.600	15.700
5/22/2022	10:14 PM	0.2237869400	74.800	3.007	5.002	0.0000010000	-0.0000090164	4.7606925912E-9	0.0000348270	1.7934670332E-9	3.600	15.600
5/22/2022	10:15 PM	0.2187580200	74.800	2.997	4.999	0.0000010000	-0.0000090148	1.0057686147E-8	0.0000348637	2.2855041498E-8	3.600	15.700
5/22/2022	10:15 PM	0.2137291000	74.800	3.001	5.001	0.0000010000	-0.0000090083	7.6640831626E-9	0.0000347530	6.0706290037E-9	3.600	15.700
5/22/2022	10:16 PM	0.2087001800	74.800	2.984	4.999	0.0000010000	-0.0000089956	5.5503987483E-9	0.0000348408	1.4939403956E-9	3.600	15.600
5/22/2022	10:17 PM	0.2036712600	74.800	2.996	5.002	0.0000010000	-0.0000090031	7.5311126878E-9	0.0000348343	2.1564168070E-9	3.500	15.500
5/22/2022	10:17 PM	0.1986423400	74.800	2.993	5.000	0.0000010000	-0.0000090047	7.6483175612E-9	0.0000347945	2.8236266803E-9	3.600	15.700
5/22/2022	10:18 PM	0.1936134200	74.800	2.995	5.002	0.0000010000	-0.0000090108	7.3296159034E-9	0.0000347922	3.5723179772E-9	3.600	15.700
5/22/2022	10:18 PM	0.1885845000	74.800	2.998	5.002	0.0000010000	-0.0000090020	5.2459398947E-9	0.0000348205	2.5265342618E-9	3.600	15.800
5/22/2022	10:19 PM	0.1835555800	74.800	3.004	5.002	0.0000010000	-0.0000090056	8.0569296569E-9	0.0000347868	2.5667516028E-9	3.600	15.600
5/22/2022	10:20 PM	0.1785266600	74.800	3.001	5.000	0.0000010000	-0.0000090090	5.6589990545E-9	0.0000348154	4.4610424743E-9	3.500	15.700
5/22/2022	10:20 PM	0.1734977400	74.800	3.000	5.001	0.0000010000	-0.0000089948	1.1863656351E-8	0.0000348661	1.8716123670E-9	3.500	15.600
5/22/2022	10:21 PM	0.1697260500	74.800	3.006	5.002	0.0000010000	-0.0000090066	8.6351531677E-9	0.0000348522	1.6037971125E-9	3.600	15.600
5/22/2022	10:22 PM	0.1194368500	74.800	2.993	4.999	0.0000010000	-0.0000089998	8.3670731189E-9	0.0000348276	2.8622718816E-9	3.600	15.800
5/22/2022	10:22 PM	0.0691476500	74.800	3.002	5.001	0.0000010000	-0.0000090109	7.0533959793E-9	0.0000348505	1.1422803135E-9	3.600	15.700
5/22/2022	10:23 PM	0.0188584500	74.800	2.998	4.999	0.0000010000	-0.0000090099	5.8010647123E-9	0.0000348008	6.2187894516E-9	3.500	15.700
5/22/2022	10:24 PM	-0.0314307500	74.800	2.989	4.999	0.0000010000	-0.0000090119	8.2208510697E-9	0.0000348013	2.9799556101E-9	3.500	15.700
5/22/2022	10:25 PM	-0.0817199500	74.800	2.995	4.998	0.0000010000	-0.0000090146	1.0479979610E-8	0.0000348783	2.3573983356E-9	3.600	15.700
5/22/2022	10:25 PM	-0.1320091500	74.800	2.995	4.999	0.0000010000	-0.0000090051	4.5628841050E-9	0.0000348061	2.1251736091E-9	3.600	15.700
5/22/2022	10:26 PM	-0.1822983500	74.800	2.987	4.998	0.0000010000	-0.0000090214	7.5184703345E-9	0.0000348531	2.4213609801E-9	3.500	15.700
5/22/2022	10:27 PM	-0.1734977400	74.800	2.999	5.001	0.0000010000	-0.0000090033	8.8307220859E-9	0.0000348332	3.9121094424E-9	3.600	15.900
5/22/2022	10:27 PM	-0.1785266600	74.800	3.000	5.000	0.0000010000	-0.0000090004	6.4326890353E-9	0.0000348117	1.2760692430E-9	3.600	15.700
5/22/2022	10:28 PM	-0.1835555800	74.800	3.005	5.001	0.0000010000	-0.0000090132	7.7980413185E-9	0.0000348504	1.0860022573E-9	3.600	15.700
5/22/2022	10:29 PM	-0.1885845000	74.800	3.009	5.003	0.0000010000	-0.0000090078	8.3287329632E-9	0.0000348045	2.8128460104E-9	3.600	15.700
5/22/2022	10:29 PM	-0.1936134200	74.800	3.002	5.000	0.0000010000	-0.0000090073	7.4735133615E-9	0.0000348171	2.1123114498E-9	3.600	15.700
5/22/2022	10:30 PM	-0.1986423400	74.800	3.007	5.001	0.0000010000	-0.0000090131	8.6307392647E-9	0.0000348311	3.9753406284E-9	3.600	15.500
5/22/2022	10:30 PM	-0.2036712600	74.800	2.998	4.999	0.0000010000	-0.0000090116	8.3936987451E-9	0.0000348752	3.7478522560E-9	3.600	15.600
5/22/2022	10:31 PM	-0.2087001800	74.800	2.998	5.000	0.0000010000	-0.0000089991	9.6427138659E-9	0.0000348932	4.6486203379E-9	3.600	15.500
5/22/2022	10:32 PM	-0.2137291000	74.800	2.996	5.000	0.0000010000	-0.0000090139	1.1479543895E-8	0.0000348401	9.4326879784E-10	3.600	15.700
5/22/2022	10:32 PM	-0.2187580200	74.800	3.000	5.001	0.0000010000	-0.0000090117	7.3058631367E-9	0.0000348360	1.7828434843E-9	3.600	15.700
5/22/2022	10:33 PM	-0.2237869400	74.800	3.017	5.003	0.0000010000	-0.0000090146	6.0082020014E-9	0.0000348138	1.4932882864E-9	3.500	15.600
5/22/2022	10:34 PM	-0.2288158600	74.800	3.001	5.000	0.0000010000	-0.0000090193	8.5954857314E-9	0.0000348664	1.3236067977E-9	3.500	15.700
5/22/2022	10:34 PM	-0.2338447800	74.800	3.003	5.002	0.0000010000	-0.0000090142	6.6350640451E-9	0.0000347889	4.0081118082E-9	3.500	15.500
5/22/2022	10:35 PM	-0.2388737000	74.800	2.989	4.997	0.0000010000	-0.0000090203	4.5570478632E-9	0.0000348429	5.4649857042E-10	3.600	15.800
5/22/2022	10:36 PM	-0.2439026200	71.100	3.006	5.001	0.0000010000	-0.0000090029	5.5397490757E-9	0.0000348349	2.4000000000E-9	3.600	15.700
5/22/2022	10:36 PM	-0.2489315400	71.100	2.993	5.000	0.0000010000	-0.0000090133	6.5917558679E-9	0.0000348134	2.7586620743E-9	3.500	15.600
5/22/2022	10:37 PM	-0.2539604600	71.100	3.001	5.000	0.0000010000	-0.0000090167	8.0592676839E-9	0.0000348040	2.8780357267E-9	3.600	15.700
5/22/2022	10:37 PM	-0.2589893800	71.100	3.023	5.005	0.0000010000	-0.0000090201	8.9333935580E-9	0.0000347808	4.2209948556E-9	3.500	15.700
5/22/2022	10:38 PM	-0.2640183000	71.100	2.997	5.001	0.0000010000	-0.0000089987	8.9320763153E-9	0.0000348229	2.3303472743E-9	3.600	15.600
5/22/2022	10:39 PM	-0.2690472200	71.100	3.000	5.000	0.0000010000	-0.0000090169	5.0027413226E-9	0.0000348884	2.9513293300E-9	3.500	15.600
5/22/2022	10:39 PM	-0.2740761400	71.100	3.006	5.000	0.0000010000	-0.0000090059	5.7134846524E-9	0.0000348558	4.3994129571E-9	3.600	15.700
5/22/2022	10:40 PM	-0.2791050600	71.100	2.999	4.999	0.0000010000	-0.0000090148	5.6225968328E-9	0.0000348610	3.3029011065E-9	3.600	15.700
5/22/2022	10:41 PM	-0.2841339800	71.100	3.004	5.001	0.0000010000	-0.0000090236	5.3779205464E-9	0.0000347892	3.3293428961E-9	3.600	15.700
5/22/2022	10:41 PM	-0.2891629000	71.100	3.000	5.001	0.0000010000	-0.0000090158	6.7278196266E-9	0.0000349008	3.5397458043E-9	3.500	15.700
5/22/2022	10:42 PM	-0.2941918200	71.100	2.987	4.998	0.0000010000	-0.0000090070	7.9458078546E-9	0.0000347826	4.2231544557E-9	3.600	15.600
5/22/2022	10:43 PM	-0.2992207400	71.100	2.999	4.999	0.0000010000	-0.0000090121	9.6032679740E-9	0.0000348740	2.5059439689E-9	3.600	15.700
5/22/2022	10:43 PM	-0.3042496600	71.100	3.018	5.000	0.0000010000	-0.0000090100	9.1344945215E-9	0.0000348365	4.2251965331E-9	3.600	15.600
5/22/2022	10:44 PM	-0.3092785800	71.100	3.001	5.001	0.0000010000	-0.0000089931	8.9172471321E-9	0.0000347916	2.7602386150E-9	3.600	15.700
5/22/2022	10:45 PM	-0.3143075000	71.100	3.007	5.000	0.0000010000	-0.0000090222	4.5530373912E-9	0.0000347895	3.0470788063E-9	3.600	15.700
5/22/2022	10:45 PM	-0.3193364200	71.100	3.000	4.999	0.0000010000	-0.0000090080	9.3727954076E-9	0.0000348194	1.9083775151E-9	3.600	15.700
5/22/2022	10:46 PM	-0.3243653400	71.100	2.997	4.995	0.0000010000	-0.0000090173	5.4983110946E-9	0.0000348694	3.1795456851E-9	3.600	15.900
5/22/2022	10:47 PM	-0.3293942600	71.100	2.987	5.002	0.0000010000	-0.0000090123	8.6733093459E-9	0.0000348358	5.4811522862E-9	3.500	15.800
5/22/2022	10:47 PM	-0.3344231800	71.100	3.002	5.002	0.0000010000	-0.0000090190	7.0408896918E-9	0.0000348290	4.5613175445E-9	3.500	15.500
5/22/2022	10:48 PM	-0.3394521000	71.100	2.999	5.001	0.0000010000	-0.0000090166	6.0620875507E-9	0.0000348038	2.5232902110E-9	3.500	15.600
5/22/2022	10:48 PM	-0.3444810200	71.100	3.001	5.001	0.0000010000	-0.0000100182	3.7533366301E-9	0.0000342406	3.3726744663E-9	3.500	15.700
5/22/2022	10:49 PM	-0.3495099400	71.100	3.007	5.001	0.0000010000	-0.0000100279	9.5106992213E-9	0.0000343050	3.7629424111E-9	3.600	15.600
5/22/2022	10:50 PM	-0.3545388600	71.100	2.993	4.999	0.0000010000	-0.0000100282	6.7070855673E-9	0.0000342762	2.1955551384E-9	3.600	15.700
5/22/2022	10:50 PM	-0.3595677800	71.100	3.013	5.003	0.0000010000	-0.0000100262	8.1360354343E-9	0.0000343019	4.3593154064E-9	3.600	15.700
5/22/2022	10:51 PM	-0.3645967000	71.100	3.009	5.002	0.0000010000	-0.0000100280	1.0127344808E-8	0.0000342740	3.2528236460E-9	3.600	15.600
5/22/2022	10:52 PM	-0.3696256200	71.100	3.005	5.000	0.0000010000	-0.0000100341	4.7806711445E-9	0.0000342682	4.9855956287E-9	3.500	15.500
5/22/2022	10:52 PM	-0.3746545400	71.100	2.993	5.000	0.0000010000	-0.0000100103	7.7945233935E-9	0.0000342181	3.2420256947E-9	3.600	15.700
5/22/2022	10:53 PM	-0.3796834600	71.100	2.995	5.000	0.0000010000	-0.0000100184	6.6608190932E-9	0.0000342621	2.8855422243E-9	3.600	15.600
5/22/2022	10:54 PM	-0.3847123800	71.100	2.997	5.000	0.0000010000	-0.0000100203	7.7099314802E-9	0.0000342731	3.8916782271E-9	3.500	15.500
5/22/2022	10:54 PM	-0.3897413000	71.100	2.989	4.999	0.0000010000	-0.0000100266	8.4543305388E-9	0.0000342410	4.8226612656E-9	3.600	15.600
5/22/2022	10:55 PM	-0.3947702200	71.100	2.998	4.999	0.0000010000	-0.0000100122	1.1834563719E-8	0.0000342554	2.3435670927E-9	3.500	15.500
5/22/2022	10:56 PM	-0.3997991400	71.100	2.996	4.999	0.0000010000	-0.0000100213	9.7221031772E-9	0.0000342599	3.5591424538E-9	3.500	15.400
5/22/2022	10:56 PM	-0.4048280600	71.100	2.988	4.999	0.0000010000	-0.0000100181	5.8935333784E-9	0.0000342845	2.0336727338E-9	3.500	15.700
5/22/2022	10:57 PM	-0.4098569800	71.100	3.007	5.000	0.0000010000	-0.0000100163	1.2024296022E-8	0.0000342537	3.2360971691E-9	3.600	15.600
5/22/2022	10:57 PM	-0.4148859000	71.100	3.014	5.002	0.0000010000	-0.0000100145	1.1309019465E-8	0.0000342412	2.6979412878E-9	3.600	15.600
5/22/2022	10:58 PM	-0.4199148200	71.100	3.003	4.999	0.0000010000	-0.0000100197	8.6220523619E-9	0.0000342379	2.0024123280E-9	3.500	15.900
5/22/2022	10:59 PM	-0.4249437400	71.100	3.002	5.000	0.0000010000	-0.0000100197	4.7997089838E-9	0.0000342966	3.4647762130E-9	3.600	15.700
5/22/2022	10:59 PM	-0.4299726600	71.100	2.990	4.999	0.0000010000	-0.0000100250	7.6049224308E-9	0.0000342305	1.4577379737E-9	3.600	15.700
5/22/2022	11:00 PM	-0.4350015800	71.100	2.986	4.999	0.0000010000	-0.0000100244	8.6143605299E-9	0.0000342437	7.0990195136E-10	3.500	15.500
5/22/2022	11:01 PM	-0.4400305000	71.100	2.998	4.999	0.0000010000	-0.0000100178	1.0364978292E-8	0.0000342531	1.9723212261E-9	3.500	15.700
5/22/2022	11:01 PM	-0.4450594200	71.100	2.996	4.998	0.0000010000	-0.0000100174	5.5985391982E-9	0.0000342997	2.8313000568E-9	3.600	15.700
5/22/2022	11:02 PM	-0.4500883400	71.100	2.982	5.000	0.0000010000	-0.0000100224	9.9044843155E-9	0.0000342410	2.7075006694E-9	3.500	15.600
5/22/2022	11:03 PM	-0.4551172600	71.100	2.998	5.001	0.0000010000	-0.0000100173	3.8195092483E-9	0.0000342455	1.6498103051E-8	3.500	15.600
5/22/2022	11:03 PM	-0.4601461800	71.100	2.987	4.998	0.0000010000	-0.0000100194	7.8140516630E-9	0.0000342392	2.6049143933E-8	3.600	15.800
5/22/2022	11:04 PM	-0.4651751000	71.100	3.011	5.002	0.0000010000	-0.0000100304	7.5309227387E-9	0.0000342133	3.1965994334E-9	3.600	15.600
5/22/2022	11:05 PM	-0.4702040200	71.100	2.995	5.001	0.0000010000	-0.0000100193	5.4008247357E-9	0.0000342783	3.5320919527E-9	3.500	15.600
5/22/2022	11:05 PM	-0.4752329400	71.100	3.005	5.001	0.0000010000	-0.0000100276	9.0778936128E-9	0.0000342519	2.3054681975E-9	3.600	15.600
5/22/2022	11:06 PM	-0.4802618600	71.100	2.993	4.998	0.0000010000	-0.0000100281	8.2658641852E-9	0.0000342414	1.7398157671E-9	3.600	15.600
5/22/2022	11:07 PM	-0.4852907800	71.100	2.994	5.000	0.0000010000	-0.0000100332	5.6277635735E-9	0.0000342305	1.8874107466E-9	3.500	15.800
5/22/2022	11:07 PM	-0.4903197000	71.100	3.008	5.001	0.0000010000	-0.0000100277	1.0055268649E-8	0.0000342484	8.0099575176E-10	3.600	15.500
5/22/2022	11:08 PM	-0.4953486200	71.100	2.995	5.000	0.0000010000	-0.0000100286	8.4581283019E-9	0.0000342573	3.0083295943E-9	3.500	15.700
5/22/2022	11:09 PM	-0.5003775400	71.100	3.009	5.001	0.0000010000	-0.0000100015	9.7902547579E-9	0.0000342844	3.0075936579E-9	3.500	15.500
5/22/2022	11:09 PM	-0.5003775400	71.100	2.996	4.999	0.0000010000	-0.0000100123	7.0934384681E-9	0.0000342545	4.4694745029E-9	3.600	15.600
5/22/2022	11:10 PM	-0.4953486200	71.100	2.987	4.997	0.0000010000	-0.0000100303	1.2460276056E-8	0.0000342873	2.6629711244E-9	3.600	15.700
5/22/2022	11:11 PM	-0.4903197000	71.100	3.001	5.002	0.0000010000	-0.0000100271	6.3351049139E-9	0.0000342233	2.8227538265E-9	3.500	15.700
5/22/2022	11:11 PM	-0.4852907800	71.100	2.991	4.999	0.0000010000	-0.0000100370	1.1484682498E-8	0.0000342613	1.9615060777E-8	3.500	15.500
5/22/2022	11:12 PM	-0.4802618600	71.100	3.002	5.000	0.0000010000	-0.0000100175	5.3787700634E-9	0.0000342009	4.4624192408E-9	3.600	15.600
5/22/2022	11:12 PM	-0.4752329400	71.100	3.010	5.000	0.0000010000	-0.0000100275	8.7831867870E-9	0.0000342497	2.0062803912E-9	3.600	15.700
5/22/2022	11:13 PM	-0.4702040200	71.100	3.000	4.999	0.0000010000	-0.0000100224	1.0548537728E-8	0.0000342207	2.0881578442E-9	3.600	15.700
5/22/2022	11:14 PM	-0.4651751000	71.100	2.997	5.000	0.0000010000	-0.0000100131	9.8228359556E-9	0.0000341986	2.3361175955E-9	3.500	15.600
5/22/2022	11:14 PM	-0.4601461800	71.100	3.004	5.001	0.0000010000	-0.0000100179	8.0306103247E-9	0.0000342098	3.1676705006E-9	3.500	15.600
5/22/2022	11:15 PM	-0.4551172600	71.100	3.003	4.998	0.0000010000	-0.0000100201	3.9535768606E-9	0.0000342939	2.8720908613E-9	3.500	15.500
5/22/2022	11:16 PM	-0.4500883400	71.100	3.006	4.999	0.0000010000	-0.0000100172	7.2114640682E-9	0.0000342638	2.8253710966E-9	3.500	15.600
5/22/2022	11:17 PM	-0.4450594200	71.100	3.017	5.003	0.0000010000	-0.0000100252	7.6172315537E-9	0.0000341997	1.7373886409E-9	3.600	15.600
5/22/2022	11:17 PM	-0.4400305000	71.100	3.015	5.000	0.0000010000	-0.0000100187	1.0744453025E-8	0.0000342543	4.7134126059E-9	3.500	15.500
5/22/2022	11:18 PM	-0.4350015800	71.100	3.002	5.000	0.0000010000	-0.0000100180	7.9777298549E-9	0.0000342697	3.6082071581E-9	3.600	15.600
5/22/2022	11:19 PM	-0.4299726600	71.100	2.989	4.998	0.0000010000	-0.0000100123	9.9478622133E-9	0.0000342785	3.8742253733E-9	3.500	15.400
5/22/2022	11:19 PM	-0.4249437400	71.100	3.000	5.000	0.0000010000	-0.0000100211	6.6072907718E-9	0.0000342959	1.3474831988E-9	3.500	15.400
5/22/2022	11:20 PM	-0.4199148200	71.100	2.992	4.998	0.0000010000	-0.0000100206	6.1481680405E-9	0.0000342564	4.0549674786E-9	3.500	15.600
5/22/2022	11:20 PM	-0.4148859000	71.100	2.995	5.001	0.0000010000	-0.0000100159	7.9684046205E-9	0.0000342638	2.6583299811E-9	3.500	15.700
5/22/2022	11:21 PM	-0.4098569800	71.100	2.997	5.000	0.0000010000	-0.0000100197	8.9374990002E-9	0.0000342900	3.2534925718E-9	3.600	15.500
5/22/2022	11:22 PM	-0.4048280600	71.100	2.997	5.001	0.0000010000	-0.0000100305	1.0524484025E-8	0.0000342696	3.3635157802E-9	3.500	15.600
5/22/2022	11:22 PM	-0.3997991400	71.100	3.003	5.001	0.0000010000	-0.0000100246	6.0092654663E-9	0.0000342774	2.8444452681E-9	3.500	15.500
5/22/2022	11:23 PM	-0.3947702200	71.100	3.004	5.000	0.0000010000	-0.0000100229	9.8852188586E-9	0.0000342018	3.0823640255E-9	3.500	15.500
5/22/2022	11:24 PM	-0.3897413000	0.900	3.003	4.999	0.0000010000	-0.0000100369	6.8548518394E-9	0.0000343124	1.7921307589E-8	3.500	15.700
5/22/2022	11:24 PM	-0.3847123800	71.100	3.004	5.002	0.0000010000	-0.0000100296	6.1046422859E-9	0.0000343081	2.6596767763E-9	3.500	15.600
5/22/2022	11:25 PM	-0.3796834600	71.100	2.988	4.997	0.0000010000	-0.0000100128	3.8219577356E-9	0.0000342378	2.0113677827E-9	3.500	15.500
5/22/2022	11:26 PM	-0.3746545400	71.100	3.006	5.000	0.0000010000	-0.0000100127	1.1697578188E-8	0.0000342278	2.1944907400E-8	3.500	15.600
5/22/2022	11:26 PM	-0.3696256200	71.100	2.994	4.997	0.0000010000	-0.0000100101	6.6863131207E-9	0.0000342344	2.3795998722E-9	3.500	15.600
5/22/2022	11:27 PM	-0.3645967000	71.100	3.005	5.001	0.0000010000	-0.0000100233	8.6752683238E-9	0.0000342063	2.7071591093E-9	3.600	15.700
5/22/2022	11:28 PM	-0.3595677800	71.100	2.994	4.999	0.0000010000	-0.0000100286	5.9914404195E-9	0.0000342064	3.5968710145E-9	3.600	15.500
5/22/2022	11:28 PM	-0.3545388600	71.100	2.990	4.998	0.0000010000	-0.0000100186	6.3481859981E-9	0.0000342688	6.9698482070E-10	3.600	15.500
5/22/2022	11:29 PM	-0.3495099400	71.100	3.003	5.000	0.0000010000	-0.0000100277	8.6583157989E-9	0.0000342352	1.7804595562E-9	3.600	15.700
5/22/2022	11:29 PM	-0.3444810200	71.100	2.995	5.000	0.0000010000	-0.0000100241	8.6614224825E-9	0.0000342810	2.7214044760E-9	3.600	15.600
5/22/2022	11:30 PM	-0.3394521000	71.100	2.995	5.001	0.0000010000	-0.0000100278	5.7140508228E-9	0.0000342582	3.5240297545E-9	3.400	15.500
5/22/2022	11:31 PM	-0.3344231800	71.100	2.993	5.000	0.0000010000	-0.0000100215	1.0705830699E-8	0.0000342624	3.7411754221E-9	3.500	15.400
5/22/2022	11:31 PM	-0.3293942600	71.100	3.010	5.000	0.0000010000	-0.0000100183	8.1023476886E-9	0.0000342258	3.9602325267E-9	3.500	15.500
5/22/2022	11:32 PM	-0.3243653400	71.100	3.008	5.000	0.0000010000	-0.0000100238	9.3751611460E-9	0.0000342568	1.5898916153E-9	3.500	15.500
5/22/2022	11:33 PM	-0.3193364200	71.100	2.997	5.001	0.0000010000	-0.0000100304	8.3959512553E-9	0.0000342216	1.8000000000E-9	3.500	15.500
5/22/2022	11:33 PM	-0.3143075000	71.100	2.994	4.999	0.0000010000	-0.0000100374	1.0966862644E-8	0.0000342684	2.6469085735E-9	3.400	15.600
5/22/2022	11:34 PM	-0.3092785800	71.100	3.008	5.001	0.0000010000	-0.0000100183	1.1021405152E-8	0.0000343234	4.4325733980E-9	3.500	15.500
5/22/2022	11:35 PM	-0.3042496600	71.100	2.989	4.998	0.0000010000	-0.0000100161	6.9696726380E-9	0.0000343118	3.0054436786E-9	3.600	15.600
5/22/2022	11:35 PM	-0.2992207400	71.100	2.991	4.998	0.0000010000	-0.0000100219	4.7621061936E-9	0.0000343132	2.5819090848E-9	3.500	15.600
5/22/2022	11:36 PM	-0.2941918200	67.800	3.006	5.000	0.0000010000	-0.0000100212	8.2071805289E-9	0.0000342453	2.8058483930E-9	3.500	15.500
5/22/2022	11:37 PM	-0.2891629000	67.800	2.986	5.000	0.0000010000	-0.0000100201	8.4277819127E-9	0.0000342773	3.8178956786E-9	3.600	15.600
5/22/2022	11:37 PM	-0.2841339800	67.800	3.013	5.001	0.0000010000	-0.0000100202	9.6300971117E-9	0.0000342617	1.9856805713E-9	3.500	15.500
5/22/2022	11:38 PM	-0.2791050600	67.800	3.019	5.004	0.0000010000	-0.0000100188	6.8871894561E-9	0.0000342656	9.7345667959E-10	3.500	15.500
5/22/2022	11:38 PM	-0.2740761400	67.800	2.999	4.999	0.0000010000	-0.0000100133	7.1862550087E-9	0.0000342312	2.9610746211E-9	3.500	15.600
5/22/2022	11:39 PM	-0.2690472200	67.800	2.989	5.001	0.0000010000	-0.0000100227	9.9711965734E-9	0.0000342882	2.4741850778E-9	3.400	15.800
5/22/2022	11:40 PM	-0.2640183000	67.800	2.998	5.000	0.0000010000	-0.0000100297	9.4419005179E-9	0.0000342939	1.3272582944E-9	3.500	15.400
5/22/2022	11:40 PM	-0.2589893800	67.800	2.987	5.000	0.0000010000	-0.0000100159	5.7464343249E-9	0.0000342552	3.2882343217E-9	3.600	15.500
5/22/2022	11:41 PM	-0.2539604600	67.800	3.016	5.000	0.0000010000	-0.0000100277	5.9932477551E-9	0.0000342678	4.1021904466E-9	3.600	15.600
5/22/2022	11:42 PM	-0.2489315400	67.800	2.999	5.000	0.0000010000	-0.0000100300	1.0327393118E-8	0.0000342628	2.0728358716E-9	3.500	15.500
5/22/2022	11:42 PM	-0.2439026200	67.800	3.008	5.001	0.0000010000	-0.0000100179	1.0043760703E-8	0.0000342756	3.2819487327E-9	3.500	15.500
5/22/2022	11:43 PM	-0.2388737000	67.800	2.980	4.999	0.0000010000	-0.0000100152	6.4682535678E-9	0.0000342592	1.7986897981E-9	3.600	15.600
5/22/2022	11:44 PM	-0.2338447800	67.800	2.999	5.003	0.0000010000	-0.0000100216	9.7284344023E-9	0.0000342374	2.2370473633E-9	3.600	15.600
5/22/2022	11:44 PM	-0.2288158600	67.800	2.991	4.998	0.0000010000	-0.0000100169	6.6839276575E-9	0.0000342356	2.0982519149E-8	3.500	15.500
5/22/2022	11:45 PM	-0.2237869400	67.800	2.993	4.999	0.0000010000	-0.0000100295	6.9526173668E-9	0.0000342525	1.9625339323E-9	3.500	15.600
5/22/2022	11:46 PM	-0.2187580200	67.800	3.003	5.002	0.0000010000	-0.0000100181	6.0005321503E-9	0.0000342950	2.1192810510E-9	3.500	15.500
5/22/2022	11:46 PM	-0.2137291000	67.800	3.007	5.000	0.0000010000	-0.0000100187	8.3875884703E-9	0.0000342315	2.4535679788E-9	3.500	15.600
5/22/2022	11:47 PM	-0.2087001800	67.800	2.999	5.001	0.0000010000	-0.0000100186	6.8887790952E-9	0.0000342991	2.5905579909E-9	3.500	15.600
5/22/2022	11:48 PM	-0.2036712600	67.800	2.994	4.999	0.0000010000	-0.0000100139	6.3899804029E-9	0.0000342803	6.1950329995E-9	3.500	15.500
5/22/2022	11:48 PM	-0.1986423400	67.800	3.007	5.000	0.0000010000	-0.0000100309	7.9891403542E-9	0.0000342510	1.0230655505E-9	3.500	15.500
5/22/2022	11:49 PM	-0.1936134200	67.800	2.981	4.997	0.0000010000	-0.0000100376	1.0127918042E-8	0.0000342963	3.0523661723E-9	3.500	15.600
5/22/2022	11:50 PM	-0.1885845000	67.800	2.990	5.001	0.0000010000	-0.0000100202	7.3388952787E-9	0.0000343125	4.0124124549E-9	3.500	15.600
5/22/2022	11:50 PM	-0.1835555800	67.800	3.002	5.002	0.0000010000	-0.0000100295	7.3896711058E-9	0.0000342051	4.9674945811E-9	3.500	15.500
5/22/2022	11:51 PM	-0.1785266600	67.800	2.991	5.000	0.0000010000	-0.0000100227	8.6703118033E-9	0.0000343097	3.6857994207E-9	3.500	15.600
5/22/2022	11:52 PM	-0.1734977400	67.800	2.993	4.999	0.0000010000	-0.0000100299	4.6845592237E-9	0.0000343182	4.8223103533E-9	3.500	15.400
5/22/2022	11:52 PM	-0.1822983500	67.800	2.989	4.997	0.0000010000	-0.0000100282	7.8450092858E-9	0.0000342906	3.7553309040E-9	3.600	15.400
5/22/2022	11:53 PM	-0.1320091500	67.800	2.985	4.998	0.0000010000	-0.0000100242	6.3964554050E-9	0.0000342685	5.0739642135E-9	3.500	15.600
5/22/2022	11:54 PM	-0.0817199500	67.800	2.995	4.998	0.0000010000	-0.0000100218	8.4034679867E-9	0.0000343181	2.9244986510E-9	3.500	15.500
5/22/2022	11:54 PM	-0.0314307500	67.800	3.003	4.999	0.0000010000	-0.0000100177	8.5763807733E-9	0.0000342370	3.7428676042E-9	3.600	15.600
5/22/2022	11:55 PM	0.0188584500	67.800	3.004	5.001	0.0000010000	-0.0000100368	9.4142255709E-9	0.0000342880	1.3452340429E-9	3.500	15.500
5/22/2022	11:56 PM	0.0691476500	67.800	2.989	4.998	0.0000010000	-0.0000100436	6.6534211450E-9	0.0000342831	2.7535329932E-9	3.500	15.300
5/22/2022	11:57 PM	0.1194368500	67.800	2.993	4.998	0.0000010000	-0.0000100074	3.3917226263E-9	0.0000342792	4.9822637416E-9	3.400	15.300
5/22/2022	11:57 PM	0.1697260500	67.800	3.008	5.003	0.0000010000	-0.0000100234	1.0356965294E-8	0.0000343319	4.7534950894E-9	3.500	15.400
5/22/2022	11:58 PM	0.1734977400	67.800	3.002	5.001	0.0000010000	-0.0000100300	7.8205720835E-9	0.0000343284	3.9817783477E-9	3.500	15.500
5/22/2022	11:59 PM	0.1785266600	67.800	3.001	5.001	0.0000010000	-0.0000100344	5.9951912787E-9	0.0000342753	1.8409673646E-9	3.400	15.500
5/22/2022	11:59 PM	0.1835555800	67.800	3.014	5.000	0.0000010000	-0.0000100131	8.5153126572E-9	0.0000342035	5.6120881731E-9	3.600	15.600
5/23/2022	12:00 AM	0.1885845000	67.800	2.999	5.001	0.0000010000	-0.0000100301	9.3716435007E-9	0.0000342986	3.4272279126E-9	3.500	15.600
5/23/2022	12:00 AM	0.1936134200	67.800	3.000	4.997	0.0000010000	-0.0000100310	4.4619321716E-9	0.0000342778	2.2404170214E-9	3.600	15.700
5/23/2022	12:01 AM	0.1986423400	67.800	3.018	5.003	0.0000010000	-0.0000100273	8.6118004512E-9	0.0000343375	3.3008996032E-9	3.500	15.500
5/23/2022	12:02 AM	0.2036712600	67.800	2.990	5.001	0.0000010000	-0.0000100331	7.8613445795E-9	0.0000342298	2.8980888568E-9	3.500	15.500
5/23/2022	12:02 AM	0.2087001800	67.800	2.995	4.999	0.0000010000	-0.0000100492	9.7592578993E-9	0.0000342634	1.6098483952E-9	3.500	15.500
5/23/2022	12:03 AM	0.2137291000	67.800	3.001	4.998	0.0000010000	-0.0000100354	7.3007458516E-9	0.0000342374	3.6098010874E-9	3.500	15.500
5/23/2022	12:04 AM	0.2187580200	67.800	2.992	4.998	0.0000010000	-0.0000100282	6.2505124263E-9	0.0000342279	3.8067027370E-9	3.600	15.800
5/23/2022	12:04 AM	0.2237869400	67.800	2.998	5.003	0.0000010000	-0.0000100351	7.4498231164E-9	0.0000342877	1.7354744601E-9	3.500	15.500
5/23/2022	12:05 AM	0.2288158600	67.800	3.007	5.002	0.0000010000	-0.0000100303	3.6999880974E-9	0.0000342345	1.8135155192E-8	3.500	15.500
5/23/2022	12:06 AM	0.2338447800	67.800	3.001	4.999	0.0000010000	-0.0000100231	6.6916838155E-9	0.0000342887	5.9504248284E-9	3.500	15.500
5/23/2022	12:06 AM	0.2388737000	67.800	3.003	5.001	0.0000010000	-0.0000100265	4.9804504681E-9	0.0000342516	2.8093430013E-9	3.500	15.500
5/23/2022	12:07 AM	0.2439026200	67.800	2.999	5.000	0.0000010000	-0.0000100403	5.3075100153E-9	0.0000343038	1.3144970265E-9	3.400	15.400
5/23/2022	12:08 AM	0.2489315400	67.800	3.005	5.000	0.0000010000	-0.0000100469	1.1885357013E-8	0.0000342483	2.3885617546E-9	3.500	15.500
5/23/2022	12:08 AM	0.2539604600	67.800	3.019	5.001	0.0000010000	-0.0000094468	5.0679539609E-8	0.0000346182	4.5939232334E-8	3.600	15.500
5/23/2022	12:09 AM	0.2589893800	67.800	3.000	5.001	0.0000010000	-0.0000089867	9.6957130188E-9	0.0000348122	3.7787916486E-9	3.500	15.500
5/23/2022	12:10 AM	0.2640183000	67.800	3.002	5.002	0.0000010000	-0.0000090002	4.6588950392E-9	0.0000348101	2.8117217993E-9	3.500	15.400
5/23/2022	12:10 AM	0.2690472200	67.800	3.008	5.000	0.0000010000	-0.0000090081	4.6970714018E-9	0.0000347874	3.0766338725E-9	3.500	15.500
5/23/2022	12:11 AM	0.2740761400	67.800	3.000	4.999	0.0000010000	-0.0000090005	5.6743264555E-9	0.0000348169	6.7386127875E-10	3.600	15.500
5/23/2022	12:12 AM	0.2791050600	67.800	3.007	5.004	0.0000010000	-0.0000090078	8.2268200514E-9	0.0000348293	4.7648658585E-9	3.500	15.700
5/23/2022	12:12 AM	0.2841339800	67.800	3.007	5.001	0.0000010000	-0.0000090060	6.6241720635E-9	0.0000348389	4.3673790682E-9	3.500	15.500
5/23/2022	12:13 AM	0.2891629000	67.800	2.991	4.998	0.0000010000	-0.0000089960	6.0833297131E-9	0.0000347641	3.0225382737E-9	3.500	15.400
5/23/2022	12:14 AM	0.2941918200	67.800	2.987	5.000	0.0000010000	-0.0000090129	8.0157068936E-9	0.0000347937	2.5493711687E-8	3.400	15.400
5/23/2022	12:14 AM	0.2992207400	67.800	3.003	5.001	0.0000010000	-0.0000089938	4.8187759933E-9	0.0000348357	2.8471803413E-9	3.400	15.500
5/23/2022	12:15 AM	0.3042496600	67.800	3.011	5.001	0.0000010000	-0.0000090031	4.7266972992E-9	0.0000347628	5.7482141167E-9	3.500	15.500
5/23/2022	12:16 AM	0.3092785800	67.800	3.004	5.001	0.0000010000	-0.0000090043	3.8112171046E-9	0.0000348039	5.2172296560E-9	3.500	15.500
5/23/2022	12:17 AM	0.3143075000	67.800	3.006	4.999	0.0000010000	-0.0000090107	3.0132053753E-9	0.0000348595	3.0233450300E-9	3.600	15.400
5/23/2022	12:17 AM	0.3193364200	67.800	3.003	5.000	0.0000010000	-0.0000090010	2.4681727778E-9	0.0000348113	1.7422408418E-9	3.500	15.500
5/23/2022	12:18 AM	0.3243653400	67.800	3.006	5.000	0.0000010000	-0.0000090144	9.7246090708E-9	0.0000348347	3.7928081864E-9	3.500	15.400
5/23/2022	12:19 AM	0.3293942600	67.800	3.016	5.000	0.0000010000	-0.0000090222	9.5763545109E-9	0.0000348503	2.4955379690E-8	3.600	15.600
5/23/2022	12:19 AM	0.3344231800	67.800	2.989	5.000	0.0000010000	-0.0000090130	6.5972284705E-9	0.0000348016	3.6254547453E-9	3.500	15.400
5/23/2022	12:20 AM	0.3394521000	67.800	2.983	4.996	0.0000010000	-0.0000090108	9.9706965289E-9	0.0000348113	2.1341553770E-9	3.400	15.200
5/23/2022	12:21 AM	0.3444810200	67.800	2.993	4.999	0.0000010000	-0.0000089931	7.5521783939E-9	0.0000347613	3.3451297333E-9	3.500	15.400
5/23/2022	12:21 AM	0.3495099400	67.800	3.013	5.003	0.0000010000	-0.0000090111	7.2134362257E-9	0.0000347928	2.2340318184E-9	3.500	15.300
5/23/2022	12:22 AM	0.3545388600	67.800	2.997	4.998	0.0000010000	-0.0000090049	9.7534371533E-9	0.0000348559	3.8023792528E-9	3.500	15.500
5/23/2022	12:23 AM	0.3595677800	67.800	2.995	4.999	0.0000010000	-0.0000090011	9.1524770712E-9	0.0000347638	1.8024009698E-8	3.400	15.400
5/23/2022	12:24 AM	0.3645967000	67.800	3.013	5.002	0.0000010000	-0.0000089923	8.1546316412E-9	0.0000348208	5.7085743057E-9	3.500	15.500
5/23/2022	12:24 AM	0.3696256200	67.800	2.987	4.996	0.0000010000	-0.0000090069	6.8919396279E-9	0.0000348617	3.5962374640E-9	3.600	15.600
5/23/2022	12:25 AM	0.3746545400	67.800	3.000	5.001	0.0000010000	-0.0000090016	8.5710069048E-9	0.0000348473	4.3011864111E-9	3.500	15.400
5/23/2022	12:25 AM	0.3796834600	67.800	3.022	5.001	0.0000010000	-0.0000090082	8.0332839672E-9	0.0000348104	1.0512540656E-9	3.500	15.300
5/23/2022	12:26 AM	0.3847123800	67.800	3.000	4.999	0.0000010000	-0.0000090054	6.6915493000E-9	0.0000348044	4.5495097568E-10	3.500	15.400
5/23/2022	12:27 AM	0.3897413000	67.800	2.998	5.000	0.0000010000	-0.0000090111	6.7820681800E-9	0.0000348424	2.4150341752E-8	3.400	15.400
5/23/2022	12:27 AM	0.3947702200	67.800	3.005	5.003	0.0000010000	-0.0000090030	6.6431179117E-9	0.0000347970	1.6236399449E-9	3.500	15.400
5/23/2022	12:28 AM	0.3997991400	67.800	2.988	5.002	0.0000010000	-0.0000090090	6.8377647883E-9	0.0000348294	3.2871484323E-9	3.400	15.300
5/23/2022	12:29 AM	0.4048280600	67.800	3.004	5.001	0.0000010000	-0.0000090033	7.1750999604E-9	0.0000348646	3.1209940417E-9	3.600	15.500
5/23/2022	12:29 AM	0.4098569800	67.800	2.999	4.998	0.0000010000	-0.0000090086	8.8864663154E-9	0.0000347724	1.6803849982E-8	3.400	15.300
5/23/2022	12:30 AM	0.4148859000	67.800	3.000	4.999	0.0000010000	-0.0000090077	6.5567924087E-9	0.0000348310	2.6431503356E-8	3.500	15.400
5/23/2022	12:31 AM	0.4199148200	67.800	2.995	5.000	0.0000010000	-0.0000090081	8.7685787664E-9	0.0000348212	3.4334639324E-9	3.500	15.400
5/23/2022	12:31 AM	0.4249437400	67.800	3.004	5.000	0.0000010000	-0.0000090160	5.2622685602E-9	0.0000348037	3.3154753215E-9	3.500	15.500
5/23/2022	12:32 AM	0.4299726600	67.800	2.990	4.998	0.0000010000	-0.0000090071	7.2503963163E-9	0.0000347596	2.1465981531E-9	3.500	15.600
5/23/2022	12:32 AM	0.4350015800	67.800	2.994	5.000	0.0000010000	-0.0000090104	7.1000752758E-9	0.0000348224	2.1361057119E-9	3.500	15.400
5/23/2022	12:33 AM	0.4400305000	67.800	2.991	4.999	0.0000010000	-0.0000090052	7.2169529926E-9	0.0000348031	4.4328554357E-9	3.500	15.500
5/23/2022	12:34 AM	0.4450594200	67.800	3.010	4.999	0.0000010000	-0.0000090130	7.3561285150E-9	0.0000347784	2.4481221956E-9	3.500	15.400
5/23/2022	12:34 AM	0.4500883400	67.800	3.002	5.001	0.0000010000	-0.0000090163	4.5948592976E-9	0.0000348488	1.8522973892E-9	3.500	15.400
5/23/2022	12:35 AM	0.4551172600	67.800	2.997	5.000	0.0000010000	-0.0000090089	6.6936965642E-9	0.0000348529	3.0160105796E-9	3.400	15.400
5/23/2022	12:36 AM	0.4601461800	63.400	3.006	5.001	0.0000010000	-0.0000090130	9.0734080512E-9	0.0000348299	8.0415229868E-10	3.400	15.400
5/23/2022	12:36 AM	0.4651751000	63.400	3.003	4.997	0.0000010000	-0.0000090122	6.8284844349E-9	0.0000348058	1.6343337347E-9	3.400	15.200
5/23/2022	12:37 AM	0.4702040200	63.400	3.010	4.998	0.0000010000	-0.0000090173	7.2269594020E-9	0.0000347964	1.8382563698E-9	3.500	15.400
5/23/2022	12:38 AM	0.4752329400	63.400	3.000	4.999	0.0000010000	-0.0000089953	9.0587673449E-9	0.0000348589	3.7248212903E-9	3.400	15.400
5/23/2022	12:38 AM	0.4802618600	63.400	3.006	5.000	0.0000010000	-0.0000089918	8.6621352274E-9	0.0000348598	2.8381976370E-9	3.500	15.400
5/23/2022	12:39 AM	0.4852907800	63.400	3.000	5.000	0.0000010000	-0.0000090037	6.7396597896E-9	0.0000348548	2.5877601008E-9	3.500	15.500
5/23/2022	12:39 AM	0.4903197000	63.400	3.000	5.001	0.0000010000	-0.0000090056	8.0878921634E-9	0.0000347633	4.5816145127E-9	3.500	15.400
5/23/2022	12:40 AM	0.4953486200	63.400	2.996	5.003	0.0000010000	-0.0000090089	7.7611746223E-9	0.0000347715	3.2292805803E-9	3.400	15.500
5/23/2022	12:41 AM	0.5003775400	63.400	2.986	4.999	0.0000010000	-0.0000090202	1.1498557295E-8	0.0000348346	2.6589753476E-9	3.500	15.500
5/23/2022	12:42 AM	0.5003775400	63.400	3.008	5.001	0.0000010000	-0.0000089931	5.9294813492E-9	0.0000347996	1.6456836205E-9	3.500	15.500
