! User Name:	Aditya 
! Sample Name:	FGT_CPS_Device  4_FC8T_
! Sample ID:	FGT/CrPS4
! Date:	6/30/2022	Time:	4:14 AM
! Current Source:	Keithley 224 Current Source
! Voltmeter V1:	Keithley 182 Degital voltmeter
! Voltmeter V2:	Keithley 2182A  NanoVoltmeter
! V1 (volts):	Rxx Device 1
! V2 (volts):	Rxy Device 1
! Max Field (Tesla):0.000000	! Data points (0_maxT:75.000000	! Average Number:5.000000	
! Comments:	FGT/CrPS4 device was made in glove using flaking and dry transfering of flakes. 
! 
! 
! 
! 
Data	Time	Magnetic Field (T)	Helium Level (%)	VTI Temperature (K)	Sample Temparture (K)	Current (A) 	Voltage-1(V)	Std. of V1	Voltage-2 (V)	Std. of V2	VTI  Heater Power (%)	Sample Heater Power (%)
6/30/2022	4:16 AM	0.3997991400	52.000	52.780	54.994	0.0000010000	-0.0000653867	9.2405398879E-9	-0.0000062732	4.1306485869E-10	6.700	27.800
6/30/2022	4:18 AM	0.3972846800	87.100	3.004	5.001	0.0000010000	-0.0000654175	6.7738411695E-9	-0.0000062676	4.3011626335E-10	3.000	14.300
6/30/2022	4:18 AM	0.3947702200	87.100	3.000	4.999	0.0000010000	-0.0000654099	8.6722075883E-9	-0.0000062681	1.1335784049E-9	2.900	14.300
6/30/2022	4:19 AM	0.3922557600	87.100	2.997	4.999	0.0000010000	-0.0000654050	9.9534457804E-9	-0.0000062449	2.8439973984E-9	2.900	14.300
6/30/2022	4:20 AM	0.3897413000	87.100	2.999	4.999	0.0000010000	-0.0000654159	8.1969951991E-9	-0.0000062702	1.5711062790E-9	3.000	14.200
6/30/2022	4:20 AM	0.3872268400	87.100	3.013	5.001	0.0000010000	-0.0000654142	1.1234881922E-8	-0.0000062667	3.4608128489E-10	2.900	14.300
6/30/2022	4:21 AM	0.3847123800	87.100	2.996	5.000	0.0000010000	-0.0000654269	1.4653627526E-8	-0.0000062679	7.5355339059E-10	3.000	14.400
6/30/2022	4:22 AM	0.3821979200	87.100	2.995	5.000	0.0000010000	-0.0000654145	9.2944022630E-9	-0.0000062617	1.0444289329E-9	3.000	14.300
6/30/2022	4:23 AM	0.3796834600	87.100	2.998	5.000	0.0000010000	-0.0000654330	1.1710023124E-8	-0.0000062727	2.5495097568E-10	2.900	14.300
6/30/2022	4:23 AM	0.3771690000	87.100	3.000	4.999	0.0000010000	-0.0000654156	7.7089771147E-9	-0.0000062862	1.3217525315E-9	2.900	14.200
6/30/2022	4:24 AM	0.3746545400	87.100	2.999	5.001	0.0000010000	-0.0000654021	5.2059719516E-9	-0.0000062650	6.1719913269E-10	2.900	14.300
6/30/2022	4:25 AM	0.3721400800	87.100	2.998	4.999	0.0000010000	-0.0000654004	9.1923847091E-9	-0.0000062705	1.0704286871E-9	3.000	14.200
6/30/2022	4:25 AM	0.3696256200	87.100	2.999	5.000	0.0000010000	-0.0000654138	6.3850991839E-9	-0.0000062475	5.1874711556E-9	2.900	14.300
6/30/2022	4:26 AM	0.3671111600	87.100	3.001	5.000	0.0000010000	-0.0000654065	9.2550120343E-9	-0.0000062669	1.2561514854E-9	3.000	14.400
6/30/2022	4:27 AM	0.3645967000	87.100	3.002	5.001	0.0000010000	-0.0000653929	8.7682701697E-9	-0.0000062743	2.0000000000E-10	3.000	14.300
6/30/2022	4:27 AM	0.3620822400	87.100	3.001	5.000	0.0000010000	-0.0000654005	8.6395897814E-9	-0.0000062673	5.6368092477E-10	2.900	14.300
6/30/2022	4:28 AM	0.3595677800	87.100	2.998	5.001	0.0000010000	-0.0000654006	7.8885588809E-9	-0.0000062353	3.9692846810E-9	3.000	14.400
6/30/2022	4:29 AM	0.3570533200	87.100	3.005	5.001	0.0000010000	-0.0000654086	5.0848237499E-9	-0.0000062601	1.2477430411E-9	2.900	14.300
6/30/2022	4:30 AM	0.3545388600	87.100	2.998	5.000	0.0000010000	-0.0000654056	1.1306837063E-8	-0.0000062595	1.6407868650E-9	2.900	14.200
6/30/2022	4:30 AM	0.3520244000	87.100	2.994	4.999	0.0000010000	-0.0000653950	1.1350871288E-8	-0.0000062872	4.7855777343E-10	2.900	14.300
6/30/2022	4:31 AM	0.3495099400	87.100	3.008	5.000	0.0000010000	-0.0000654246	8.6545369853E-9	-0.0000062601	9.1547532151E-10	2.900	14.300
6/30/2022	4:32 AM	0.3469954800	87.100	3.004	5.000	0.0000010000	-0.0000654045	6.6708712520E-9	-0.0000062716	6.6099096785E-10	3.000	14.300
6/30/2022	4:32 AM	0.3444810200	87.100	3.007	5.001	0.0000010000	-0.0000654055	9.2255217754E-9	-0.0000062652	7.2559935005E-10	2.900	14.400
6/30/2022	4:33 AM	0.3419665600	87.100	3.005	5.000	0.0000010000	-0.0000653930	6.6636538853E-9	-0.0000062553	2.6165859389E-9	2.900	14.300
6/30/2022	4:34 AM	0.3394521000	87.100	2.997	4.999	0.0000010000	-0.0000653932	9.5273729148E-9	-0.0000062785	2.0000000000E-10	3.000	14.300
6/30/2022	4:35 AM	0.3369376400	87.100	2.999	5.000	0.0000010000	-0.0000654236	9.9464930938E-9	-0.0000062758	4.2360679775E-10	2.900	14.300
6/30/2022	4:35 AM	0.3344231800	87.100	3.001	4.999	0.0000010000	-0.0000654103	7.3743323617E-9	-0.0000062844	1.0819090848E-9	3.000	14.400
6/30/2022	4:36 AM	0.3319087200	87.100	3.004	5.000	0.0000010000	-0.0000654156	8.9122798718E-9	-0.0000062458	3.3515372152E-9	2.900	14.300
6/30/2022	4:37 AM	0.3293942600	87.100	3.005	5.001	0.0000010000	-0.0000654113	5.5517465162E-9	-0.0000062809	1.1039933485E-9	2.900	14.300
6/30/2022	4:37 AM	0.3268798000	87.100	2.996	4.999	0.0000010000	-0.0000654179	6.3548692479E-9	-0.0000062693	1.1052182095E-9	2.900	14.200
6/30/2022	4:38 AM	0.3243653400	87.100	3.004	5.001	0.0000010000	-0.0000654185	9.9148154342E-9	-0.0000062810	9.2364110314E-10	3.000	14.300
6/30/2022	4:39 AM	0.3218508800	87.100	2.997	5.001	0.0000010000	-0.0000654207	9.7772961183E-9	-0.0000062789	6.0724247288E-10	2.900	14.300
6/30/2022	4:39 AM	0.3193364200	87.100	3.019	5.001	0.0000010000	-0.0000654103	7.4532660757E-9	-0.0000062724	4.4203384502E-10	3.000	14.300
6/30/2022	4:40 AM	0.3168219600	87.100	3.010	5.002	0.0000010000	-0.0000654128	6.4573205647E-9	-0.0000062594	2.0368934590E-9	2.900	14.200
6/30/2022	4:41 AM	0.3143075000	87.100	3.002	5.001	0.0000010000	-0.0000654142	6.5974985890E-9	-0.0000062795	4.9664022582E-10	2.900	14.400
6/30/2022	4:42 AM	0.3117930400	87.100	3.000	5.001	0.0000010000	-0.0000654153	1.0134068998E-8	-0.0000062557	1.4921997274E-9	3.000	14.300
6/30/2022	4:42 AM	0.3092785800	87.100	3.004	5.002	0.0000010000	-0.0000654068	9.6206016268E-9	-0.0000062751	1.9208078138E-9	2.900	14.300
6/30/2022	4:43 AM	0.3067641200	87.100	2.990	4.999	0.0000010000	-0.0000654047	6.5493276369E-9	-0.0000062635	4.9664022582E-10	2.900	14.200
6/30/2022	4:44 AM	0.3042496600	87.100	3.007	5.001	0.0000010000	-0.0000654229	1.0099168180E-8	-0.0000062710	5.3911649916E-10	2.900	14.200
6/30/2022	4:45 AM	0.3017352000	87.100	2.996	5.000	0.0000010000	-0.0000654253	5.1208068825E-9	-0.0000062597	1.3000000000E-9	3.000	14.200
6/30/2022	4:45 AM	0.2992207400	87.100	2.995	5.000	0.0000010000	-0.0000654186	3.2813808364E-9	-0.0000062733	1.3424287749E-9	2.900	14.200
6/30/2022	4:46 AM	0.2967062800	87.100	3.000	5.001	0.0000010000	-0.0000653993	7.6296441339E-9	-0.0000062859	5.4721359550E-10	3.000	14.300
6/30/2022	4:47 AM	0.2941918200	87.100	2.998	5.001	0.0000010000	-0.0000654048	7.6031109232E-9	-0.0000062705	1.2791562463E-9	3.000	14.300
6/30/2022	4:47 AM	0.2916773600	87.100	3.001	5.000	0.0000010000	-0.0000654168	1.2376120100E-8	-0.0000062808	9.3874768826E-10	2.900	14.200
6/30/2022	4:48 AM	0.2891629000	87.100	2.996	4.998	0.0000010000	-0.0000654150	9.1128834453E-9	-0.0000062759	7.9842630675E-10	3.000	14.100
6/30/2022	4:49 AM	0.2866484400	87.100	2.991	5.000	0.0000010000	-0.0000654104	7.5387899428E-9	-0.0000062675	7.0556967662E-10	2.900	14.300
6/30/2022	4:49 AM	0.2841339800	87.100	2.997	5.000	0.0000010000	-0.0000654070	5.7032899910E-9	-0.0000062650	6.2911671436E-10	2.900	14.400
6/30/2022	4:50 AM	0.2816195200	87.100	2.996	4.999	0.0000010000	-0.0000654181	7.8546884374E-9	-0.0000062675	9.5357887333E-10	3.000	14.300
6/30/2022	4:51 AM	0.2791050600	87.100	2.994	5.000	0.0000010000	-0.0000654069	7.1898076163E-9	-0.0000062271	4.8240119800E-9	2.900	14.200
6/30/2022	4:52 AM	0.2765906000	87.100	2.997	5.001	0.0000010000	-0.0000654138	8.2960488979E-9	-0.0000062918	1.4396684744E-9	3.000	14.200
6/30/2022	4:52 AM	0.2740761400	87.100	3.002	5.000	0.0000010000	-0.0000654085	6.8275532365E-9	-0.0000062260	6.0690197580E-9	2.900	14.200
6/30/2022	4:53 AM	0.2715616800	87.100	2.997	5.000	0.0000010000	-0.0000653910	8.1263823582E-9	-0.0000062578	1.4679596916E-9	3.000	14.200
6/30/2022	4:54 AM	0.2690472200	87.100	2.991	4.999	0.0000010000	-0.0000654156	9.9603569263E-9	-0.0000062748	9.3186001849E-10	2.900	14.300
6/30/2022	4:54 AM	0.2665327600	87.100	2.995	5.001	0.0000010000	-0.0000654028	6.6889973022E-9	-0.0000062776	2.4494897428E-10	3.000	14.300
6/30/2022	4:55 AM	0.2640183000	87.100	3.002	5.000	0.0000010000	-0.0000654061	1.1121111379E-8	-0.0000062665	5.3011626335E-10	2.900	14.200
6/30/2022	4:56 AM	0.2615038400	87.100	3.009	5.002	0.0000010000	-0.0000654110	1.0876195734E-8	-0.0000062716	4.0000000000E-10	2.900	14.300
6/30/2022	4:57 AM	0.2589893800	84.700	3.008	5.002	0.0000010000	-0.0000654032	1.0583432631E-8	-0.0000062667	1.3601003170E-9	2.900	14.400
6/30/2022	4:58 AM	0.2564749200	84.700	3.009	5.000	0.0000010000	-0.0000654213	8.3005850953E-9	-0.0000062604	1.1056026806E-9	3.000	14.300
6/30/2022	4:58 AM	0.2539604600	84.700	2.996	4.999	0.0000010000	-0.0000653944	7.4109807149E-9	-0.0000062738	3.9154759474E-10	3.000	14.300
6/30/2022	4:59 AM	0.2514460000	84.700	3.004	5.001	0.0000010000	-0.0000654035	8.5081220817E-9	-0.0000062788	9.0920421171E-10	3.000	14.300
6/30/2022	5:00 AM	0.2489315400	84.700	3.006	5.001	0.0000010000	-0.0000654066	9.6852424058E-9	-0.0000062814	1.2120124021E-9	3.000	14.200
6/30/2022	5:01 AM	0.2464170800	84.700	2.994	4.999	0.0000010000	-0.0000654250	9.2313471199E-9	-0.0000062713	1.4679596916E-9	3.000	14.300
6/30/2022	5:01 AM	0.2439026200	84.700	2.999	5.000	0.0000010000	-0.0000654026	7.8104808952E-9	-0.0000062577	1.9578896123E-9	3.000	14.200
6/30/2022	5:02 AM	0.2413881600	84.700	3.007	5.000	0.0000010000	-0.0000654178	5.3780250384E-9	-0.0000062823	2.7019622388E-9	3.000	14.200
6/30/2022	5:03 AM	0.2388737000	84.700	3.002	5.000	0.0000010000	-0.0000654065	8.0143678508E-9	-0.0000062749	6.5632839974E-10	3.000	14.300
6/30/2022	5:04 AM	0.2363592400	84.700	2.998	5.000	0.0000010000	-0.0000654103	6.7933507228E-9	-0.0000062648	5.5259075049E-10	3.000	14.300
6/30/2022	5:04 AM	0.2338447800	84.700	3.005	5.000	0.0000010000	-0.0000654118	6.9665553868E-9	-0.0000062768	7.9123516802E-10	3.000	14.300
6/30/2022	5:05 AM	0.2313303200	84.700	3.001	5.001	0.0000010000	-0.0000654181	4.1911319707E-9	-0.0000062728	2.0000000000E-10	3.000	14.300
6/30/2022	5:06 AM	0.2288158600	84.700	2.995	4.999	0.0000010000	-0.0000654117	1.0329465084E-8	-0.0000062657	7.2559935005E-10	3.000	14.300
6/30/2022	5:06 AM	0.2263014000	84.700	3.002	4.999	0.0000010000	-0.0000654300	6.7477159371E-9	-0.0000062574	1.2409606938E-9	3.000	14.200
6/30/2022	5:07 AM	0.2237869400	84.700	3.001	5.001	0.0000010000	-0.0000654146	9.2032050831E-9	-0.0000062851	9.8476798574E-10	2.900	14.200
6/30/2022	5:08 AM	0.2212724800	84.700	2.996	4.998	0.0000010000	-0.0000654090	7.2442314244E-9	-0.0000062603	1.4044253109E-9	3.000	14.300
6/30/2022	5:08 AM	0.2187580200	84.700	3.014	5.002	0.0000010000	-0.0000654031	6.2180548949E-9	-0.0000062909	1.2514889173E-9	2.900	14.300
6/30/2022	5:09 AM	0.2162435600	84.700	3.002	5.002	0.0000010000	-0.0000654150	8.9351638698E-9	-0.0000062763	1.2247448714E-10	3.000	14.300
6/30/2022	5:10 AM	0.2137291000	84.700	3.008	5.001	0.0000010000	-0.0000654055	6.9806609130E-9	-0.0000062703	8.4031242374E-10	3.000	14.200
6/30/2022	5:11 AM	0.2112146400	84.700	2.995	4.999	0.0000010000	-0.0000654106	5.8108928765E-9	-0.0000062637	7.1763500472E-10	3.000	14.300
6/30/2022	5:11 AM	0.2087001800	84.700	2.999	5.000	0.0000010000	-0.0000654256	6.1608434574E-9	-0.0000062689	1.0000000000E-10	3.000	14.300
6/30/2022	5:12 AM	0.2061857200	84.700	2.990	4.999	0.0000010000	-0.0000654089	8.6979712173E-9	-0.0000062874	7.9154759474E-10	3.000	14.200
6/30/2022	5:13 AM	0.2036712600	84.700	2.999	5.000	0.0000010000	-0.0000654252	5.8675271784E-9	-0.0000062849	9.5166481892E-10	2.900	14.300
6/30/2022	5:13 AM	0.2011568000	84.700	2.995	5.000	0.0000010000	-0.0000654113	4.8888418008E-9	-0.0000062339	4.8282430066E-9	2.900	14.200
6/30/2022	5:14 AM	0.1986423400	84.700	3.007	5.001	0.0000010000	-0.0000654211	8.1461602605E-9	-0.0000062771	8.4420493634E-10	2.900	14.200
6/30/2022	5:15 AM	0.1961278800	84.700	3.002	5.000	0.0000010000	-0.0000654221	7.6631087098E-9	-0.0000062925	1.9265454343E-9	3.000	14.300
6/30/2022	5:15 AM	0.1936134200	84.700	2.999	5.001	0.0000010000	-0.0000654089	1.0391049026E-8	-0.0000062753	3.5495097568E-10	2.900	14.300
6/30/2022	5:16 AM	0.1910989600	84.700	3.010	5.000	0.0000010000	-0.0000654051	7.9493701584E-9	-0.0000062785	1.2901812996E-9	3.000	14.300
6/30/2022	5:17 AM	0.1885845000	84.700	2.995	4.999	0.0000010000	-0.0000654149	8.8499581134E-9	-0.0000062639	1.8950659715E-9	3.000	14.200
6/30/2022	5:17 AM	0.1860700400	84.700	3.008	5.001	0.0000010000	-0.0000654244	1.1488535219E-8	-0.0000062710	8.6023252670E-10	2.900	14.300
6/30/2022	5:18 AM	0.1835555800	84.700	2.999	5.000	0.0000010000	-0.0000654087	9.2703842078E-9	-0.0000062400	3.3992423373E-9	2.900	14.300
6/30/2022	5:19 AM	0.1810411200	84.700	3.005	4.999	0.0000010000	-0.0000654031	6.2770283776E-9	-0.0000062827	6.9256219969E-10	2.900	14.200
6/30/2022	5:20 AM	0.1785266600	84.700	2.999	4.999	0.0000010000	-0.0000654174	7.0785616403E-9	-0.0000062608	1.1052182095E-9	3.000	14.200
6/30/2022	5:20 AM	0.1760122000	84.700	2.988	4.999	0.0000010000	-0.0000654103	8.2656008570E-9	-0.0000062605	7.0710678119E-10	2.900	14.300
6/30/2022	5:21 AM	0.1734977400	84.700	2.999	5.002	0.0000010000	-0.0000654161	1.1499640132E-8	-0.0000062618	8.9379718813E-10	3.000	14.400
6/30/2022	5:22 AM	0.1709832800	84.700	2.998	5.001	0.0000010000	-0.0000654222	1.0276232675E-8	-0.0000062660	2.2892306207E-9	3.000	14.300
6/30/2022	5:22 AM	0.1684688200	84.700	3.006	5.001	0.0000010000	-0.0000654220	4.8765880219E-9	-0.0000062772	1.4561525868E-9	2.900	14.200
6/30/2022	5:23 AM	0.1659543600	84.700	3.001	5.000	0.0000010000	-0.0000654208	1.2230711490E-8	-0.0000062716	7.8190908485E-10	2.900	14.200
6/30/2022	5:24 AM	0.1634399000	84.700	3.001	4.999	0.0000010000	-0.0000654099	7.3886502531E-9	-0.0000062504	2.7395326730E-9	3.000	14.300
6/30/2022	5:25 AM	0.1609254400	84.700	3.003	5.000	0.0000010000	-0.0000654021	7.3364116641E-9	-0.0000062769	4.4203384502E-10	3.000	14.200
6/30/2022	5:25 AM	0.1584109800	84.700	3.005	5.002	0.0000010000	-0.0000654179	6.7311509411E-9	-0.0000062794	2.4494897428E-10	2.900	14.300
6/30/2022	5:26 AM	0.1558965200	84.700	3.000	5.002	0.0000010000	-0.0000654133	7.3556400178E-9	-0.0000062839	1.3460250527E-9	3.000	14.300
6/30/2022	5:27 AM	0.1533820600	84.700	2.993	5.000	0.0000010000	-0.0000654187	3.7256995697E-9	-0.0000062516	2.9614884005E-9	2.900	14.300
6/30/2022	5:27 AM	0.1508676000	84.700	3.012	5.000	0.0000010000	-0.0000654139	1.4626458013E-8	-0.0000062644	1.5291318655E-9	3.000	14.300
6/30/2022	5:28 AM	0.1483531400	84.700	2.997	5.000	0.0000010000	-0.0000654247	1.0281306222E-8	-0.0000062666	1.0770329614E-9	3.000	14.400
6/30/2022	5:29 AM	0.1458386800	84.700	3.001	4.999	0.0000010000	-0.0000654116	6.3604142103E-9	-0.0000062698	1.0273618495E-9	3.000	14.100
6/30/2022	5:29 AM	0.1433242200	84.700	2.990	5.001	0.0000010000	-0.0000654334	8.5445958383E-9	-0.0000062720	1.3937346867E-9	3.000	14.300
6/30/2022	5:30 AM	0.1408097600	84.700	3.000	5.001	0.0000010000	-0.0000654161	5.2622509349E-9	-0.0000062771	1.0000000000E-10	3.000	14.300
6/30/2022	5:31 AM	0.1382953000	0.900	2.999	5.001	0.0000010000	-0.0000654363	9.2571286432E-9	-0.0000062789	4.4966147775E-10	3.000	14.300
6/30/2022	5:32 AM	0.1357808400	84.700	2.990	4.998	0.0000010000	-0.0000654240	7.0255311079E-9	-0.0000062821	9.9865437593E-10	3.000	14.200
6/30/2022	5:32 AM	0.1332663800	84.700	2.996	5.001	0.0000010000	-0.0000654197	5.9585929034E-9	-0.0000062853	8.1547532152E-10	3.000	14.300
6/30/2022	5:33 AM	0.1307519200	84.700	2.999	4.999	0.0000010000	-0.0000654396	1.1975087381E-8	-0.0000062736	1.8708286934E-10	3.000	14.200
6/30/2022	5:34 AM	0.1282374600	84.700	3.001	5.000	0.0000010000	-0.0000654189	1.3781725582E-8	-0.0000062318	4.2658833840E-9	3.000	14.200
6/30/2022	5:34 AM	0.1257230000	84.700	2.997	5.000	0.0000010000	-0.0000654325	6.5048452834E-9	-0.0000062813	9.3005376189E-10	3.000	14.200
6/30/2022	5:35 AM	0.1232085400	84.700	3.009	5.001	0.0000010000	-0.0000654416	6.3396637873E-9	-0.0000062791	7.6278691088E-10	3.000	14.200
6/30/2022	5:36 AM	0.1206940800	84.700	2.995	5.000	0.0000010000	-0.0000654233	1.1203971776E-8	-0.0000062721	5.1515439249E-10	2.900	14.300
6/30/2022	5:36 AM	0.1181796200	84.700	2.999	5.002	0.0000010000	-0.0000654199	9.2212669210E-9	-0.0000062668	1.1086041933E-9	2.900	14.300
6/30/2022	5:37 AM	0.1156651600	84.700	3.011	5.002	0.0000010000	-0.0000654366	8.1017355614E-9	-0.0000062892	1.7473102506E-9	2.900	14.200
6/30/2022	5:38 AM	0.1131507000	84.700	3.012	5.000	0.0000010000	-0.0000654294	8.4289656085E-9	-0.0000062825	1.3362556821E-9	3.000	14.200
6/30/2022	5:39 AM	0.1106362400	84.700	3.001	5.001	0.0000010000	-0.0000654163	6.4823056116E-9	-0.0000062852	1.4558237748E-9	3.000	14.100
6/30/2022	5:39 AM	0.1081217800	84.700	2.999	5.001	0.0000010000	-0.0000654363	8.7742925356E-9	-0.0000062905	1.0790308106E-9	2.900	14.200
6/30/2022	5:40 AM	0.1056073200	84.700	3.004	4.999	0.0000010000	-0.0000654080	7.9433207088E-9	-0.0000062826	9.3874768826E-10	3.000	14.200
6/30/2022	5:41 AM	0.1030928600	84.700	2.997	5.001	0.0000010000	-0.0000654166	1.2986054866E-8	-0.0000062799	7.5717058189E-10	3.000	14.300
6/30/2022	5:41 AM	0.1005784000	84.700	3.005	5.001	0.0000010000	-0.0000654252	9.6327141399E-9	-0.0000062758	1.0581221608E-9	2.900	14.300
6/30/2022	5:42 AM	0.0980639400	84.700	3.003	4.999	0.0000010000	-0.0000654094	8.3384254841E-9	-0.0000062762	1.1788289045E-9	3.000	14.200
6/30/2022	5:43 AM	0.0955494800	84.700	3.012	5.001	0.0000010000	-0.0000654328	9.0193605508E-9	-0.0000062636	1.3022703843E-9	3.000	14.300
6/30/2022	5:43 AM	0.0930350200	84.700	3.003	5.000	0.0000010000	-0.0000654247	1.0243305313E-8	-0.0000062562	2.3880238764E-9	3.000	14.300
6/30/2022	5:44 AM	0.0905205600	84.700	2.989	4.999	0.0000010000	-0.0000654125	7.2648779678E-9	-0.0000062674	6.3851648071E-10	3.000	14.300
6/30/2022	5:45 AM	0.0880061000	84.700	3.009	5.000	0.0000010000	-0.0000654097	9.2927948157E-9	-0.0000062770	3.9154759474E-10	3.000	14.200
6/30/2022	5:46 AM	0.0854916400	84.700	3.002	5.000	0.0000010000	-0.0000654281	1.5117808431E-8	-0.0000062744	1.8708286934E-10	3.000	14.200
6/30/2022	5:46 AM	0.0829771800	84.700	3.010	5.002	0.0000010000	-0.0000654207	6.7364611381E-9	-0.0000062777	5.2881225443E-10	2.900	14.100
6/30/2022	5:47 AM	0.0804627200	84.700	3.000	5.001	0.0000010000	-0.0000654176	5.7623560536E-9	-0.0000062612	1.7324827717E-9	3.000	14.300
6/30/2022	5:48 AM	0.0779482600	84.700	2.987	4.999	0.0000010000	-0.0000654261	1.0370465646E-8	-0.0000062680	1.7180818565E-9	2.900	14.300
6/30/2022	5:48 AM	0.0754338000	84.700	3.006	5.001	0.0000010000	-0.0000654052	1.1834521347E-8	-0.0000062862	1.2547906945E-9	3.000	14.400
6/30/2022	5:49 AM	0.0729193400	84.700	2.998	4.998	0.0000010000	-0.0000654153	8.3237543815E-9	-0.0000062717	9.9753483738E-10	3.000	14.400
6/30/2022	5:50 AM	0.0704048800	84.700	3.008	5.002	0.0000010000	-0.0000654235	9.0518910108E-9	-0.0000062742	8.1723431537E-10	3.000	14.200
6/30/2022	5:50 AM	0.0678904200	84.700	2.998	5.001	0.0000010000	-0.0000653980	1.0381342254E-8	-0.0000062787	9.6397017595E-10	3.000	14.300
6/30/2022	5:51 AM	0.0653759600	84.700	2.998	5.000	0.0000010000	-0.0000654271	8.7753896107E-9	-0.0000062771	9.8881944173E-10	3.000	14.300
6/30/2022	5:52 AM	0.0628615000	84.700	2.998	4.999	0.0000010000	-0.0000654201	1.0303487067E-8	-0.0000062698	4.9154759474E-10	3.000	14.300
6/30/2022	5:53 AM	0.0603470400	84.700	3.002	5.001	0.0000010000	-0.0000654144	5.5490106520E-9	-0.0000062661	1.7080202489E-9	3.000	14.300
6/30/2022	5:53 AM	0.0578325800	84.700	2.993	4.999	0.0000010000	-0.0000654185	7.0234304892E-9	-0.0000062871	6.4510098534E-10	3.000	14.300
6/30/2022	5:54 AM	0.0553181200	84.700	2.987	4.999	0.0000010000	-0.0000654293	1.4150300795E-8	-0.0000062314	5.9964540261E-9	3.000	14.200
6/30/2022	5:55 AM	0.0528036600	84.700	3.007	5.001	0.0000010000	-0.0000654183	5.1127839871E-9	-0.0000062748	6.1719913269E-10	3.000	14.300
6/30/2022	5:55 AM	0.0502892000	84.700	3.010	5.002	0.0000010000	-0.0000654190	9.1196739364E-9	-0.0000062792	4.9723038216E-10	3.000	14.200
6/30/2022	5:56 AM	0.0477747400	84.700	3.007	5.001	0.0000010000	-0.0000654246	8.4845678744E-9	-0.0000062756	8.6368092477E-10	3.000	14.200
6/30/2022	5:57 AM	0.0452602800	81.800	2.996	5.000	0.0000010000	-0.0000654168	9.9419773844E-9	-0.0000062547	1.6836405851E-9	3.000	14.100
6/30/2022	5:58 AM	0.0427458200	81.800	2.998	5.001	0.0000010000	-0.0000654044	7.8087997205E-9	-0.0000062635	1.8973665961E-9	3.100	14.300
6/30/2022	5:58 AM	0.0402313600	81.800	2.992	5.000	0.0000010000	-0.0000654193	6.1942784612E-9	-0.0000062714	5.4063625993E-10	3.000	14.300
6/30/2022	5:59 AM	0.0377169000	81.800	2.999	5.000	0.0000010000	-0.0000654158	7.2940739575E-9	-0.0000062674	5.5259075049E-10	3.000	14.200
6/30/2022	6:00 AM	0.0352024400	81.800	3.007	4.999	0.0000010000	-0.0000653997	9.8498938106E-9	-0.0000062866	1.1768602296E-9	3.000	14.200
6/30/2022	6:00 AM	0.0326879800	81.800	3.003	5.000	0.0000010000	-0.0000654258	1.0057686203E-8	-0.0000062770	1.5834840012E-9	3.000	14.200
6/30/2022	6:01 AM	0.0301735200	81.800	2.997	5.000	0.0000010000	-0.0000654037	6.6853230051E-9	-0.0000062500	2.0169126727E-9	3.000	14.300
6/30/2022	6:02 AM	0.0276590600	81.800	2.990	5.000	0.0000010000	-0.0000654138	1.5404279355E-8	-0.0000062597	2.2025704843E-9	3.000	14.300
6/30/2022	6:02 AM	0.0251446000	81.800	2.998	5.000	0.0000010000	-0.0000654094	8.7143223172E-9	-0.0000062658	1.1052182095E-9	3.000	14.200
6/30/2022	6:03 AM	0.0226301400	81.800	2.999	4.999	0.0000010000	-0.0000654098	3.2369620300E-9	-0.0000062811	5.4063625993E-10	3.000	14.200
6/30/2022	6:04 AM	0.0201156800	81.800	2.985	4.998	0.0000010000	-0.0000654014	4.3257776392E-9	-0.0000062761	7.5355339059E-10	3.000	14.200
6/30/2022	6:05 AM	0.0176012200	81.800	2.995	5.000	0.0000010000	-0.0000654088	5.5380415752E-9	-0.0000062709	4.3011626335E-10	3.100	14.300
6/30/2022	6:05 AM	0.0150867600	81.800	3.006	5.001	0.0000010000	-0.0000654095	7.8803651164E-9	-0.0000062789	5.0990195136E-10	3.000	14.300
6/30/2022	6:06 AM	0.0125723000	81.800	3.008	5.001	0.0000010000	-0.0000654083	9.1656654541E-9	-0.0000062602	1.4658783303E-9	3.000	14.300
6/30/2022	6:07 AM	0.0100578400	81.800	2.997	5.000	0.0000010000	-0.0000654141	6.6148790052E-9	-0.0000062709	1.3302568286E-9	3.000	14.300
6/30/2022	6:07 AM	0.0075433800	81.800	3.007	5.002	0.0000010000	-0.0000654087	9.7608329145E-9	-0.0000062753	7.6278691088E-10	3.000	14.300
6/30/2022	6:08 AM	0.0050289200	81.800	2.998	5.000	0.0000010000	-0.0000653985	7.2010667964E-9	-0.0000062870	9.2364110314E-10	2.900	14.200
6/30/2022	6:09 AM	0.0025144600	81.800	2.991	4.998	0.0000010000	-0.0000654125	9.8326891810E-9	-0.0000062817	2.2247448714E-10	3.000	14.300
6/30/2022	6:09 AM	0.0000000000	81.800	3.002	4.999	0.0000010000	-0.0000654081	1.0605938204E-8	-0.0000062383	3.8596542394E-9	3.000	14.300
6/30/2022	6:10 AM	-0.0025144600	81.800	3.001	5.000	0.0000010000	-0.0000654225	6.0533230646E-9	-0.0000062733	5.5355339059E-10	3.000	14.200
6/30/2022	6:11 AM	-0.0050289200	81.800	3.001	5.001	0.0000010000	-0.0000654266	2.8485647001E-9	-0.0000062720	1.5811388301E-10	3.000	14.300
6/30/2022	6:12 AM	-0.0075433800	81.800	3.004	5.000	0.0000010000	-0.0000654110	1.0275876489E-8	-0.0000062606	7.9346745639E-10	3.000	14.200
6/30/2022	6:12 AM	-0.0100578400	81.800	3.003	5.001	0.0000010000	-0.0000654107	8.0972903709E-9	-0.0000062759	2.9154759474E-10	3.000	14.200
6/30/2022	6:13 AM	-0.0125723000	81.800	3.001	5.000	0.0000010000	-0.0000654170	6.5526832770E-9	-0.0000062670	1.7401818866E-9	3.000	14.300
6/30/2022	6:14 AM	-0.0150867600	0.900	2.995	4.999	0.0000010000	-0.0000654262	8.1812029403E-9	-0.0000062706	1.5925045599E-9	3.000	14.100
6/30/2022	6:15 AM	-0.0176012200	81.800	3.003	5.000	0.0000010000	-0.0000654340	1.1257069639E-8	-0.0000062948	1.0924716621E-9	3.000	14.200
6/30/2022	6:15 AM	-0.0201156800	81.800	3.003	5.001	0.0000010000	-0.0000654276	5.0138052748E-9	-0.0000062805	2.8708286934E-10	3.000	14.200
6/30/2022	6:16 AM	-0.0226301400	81.800	2.990	4.998	0.0000010000	-0.0000654301	7.1910785675E-9	-0.0000062784	9.1268221939E-10	3.000	14.200
6/30/2022	6:17 AM	-0.0251446000	81.800	3.005	5.001	0.0000010000	-0.0000654109	9.2234237179E-9	-0.0000062967	7.2929262470E-10	2.900	14.200
6/30/2022	6:17 AM	-0.0276590600	81.800	2.995	4.999	0.0000010000	-0.0000654250	7.3432227088E-9	-0.0000062856	3.4252376960E-9	3.000	14.300
6/30/2022	6:18 AM	-0.0301735200	81.800	3.012	5.000	0.0000010000	-0.0000654266	1.0400130988E-8	-0.0000062867	1.4978240886E-9	3.000	14.100
6/30/2022	6:19 AM	-0.0326879800	81.800	2.993	4.999	0.0000010000	-0.0000654250	8.5133848520E-9	-0.0000062689	6.9774951497E-10	3.000	14.200
6/30/2022	6:19 AM	-0.0352024400	81.800	3.005	4.999	0.0000010000	-0.0000654207	9.3080387894E-9	-0.0000062630	7.9056941504E-10	3.000	14.200
6/30/2022	6:20 AM	-0.0377169000	81.800	3.003	5.001	0.0000010000	-0.0000654246	9.2377109345E-9	-0.0000062472	3.8947396325E-9	2.900	14.200
6/30/2022	6:21 AM	-0.0402313600	81.800	3.008	5.000	0.0000010000	-0.0000654241	7.3732870328E-9	-0.0000062868	6.2179480778E-10	3.000	14.200
6/30/2022	6:22 AM	-0.0427458200	81.800	3.007	5.001	0.0000010000	-0.0000654278	8.7489277010E-9	-0.0000062800	1.1455900096E-9	3.000	14.400
6/30/2022	6:22 AM	-0.0452602800	81.800	3.003	5.001	0.0000010000	-0.0000654178	5.5001309158E-9	-0.0000062967	1.3579474285E-9	3.000	14.300
6/30/2022	6:23 AM	-0.0477747400	81.800	2.989	4.999	0.0000010000	-0.0000654321	1.2067715493E-8	-0.0000062924	1.6431225894E-9	3.000	14.300
6/30/2022	6:24 AM	-0.0502892000	81.800	2.989	5.000	0.0000010000	-0.0000654424	8.7266832983E-9	-0.0000062850	2.0000000000E-10	3.000	14.200
6/30/2022	6:24 AM	-0.0528036600	81.800	2.999	5.000	0.0000010000	-0.0000654067	1.2471207203E-8	-0.0000062914	7.5522851952E-10	3.000	14.200
6/30/2022	6:25 AM	-0.0553181200	81.800	3.014	5.002	0.0000010000	-0.0000654390	6.1182993241E-9	-0.0000062836	1.3275904635E-9	3.000	14.300
6/30/2022	6:26 AM	-0.0578325800	81.800	2.989	4.998	0.0000010000	-0.0000654267	1.0642230484E-8	-0.0000062811	9.5166481892E-10	3.000	14.300
6/30/2022	6:26 AM	-0.0603470400	81.800	3.000	5.000	0.0000010000	-0.0000654213	9.2657673806E-9	-0.0000062410	2.8766299727E-9	3.000	14.300
6/30/2022	6:27 AM	-0.0628615000	81.800	2.999	5.001	0.0000010000	-0.0000654245	6.3083043273E-9	-0.0000062864	9.0471787406E-10	2.900	14.300
6/30/2022	6:28 AM	-0.0653759600	81.800	2.993	5.000	0.0000010000	-0.0000654400	6.8404924574E-9	-0.0000062827	7.7008771255E-10	3.000	14.300
6/30/2022	6:29 AM	-0.0678904200	81.800	2.999	5.001	0.0000010000	-0.0000654357	5.9258079501E-9	-0.0000062767	2.5495097568E-10	2.900	14.300
6/30/2022	6:29 AM	-0.0704048800	81.800	3.002	5.000	0.0000010000	-0.0000654271	8.5681220175E-9	-0.0000062748	7.0126633228E-10	3.000	14.400
6/30/2022	6:30 AM	-0.0729193400	81.800	2.991	5.000	0.0000010000	-0.0000654411	7.2669698797E-9	-0.0000062807	3.0000000000E-10	2.900	14.200
6/30/2022	6:31 AM	-0.0754338000	81.800	3.006	5.001	0.0000010000	-0.0000654243	9.4722772966E-9	-0.0000062651	1.3006357419E-9	3.000	14.300
6/30/2022	6:31 AM	-0.0779482600	81.800	2.997	4.999	0.0000010000	-0.0000654306	9.0068258538E-9	-0.0000062844	1.1171366312E-9	3.000	14.200
6/30/2022	6:32 AM	-0.0804627200	81.800	3.002	4.999	0.0000010000	-0.0000654316	3.6164403954E-9	-0.0000062868	5.6968808264E-10	3.000	14.200
6/30/2022	6:33 AM	-0.0829771800	81.800	2.992	4.999	0.0000010000	-0.0000654485	5.1013858044E-9	-0.0000062843	7.2559935005E-10	3.000	14.200
6/30/2022	6:34 AM	-0.0854916400	81.800	3.014	5.002	0.0000010000	-0.0000654568	9.6325989074E-9	-0.0000062736	5.7434164903E-10	3.000	14.300
6/30/2022	6:35 AM	-0.0880061000	81.800	3.003	5.001	0.0000010000	-0.0000654348	3.3202357984E-9	-0.0000062906	1.1817810823E-9	3.000	14.200
6/30/2022	6:35 AM	-0.0905205600	81.800	3.005	5.001	0.0000010000	-0.0000654083	8.0164331269E-9	-0.0000062477	3.4372954485E-9	3.000	14.300
6/30/2022	6:36 AM	-0.0930350200	81.800	3.012	5.001	0.0000010000	-0.0000654307	8.8593328374E-9	-0.0000062861	1.0000000000E-10	3.000	14.300
6/30/2022	6:37 AM	-0.0955494800	81.800	2.994	4.999	0.0000010000	-0.0000654351	6.4136188365E-9	-0.0000062700	5.3011626335E-10	3.000	14.200
6/30/2022	6:37 AM	-0.0980639400	81.800	3.000	5.002	0.0000010000	-0.0000654402	7.4422963659E-9	-0.0000062798	4.1402208188E-10	3.000	14.300
6/30/2022	6:38 AM	-0.1005784000	81.800	3.011	5.000	0.0000010000	-0.0000654164	9.0508525934E-9	-0.0000062572	1.6369099994E-9	3.000	14.300
6/30/2022	6:39 AM	-0.1030928600	81.800	3.006	5.001	0.0000010000	-0.0000654288	1.1376445921E-8	-0.0000062851	4.5355339059E-10	3.000	14.100
6/30/2022	6:39 AM	-0.1056073200	81.800	3.006	5.000	0.0000010000	-0.0000654389	7.1883325160E-9	-0.0000062600	1.0229845367E-9	3.000	14.200
6/30/2022	6:40 AM	-0.1081217800	81.800	3.014	5.001	0.0000010000	-0.0000654358	8.0417273551E-9	-0.0000062941	9.5726092816E-10	3.000	14.200
6/30/2022	6:41 AM	-0.1106362400	81.800	2.994	5.001	0.0000010000	-0.0000654395	6.9861165156E-9	-0.0000062836	7.6278691088E-10	3.000	14.300
6/30/2022	6:42 AM	-0.1131507000	81.800	2.996	4.999	0.0000010000	-0.0000654267	6.5488052381E-9	-0.0000062727	8.2540150734E-10	3.000	14.200
6/30/2022	6:42 AM	-0.1156651600	81.800	3.006	5.000	0.0000010000	-0.0000654341	4.6670599258E-9	-0.0000062706	8.1240384046E-10	3.000	14.200
6/30/2022	6:43 AM	-0.1181796200	81.800	2.996	5.000	0.0000010000	-0.0000654181	7.2671596709E-9	-0.0000062780	3.2247448714E-10	3.000	14.300
6/30/2022	6:44 AM	-0.1206940800	81.800	2.992	5.001	0.0000010000	-0.0000654252	7.9689774696E-9	-0.0000062611	2.3213378299E-9	3.000	14.300
6/30/2022	6:44 AM	-0.1232085400	81.800	2.990	4.999	0.0000010000	-0.0000654392	6.3247210313E-9	-0.0000062783	2.5495097568E-10	3.000	14.200
6/30/2022	6:45 AM	-0.1257230000	81.800	2.995	5.000	0.0000010000	-0.0000654327	8.5239809338E-9	-0.0000062742	5.6368092477E-10	3.000	14.200
6/30/2022	6:46 AM	-0.1282374600	81.800	3.002	5.000	0.0000010000	-0.0000654221	6.4673444273E-9	-0.0000062784	1.0723703933E-9	2.900	14.200
6/30/2022	6:47 AM	-0.1307519200	81.800	3.000	5.001	0.0000010000	-0.0000654190	6.7158077469E-9	-0.0000062767	2.5495097568E-10	3.000	14.300
6/30/2022	6:47 AM	-0.1332663800	81.800	2.996	5.001	0.0000010000	-0.0000654375	6.8863797389E-9	-0.0000062885	1.1426687794E-9	3.000	14.300
6/30/2022	6:48 AM	-0.1357808400	81.800	3.000	5.000	0.0000010000	-0.0000654090	3.9384471685E-9	-0.0000062786	6.2048368230E-10	3.000	14.300
6/30/2022	6:49 AM	-0.1382953000	81.800	2.993	4.999	0.0000010000	-0.0000654142	6.4994263236E-9	-0.0000062805	1.5811388301E-10	3.000	14.300
6/30/2022	6:49 AM	-0.1408097600	81.800	2.998	4.999	0.0000010000	-0.0000654329	1.0325107288E-8	-0.0000062827	6.7925092342E-10	3.000	14.300
6/30/2022	6:50 AM	-0.1433242200	81.800	2.992	5.000	0.0000010000	-0.0000654347	7.7621318266E-9	-0.0000062546	1.3768602296E-9	3.000	14.200
6/30/2022	6:51 AM	-0.1458386800	81.800	3.003	5.000	0.0000010000	-0.0000654256	6.6797652478E-9	-0.0000062865	1.5811388301E-10	3.000	14.300
6/30/2022	6:52 AM	-0.1483531400	81.800	3.007	5.001	0.0000010000	-0.0000654274	1.3452135372E-8	-0.0000062747	5.8309518948E-10	2.900	14.300
6/30/2022	6:52 AM	-0.1508676000	81.800	3.003	4.999	0.0000010000	-0.0000654286	7.0876619980E-9	-0.0000062905	7.9056941504E-10	3.000	14.200
6/30/2022	6:53 AM	-0.1533820600	81.800	3.006	5.000	0.0000010000	-0.0000653816	4.8906981942E-9	-0.0000046699	9.3794980865E-10	3.000	14.200
6/30/2022	6:54 AM	-0.1558965200	81.800	2.995	4.999	0.0000010000	-0.0000653899	7.7778285894E-9	-0.0000046862	1.4684078243E-9	3.000	14.400
6/30/2022	6:54 AM	-0.1584109800	81.800	3.006	5.000	0.0000010000	-0.0000654116	6.5225374690E-9	-0.0000046739	8.0279742393E-10	3.000	14.200
6/30/2022	6:55 AM	-0.1609254400	81.800	3.006	5.001	0.0000010000	-0.0000653929	1.2163271644E-8	-0.0000046568	1.6003133804E-9	3.000	14.300
6/30/2022	6:56 AM	-0.1634399000	81.800	2.999	5.000	0.0000010000	-0.0000654064	6.7791719496E-9	-0.0000046806	6.4510098534E-10	3.000	14.300
6/30/2022	6:56 AM	-0.1659543600	81.800	2.997	5.000	0.0000010000	-0.0000654089	7.8270539693E-9	-0.0000046822	1.1690287121E-9	3.000	14.200
6/30/2022	6:57 AM	-0.1684688200	77.900	3.006	5.001	0.0000010000	-0.0000654147	6.2085957697E-9	-0.0000046783	4.4203384502E-10	3.000	14.200
6/30/2022	6:58 AM	-0.1709832800	77.900	2.994	4.998	0.0000010000	-0.0000654076	1.0051736415E-8	-0.0000046744	3.7386127875E-10	3.100	14.300
6/30/2022	6:59 AM	-0.1734977400	77.900	2.987	5.001	0.0000010000	-0.0000654034	7.4974771200E-9	-0.0000046603	1.6703293088E-9	3.000	14.300
6/30/2022	6:59 AM	-0.1760122000	77.900	2.999	5.000	0.0000010000	-0.0000654087	1.2161319827E-8	-0.0000046707	8.9379718813E-10	2.900	14.100
6/30/2022	7:00 AM	-0.1785266600	77.900	3.000	5.000	0.0000010000	-0.0000653936	5.2452805182E-9	-0.0000046679	1.2022703843E-9	3.000	14.200
6/30/2022	7:01 AM	-0.1810411200	77.900	3.000	5.001	0.0000010000	-0.0000654163	1.2381915948E-8	-0.0000046725	5.8615541191E-10	3.000	14.100
6/30/2022	7:01 AM	-0.1835555800	77.900	3.000	5.000	0.0000010000	-0.0000654049	9.3475147857E-9	-0.0000046794	5.4649857042E-10	3.000	14.200
6/30/2022	7:02 AM	-0.1860700400	77.900	3.000	4.998	0.0000010000	-0.0000654226	6.8828237083E-9	-0.0000046817	9.1203127704E-10	3.000	14.200
6/30/2022	7:03 AM	-0.1885845000	77.900	3.002	5.001	0.0000010000	-0.0000654077	1.3794657003E-8	-0.0000046710	2.8708286934E-10	3.000	14.300
6/30/2022	7:04 AM	-0.1910989600	77.900	2.994	5.000	0.0000010000	-0.0000654000	5.3781038280E-9	-0.0000046809	3.8708286934E-10	3.000	14.200
6/30/2022	7:04 AM	-0.1936134200	77.900	3.001	5.000	0.0000010000	-0.0000654246	4.9277235145E-9	-0.0000046776	3.8708286934E-10	3.000	14.300
6/30/2022	7:05 AM	-0.1961278800	77.900	2.998	5.001	0.0000010000	-0.0000654131	9.0470722489E-9	-0.0000046713	1.3217525315E-9	3.000	14.100
6/30/2022	7:06 AM	-0.1986423400	77.900	3.004	5.000	0.0000010000	-0.0000654203	7.2989713772E-9	-0.0000046463	3.6122745905E-9	3.000	14.200
6/30/2022	7:06 AM	-0.2011568000	77.900	3.015	5.003	0.0000010000	-0.0000654131	7.0354201039E-9	-0.0000046710	7.3851648071E-10	2.900	14.200
6/30/2022	7:07 AM	-0.2036712600	77.900	2.995	5.001	0.0000010000	-0.0000654262	1.0991960674E-8	-0.0000046735	2.4494897428E-10	3.000	14.100
6/30/2022	7:08 AM	-0.2061857200	77.900	2.989	4.999	0.0000010000	-0.0000654094	5.8603489990E-9	-0.0000046565	2.4296412499E-9	3.000	14.300
6/30/2022	7:09 AM	-0.2087001800	77.900	3.005	5.000	0.0000010000	-0.0000654067	7.5956221233E-9	-0.0000046929	9.3686006053E-10	3.000	14.300
6/30/2022	7:09 AM	-0.2112146400	77.900	2.989	4.999	0.0000010000	-0.0000654138	6.6448086375E-9	-0.0000046817	1.5291318655E-9	3.000	14.200
6/30/2022	7:10 AM	-0.2137291000	77.900	2.987	4.998	0.0000010000	-0.0000654245	8.9034491210E-9	-0.0000046896	6.7008771255E-10	3.000	14.100
6/30/2022	7:11 AM	-0.2162435600	77.900	2.995	4.999	0.0000010000	-0.0000654176	6.7448275870E-9	-0.0000046654	7.6588924377E-10	3.000	14.300
6/30/2022	7:11 AM	-0.2187580200	77.900	3.002	4.999	0.0000010000	-0.0000653993	9.2485229440E-9	-0.0000046762	7.2093678194E-10	3.000	14.100
6/30/2022	7:12 AM	-0.2212724800	77.900	3.005	4.999	0.0000010000	-0.0000654034	9.0422125928E-9	-0.0000046738	6.3011626335E-10	3.000	14.200
6/30/2022	7:13 AM	-0.2237869400	77.900	3.004	5.001	0.0000010000	-0.0000654128	6.0551473862E-9	-0.0000046765	5.7008771255E-10	3.000	14.200
6/30/2022	7:14 AM	-0.2263014000	77.900	2.993	4.998	0.0000010000	-0.0000654070	8.7957087895E-9	-0.0000046489	2.3000000000E-9	3.000	14.200
6/30/2022	7:14 AM	-0.2288158600	77.900	2.996	5.000	0.0000010000	-0.0000654036	4.2423598500E-9	-0.0000046627	8.2958126833E-10	3.000	14.300
6/30/2022	7:15 AM	-0.2313303200	77.900	2.989	5.000	0.0000010000	-0.0000654054	3.6194781621E-9	-0.0000046749	1.8708286934E-10	3.000	14.100
6/30/2022	7:16 AM	-0.2338447800	77.900	3.001	5.000	0.0000010000	-0.0000654104	7.1058802471E-9	-0.0000046773	6.5632839974E-10	2.900	14.200
6/30/2022	7:17 AM	-0.2363592400	77.900	3.000	4.999	0.0000010000	-0.0000654043	8.4432700521E-9	-0.0000046822	1.4910427743E-9	3.000	14.200
6/30/2022	7:17 AM	-0.2388737000	77.900	3.001	4.999	0.0000010000	-0.0000654044	6.2514839294E-9	-0.0000046593	1.7548448455E-9	3.000	14.200
6/30/2022	7:18 AM	-0.2413881600	77.900	3.013	5.002	0.0000010000	-0.0000654145	1.2437436625E-8	-0.0000046728	7.7008771255E-10	2.900	14.200
6/30/2022	7:19 AM	-0.2439026200	77.900	3.001	5.000	0.0000010000	-0.0000654056	9.0440641040E-9	-0.0000046667	1.2806248475E-9	3.000	14.300
6/30/2022	7:20 AM	-0.2464170800	77.900	2.998	5.000	0.0000010000	-0.0000654150	5.5247021740E-9	-0.0000046719	1.6376670763E-9	3.000	14.200
6/30/2022	7:20 AM	-0.2489315400	77.900	3.000	5.000	0.0000010000	-0.0000654032	5.9270153653E-9	-0.0000046694	1.4301162634E-9	3.000	14.200
6/30/2022	7:21 AM	-0.2514460000	77.900	2.992	4.999	0.0000010000	-0.0000654107	5.7735050243E-9	-0.0000046710	1.0606601718E-9	3.000	14.300
6/30/2022	7:22 AM	-0.2539604600	77.900	2.992	5.000	0.0000010000	-0.0000654183	7.2221907180E-9	-0.0000046727	2.2247448714E-10	2.900	14.200
6/30/2022	7:22 AM	-0.2564749200	77.900	2.999	5.000	0.0000010000	-0.0000653985	1.0476577041E-8	-0.0000046761	6.5076379411E-10	3.000	14.300
6/30/2022	7:23 AM	-0.2589893800	77.900	2.997	5.000	0.0000010000	-0.0000654107	5.0190216221E-9	-0.0000046632	7.5975531083E-10	3.000	14.100
6/30/2022	7:24 AM	-0.2615038400	77.900	3.002	5.001	0.0000010000	-0.0000654093	5.1156501584E-9	-0.0000046849	5.8823014636E-10	3.000	14.300
6/30/2022	7:24 AM	-0.2640183000	77.900	3.007	5.001	0.0000010000	-0.0000654120	7.5420857981E-9	-0.0000046761	1.6757078482E-9	3.000	14.200
6/30/2022	7:25 AM	-0.2665327600	77.900	3.003	5.000	0.0000010000	-0.0000653953	8.3316421992E-9	-0.0000046670	5.9406747484E-10	3.000	14.200
6/30/2022	7:26 AM	-0.2690472200	77.900	3.010	5.000	0.0000010000	-0.0000654183	6.0841552221E-9	-0.0000046742	5.6368092477E-10	3.000	14.200
6/30/2022	7:27 AM	-0.2715616800	77.900	2.998	5.000	0.0000010000	-0.0000653994	8.0598664331E-9	-0.0000046582	1.4266499161E-9	3.000	14.100
6/30/2022	7:27 AM	-0.2740761400	77.900	3.000	5.001	0.0000010000	-0.0000654236	5.0580205770E-9	-0.0000046807	1.2456232619E-9	3.000	14.100
6/30/2022	7:28 AM	-0.2765906000	77.900	3.004	5.002	0.0000010000	-0.0000654054	5.5123673263E-9	-0.0000046749	8.9526339942E-10	2.900	14.300
6/30/2022	7:29 AM	-0.2791050600	77.900	2.999	5.000	0.0000010000	-0.0000653850	8.8613757457E-9	-0.0000046647	8.2739529308E-10	3.000	14.200
6/30/2022	7:30 AM	-0.2816195200	77.900	2.992	4.999	0.0000010000	-0.0000653969	9.3209665038E-9	-0.0000046777	4.6368092477E-10	2.900	14.200
6/30/2022	7:30 AM	-0.2841339800	77.900	3.017	5.002	0.0000010000	-0.0000654151	7.5849510822E-9	-0.0000046496	1.5465376345E-9	3.100	14.300
6/30/2022	7:31 AM	-0.2866484400	77.900	2.988	5.001	0.0000010000	-0.0000654039	4.7842498684E-9	-0.0000046726	1.4769724503E-9	3.000	14.300
6/30/2022	7:32 AM	-0.2891629000	77.900	3.010	5.000	0.0000010000	-0.0000653816	8.0341175088E-9	-0.0000046565	1.0664089892E-9	3.000	14.300
6/30/2022	7:33 AM	-0.2916773600	77.900	3.002	5.000	0.0000010000	-0.0000654062	9.9459881944E-9	-0.0000046792	4.1402208188E-10	3.000	14.300
6/30/2022	7:33 AM	-0.2941918200	77.900	3.004	5.000	0.0000010000	-0.0000653872	5.3763286771E-9	-0.0000046669	1.1788289045E-9	3.000	14.300
6/30/2022	7:34 AM	-0.2967062800	77.900	3.000	5.000	0.0000010000	-0.0000654036	3.0674119863E-9	-0.0000046772	6.9663036372E-10	3.000	14.200
6/30/2022	7:35 AM	-0.2992207400	77.900	3.003	5.001	0.0000010000	-0.0000653900	1.0027422020E-8	-0.0000046673	3.7416573868E-10	3.000	14.300
6/30/2022	7:35 AM	-0.3017352000	77.900	3.001	5.000	0.0000010000	-0.0000654048	1.1230855680E-8	-0.0000046225	5.0233805572E-9	3.000	14.200
6/30/2022	7:36 AM	-0.3042496600	77.900	2.994	5.000	0.0000010000	-0.0000653817	9.7628754695E-9	-0.0000046581	1.3460250527E-9	3.000	14.200
6/30/2022	7:37 AM	-0.3067641200	77.900	3.005	5.000	0.0000010000	-0.0000654174	1.0286378534E-8	-0.0000046645	2.4494897428E-10	3.000	14.100
6/30/2022	7:37 AM	-0.3092785800	77.900	3.013	5.002	0.0000010000	-0.0000654000	1.1189437781E-8	-0.0000046829	9.1763500472E-10	3.000	14.200
6/30/2022	7:38 AM	-0.3117930400	77.900	2.995	5.001	0.0000010000	-0.0000653960	5.9422059705E-9	-0.0000046691	3.8708286934E-10	2.900	14.100
6/30/2022	7:39 AM	-0.3143075000	77.900	3.006	5.001	0.0000010000	-0.0000654009	5.6167836175E-9	-0.0000046603	5.6368092477E-10	2.900	14.200
6/30/2022	7:40 AM	-0.3168219600	77.900	2.997	5.000	0.0000010000	-0.0000654082	4.8199066680E-9	-0.0000046805	1.0678332235E-9	3.000	14.300
6/30/2022	7:40 AM	-0.3193364200	77.900	2.992	5.000	0.0000010000	-0.0000654121	6.7718624708E-9	-0.0000046781	1.4795675084E-9	3.000	14.200
6/30/2022	7:41 AM	-0.3218508800	77.900	2.996	4.999	0.0000010000	-0.0000654171	9.2618103305E-9	-0.0000046713	2.4458594323E-9	3.000	14.300
6/30/2022	7:42 AM	-0.3243653400	77.900	3.004	5.001	0.0000010000	-0.0000654049	6.9521872689E-9	-0.0000046988	1.2560725392E-9	3.000	14.200
6/30/2022	7:42 AM	-0.3268798000	77.900	2.987	4.999	0.0000010000	-0.0000654020	8.5108318218E-9	-0.0000046650	1.2276472679E-9	3.000	14.300
6/30/2022	7:43 AM	-0.3293942600	77.900	3.004	5.000	0.0000010000	-0.0000654033	9.8559849069E-9	-0.0000046634	1.1149461492E-9	3.000	14.200
6/30/2022	7:44 AM	-0.3319087200	77.900	3.005	5.000	0.0000010000	-0.0000654023	8.6815336011E-9	-0.0000046776	8.0710678119E-10	3.000	14.200
6/30/2022	7:45 AM	-0.3344231800	77.900	2.990	5.000	0.0000010000	-0.0000654229	7.2327119777E-9	-0.0000046817	1.0760533605E-9	3.000	14.300
6/30/2022	7:45 AM	-0.3369376400	77.900	3.000	5.000	0.0000010000	-0.0000653761	7.6638031622E-9	-0.0000046875	1.0112939289E-9	3.000	14.200
6/30/2022	7:46 AM	-0.3394521000	77.900	2.995	4.999	0.0000010000	-0.0000654091	5.6511945329E-9	-0.0000046664	8.4031242374E-10	3.000	14.300
6/30/2022	7:47 AM	-0.3419665600	77.900	3.008	5.001	0.0000010000	-0.0000654119	7.2162875047E-9	-0.0000046858	1.5638067989E-9	3.000	14.100
6/30/2022	7:47 AM	-0.3444810200	77.900	2.997	5.000	0.0000010000	-0.0000654026	5.2298358753E-9	-0.0000046686	9.3874768826E-10	3.000	14.200
6/30/2022	7:48 AM	-0.3469954800	77.900	3.005	5.000	0.0000010000	-0.0000653991	6.8236447683E-9	-0.0000046602	7.5522851952E-10	3.000	14.200
6/30/2022	7:49 AM	-0.3495099400	77.900	2.998	4.999	0.0000010000	-0.0000654120	9.2255896324E-9	-0.0000046832	2.5495097568E-10	3.000	14.200
6/30/2022	7:50 AM	-0.3520244000	77.900	3.004	5.000	0.0000010000	-0.0000653985	6.2290230459E-9	-0.0000046872	5.5355339059E-10	3.000	14.200
6/30/2022	7:50 AM	-0.3545388600	77.900	3.003	5.001	0.0000010000	-0.0000654147	7.7457816451E-9	-0.0000046509	1.5991397358E-9	3.000	14.200
6/30/2022	7:51 AM	-0.3570533200	77.900	3.001	5.001	0.0000010000	-0.0000653985	4.3549253298E-9	-0.0000046852	1.5099181797E-9	3.000	14.100
6/30/2022	7:52 AM	-0.3595677800	77.900	3.006	5.002	0.0000010000	-0.0000654046	1.0481696232E-8	-0.0000046422	4.2304560730E-9	3.000	14.200
6/30/2022	7:53 AM	-0.3620822400	77.900	2.999	5.000	0.0000010000	-0.0000654028	1.1793157724E-8	-0.0000046555	1.3924716621E-9	2.900	14.100
6/30/2022	7:53 AM	-0.3645967000	77.900	2.997	4.999	0.0000010000	-0.0000654130	1.0857916171E-8	-0.0000046973	1.4247417859E-9	3.000	14.200
6/30/2022	7:54 AM	-0.3671111600	77.900	3.003	5.000	0.0000010000	-0.0000654024	9.2291623138E-9	-0.0000046611	7.3851648071E-10	3.000	14.100
6/30/2022	7:55 AM	-0.3696256200	77.900	2.998	4.999	0.0000010000	-0.0000653915	7.0817337429E-9	-0.0000046597	1.3695552452E-9	2.900	14.100
6/30/2022	7:55 AM	-0.3721400800	77.900	2.997	5.000	0.0000010000	-0.0000654033	4.8440596050E-9	-0.0000046624	1.3938179790E-9	3.000	14.200
6/30/2022	7:56 AM	-0.3746545400	0.900	3.003	5.001	0.0000010000	-0.0000653777	9.9410851141E-9	-0.0000046872	6.0724247288E-10	3.000	14.200
6/30/2022	7:57 AM	-0.3771690000	77.900	3.002	5.000	0.0000010000	-0.0000654370	1.0904811483E-8	-0.0000046587	1.5218855351E-9	2.900	14.200
6/30/2022	7:57 AM	-0.3796834600	75.300	2.999	4.999	0.0000010000	-0.0000654136	1.0230251177E-8	-0.0000046828	4.3870225316E-10	3.000	14.200
6/30/2022	7:58 AM	-0.3821979200	75.300	3.002	4.999	0.0000010000	-0.0000654035	8.6834791759E-9	-0.0000046700	5.2867640737E-10	3.000	14.100
6/30/2022	7:59 AM	-0.3847123800	75.300	3.000	5.000	0.0000010000	-0.0000654001	7.9161357154E-9	-0.0000046627	8.3006407546E-10	3.000	14.200
6/30/2022	8:00 AM	-0.3872268400	75.300	2.998	5.001	0.0000010000	-0.0000653878	3.4144665923E-9	-0.0000046790	5.1166727360E-10	2.900	14.100
6/30/2022	8:00 AM	-0.3897413000	75.300	2.993	4.999	0.0000010000	-0.0000654133	5.3201657648E-9	-0.0000046632	9.1488424909E-10	2.900	14.200
6/30/2022	8:01 AM	-0.3922557600	75.300	2.990	4.999	0.0000010000	-0.0000653854	1.2996829739E-8	-0.0000046802	2.5495097568E-10	3.000	14.200
6/30/2022	8:02 AM	-0.3947702200	75.300	2.981	4.999	0.0000010000	-0.0000654028	5.3839641394E-9	-0.0000046788	1.2247448714E-10	3.000	14.100
6/30/2022	8:02 AM	-0.3972846800	75.300	3.013	5.002	0.0000010000	-0.0000654059	8.3021998532E-9	-0.0000046572	9.0349945473E-10	3.000	14.200
6/30/2022	8:03 AM	-0.3997991400	75.300	3.001	5.001	0.0000010000	-0.0000654040	1.1058466088E-8	-0.0000046617	9.5012175500E-10	3.000	14.300
6/30/2022	8:04 AM	-0.3997991400	75.300	2.997	5.000	0.0000010000	-0.0000653959	6.2724177981E-9	-0.0000046715	9.2736184955E-10	3.000	14.200
6/30/2022	8:04 AM	-0.3972846800	75.300	3.005	5.000	0.0000010000	-0.0000654243	8.8140066376E-9	-0.0000047012	2.4123169384E-9	3.000	14.200
6/30/2022	8:05 AM	-0.3947702200	75.300	3.006	5.000	0.0000010000	-0.0000653877	6.4922147094E-9	-0.0000046814	1.0000000000E-10	3.000	14.200
6/30/2022	8:06 AM	-0.3922557600	75.300	3.002	4.999	0.0000010000	-0.0000654883	3.0710773854E-8	-0.0000046739	8.3006407546E-10	3.000	14.200
6/30/2022	8:07 AM	-0.3897413000	75.300	3.007	4.999	0.0000010000	-0.0000653988	7.9403654160E-9	-0.0000046627	3.7416573868E-10	3.000	14.200
6/30/2022	8:07 AM	-0.3872268400	75.300	2.995	5.001	0.0000010000	-0.0000654165	5.3359127563E-9	-0.0000046713	3.7416573868E-10	3.000	14.200
6/30/2022	8:08 AM	-0.3847123800	75.300	3.002	5.001	0.0000010000	-0.0000653832	1.6111808374E-8	-0.0000046800	5.9008904477E-10	3.000	14.100
6/30/2022	8:09 AM	-0.3821979200	75.300	2.998	5.000	0.0000010000	-0.0000654153	7.1145807522E-9	-0.0000046717	3.8708286934E-10	3.000	14.300
6/30/2022	8:09 AM	-0.3796834600	75.300	2.996	5.002	0.0000010000	-0.0000654183	8.4022920924E-9	-0.0000046448	2.3870828693E-9	2.900	14.200
6/30/2022	8:10 AM	-0.3771690000	75.300	2.996	5.002	0.0000010000	-0.0000654051	7.2162225069E-9	-0.0000046763	9.6863274407E-10	3.000	14.300
6/30/2022	8:11 AM	-0.3746545400	0.900	2.998	4.999	0.0000010000	-0.0000654093	6.8856572254E-9	-0.0000046650	5.8309518948E-10	3.000	14.200
6/30/2022	8:11 AM	-0.3721400800	75.300	2.999	5.001	0.0000010000	-0.0000654187	7.8644167238E-9	-0.0000046699	7.2559935005E-10	2.900	14.200
6/30/2022	8:12 AM	-0.3696256200	75.300	3.001	5.000	0.0000010000	-0.0000654344	7.3737933935E-9	-0.0000046755	7.9753972477E-10	3.000	14.300
6/30/2022	8:13 AM	-0.3671111600	75.300	3.006	5.000	0.0000010000	-0.0000654284	5.7543422784E-9	-0.0000046692	6.2179480778E-10	3.000	14.300
6/30/2022	8:14 AM	-0.3645967000	75.300	2.992	4.999	0.0000010000	-0.0000654113	7.9030351942E-9	-0.0000046804	8.8190908485E-10	3.000	14.200
6/30/2022	8:14 AM	-0.3620822400	75.300	3.001	5.000	0.0000010000	-0.0000654215	6.4162158972E-9	-0.0000046651	1.0825982435E-9	3.000	14.300
6/30/2022	8:15 AM	-0.3595677800	75.300	2.987	4.999	0.0000010000	-0.0000653970	6.6734530260E-9	-0.0000046781	5.4063625993E-10	2.900	14.200
6/30/2022	8:16 AM	-0.3570533200	75.300	2.998	4.999	0.0000010000	-0.0000654379	7.6817415182E-9	-0.0000046741	3.0955735648E-10	3.000	14.100
6/30/2022	8:16 AM	-0.3545388600	75.300	2.996	5.001	0.0000010000	-0.0000654236	8.4813315483E-9	-0.0000046691	2.2247448714E-10	3.000	14.100
6/30/2022	8:17 AM	-0.3520244000	75.300	3.010	5.001	0.0000010000	-0.0000654084	4.2696380395E-9	-0.0000046795	9.4471840095E-10	3.000	14.200
6/30/2022	8:18 AM	-0.3495099400	75.300	3.001	5.001	0.0000010000	-0.0000654264	5.0819603772E-9	-0.0000046515	2.6005796626E-9	3.000	14.200
6/30/2022	8:18 AM	-0.3469954800	75.300	2.983	4.999	0.0000010000	-0.0000654227	1.0757024772E-8	-0.0000046847	1.5467696786E-9	3.000	14.200
6/30/2022	8:19 AM	-0.3444810200	75.300	3.000	5.000	0.0000010000	-0.0000654264	8.0667090945E-9	-0.0000046694	5.8615541191E-10	2.900	14.200
6/30/2022	8:20 AM	-0.3419665600	75.300	3.002	4.999	0.0000010000	-0.0000654232	7.7295537604E-9	-0.0000046809	5.4063625993E-10	3.000	14.200
6/30/2022	8:21 AM	-0.3394521000	75.300	2.998	5.000	0.0000010000	-0.0000654079	5.7144210430E-9	-0.0000046719	7.5522851952E-10	3.000	14.100
6/30/2022	8:21 AM	-0.3369376400	75.300	2.988	4.999	0.0000010000	-0.0000654168	6.3787910419E-9	-0.0000046827	7.5522851952E-10	3.000	14.200
6/30/2022	8:22 AM	-0.3344231800	75.300	2.991	4.998	0.0000010000	-0.0000654213	5.6814990126E-9	-0.0000046849	6.6099096785E-10	3.000	14.100
6/30/2022	8:23 AM	-0.3319087200	75.300	3.005	4.999	0.0000010000	-0.0000654094	7.0220000154E-9	-0.0000046788	5.1478150705E-10	3.000	14.100
6/30/2022	8:23 AM	-0.3293942600	75.300	3.001	4.998	0.0000010000	-0.0000654263	6.7477665072E-9	-0.0000047021	9.5910963477E-10	3.000	14.200
6/30/2022	8:24 AM	-0.3268798000	75.300	3.003	5.000	0.0000010000	-0.0000654182	5.3749205330E-9	-0.0000046613	1.1817810823E-9	3.000	14.200
6/30/2022	8:25 AM	-0.3243653400	75.300	3.005	5.001	0.0000010000	-0.0000654384	5.1713070294E-9	-0.0000047062	1.9979148551E-9	3.000	14.300
6/30/2022	8:25 AM	-0.3218508800	75.300	2.992	4.999	0.0000010000	-0.0000654005	7.8512484468E-9	-0.0000046812	8.9526339942E-10	3.000	14.200
6/30/2022	8:27 AM	-0.3193364200	75.300	2.995	5.000	0.0000010000	-0.0000654113	7.7393800448E-9	-0.0000046566	3.8708286934E-10	2.900	14.100
6/30/2022	8:27 AM	-0.3168219600	75.300	2.994	4.999	0.0000010000	-0.0000654065	6.0792429595E-9	-0.0000046512	1.9970761147E-9	3.000	14.200
6/30/2022	8:28 AM	-0.3143075000	75.300	3.000	5.001	0.0000010000	-0.0000653956	7.7126220041E-9	-0.0000046593	7.0415229868E-10	3.000	14.200
6/30/2022	8:29 AM	-0.3117930400	75.300	2.995	4.998	0.0000010000	-0.0000654152	6.9960519609E-9	-0.0000046781	1.3860022573E-9	3.000	14.200
6/30/2022	8:29 AM	-0.3092785800	75.300	2.991	4.999	0.0000010000	-0.0000654106	8.3796334793E-9	-0.0000046867	7.2093678194E-10	3.000	14.300
6/30/2022	8:30 AM	-0.3067641200	75.300	3.002	4.999	0.0000010000	-0.0000654059	1.2183146212E-8	-0.0000046650	1.2607961060E-9	3.000	14.300
6/30/2022	8:31 AM	-0.3042496600	75.300	2.996	5.001	0.0000010000	-0.0000654265	7.6387142280E-9	-0.0000046733	1.2247448714E-10	3.000	14.200
6/30/2022	8:31 AM	-0.3017352000	75.300	2.995	4.999	0.0000010000	-0.0000654167	6.7494546078E-9	-0.0000046773	2.0000000000E-10	3.000	14.200
6/30/2022	8:32 AM	-0.2992207400	75.300	3.001	4.999	0.0000010000	-0.0000654110	6.0441171319E-9	-0.0000046578	1.7777961736E-9	2.900	14.100
6/30/2022	8:33 AM	-0.2967062800	75.300	3.007	5.000	0.0000010000	-0.0000654053	8.9886134339E-9	-0.0000046807	4.1402208188E-10	2.900	14.200
6/30/2022	8:34 AM	-0.2941918200	75.300	3.006	5.001	0.0000010000	-0.0000654095	6.4893076048E-9	-0.0000046547	2.3297164141E-9	3.000	14.100
6/30/2022	8:34 AM	-0.2916773600	75.300	3.004	5.001	0.0000010000	-0.0000654234	4.9148495111E-9	-0.0000046830	3.9154759474E-10	3.000	14.100
6/30/2022	8:35 AM	-0.2891629000	75.300	2.998	5.000	0.0000010000	-0.0000654053	3.9939803506E-9	-0.0000046475	1.9363102019E-9	3.000	14.200
6/30/2022	8:36 AM	-0.2866484400	75.300	2.993	5.000	0.0000010000	-0.0000654172	2.9862186580E-9	-0.0000046674	2.0226716172E-9	2.900	14.200
6/30/2022	8:37 AM	-0.2841339800	75.300	3.002	4.999	0.0000010000	-0.0000653927	3.8443701068E-9	-0.0000046782	5.8661345472E-10	3.000	14.100
6/30/2022	8:37 AM	-0.2816195200	75.300	2.997	5.000	0.0000010000	-0.0000653839	1.2138785863E-8	-0.0000046739	8.8955082492E-10	3.000	14.200
6/30/2022	8:38 AM	-0.2791050600	75.300	3.006	4.999	0.0000010000	-0.0000654375	7.7484116949E-9	-0.0000046702	2.2247448714E-10	3.000	14.100
6/30/2022	8:39 AM	-0.2765906000	75.300	3.005	5.001	0.0000010000	-0.0000654246	7.6085168945E-9	-0.0000046833	8.3006407546E-10	3.000	14.200
6/30/2022	8:39 AM	-0.2740761400	75.300	2.998	4.998	0.0000010000	-0.0000654253	8.8457288240E-9	-0.0000046526	1.7491328045E-9	3.000	14.200
6/30/2022	8:40 AM	-0.2715616800	75.300	2.993	4.999	0.0000010000	-0.0000654124	6.5188383049E-9	-0.0000046870	6.1719913269E-10	3.000	14.100
6/30/2022	8:41 AM	-0.2690472200	75.300	3.000	5.000	0.0000010000	-0.0000654237	9.1078082270E-9	-0.0000046839	5.6368092477E-10	3.000	14.200
6/30/2022	8:42 AM	-0.2665327600	75.300	3.017	5.001	0.0000010000	-0.0000654211	3.3940364201E-9	-0.0000046781	1.2153457437E-9	2.900	14.100
6/30/2022	8:42 AM	-0.2640183000	75.300	3.010	5.001	0.0000010000	-0.0000654425	7.2344403958E-9	-0.0000046664	3.0000000000E-10	2.900	14.200
6/30/2022	8:43 AM	-0.2615038400	75.300	2.997	5.000	0.0000010000	-0.0000654312	6.9336018797E-9	-0.0000046535	2.8546897056E-9	3.000	14.300
6/30/2022	8:44 AM	-0.2589893800	75.300	2.999	4.998	0.0000010000	-0.0000654199	6.5811419302E-9	-0.0000046838	1.0725725623E-9	3.000	14.200
6/30/2022	8:45 AM	-0.2564749200	75.300	2.997	5.001	0.0000010000	-0.0000654461	9.3743114687E-9	-0.0000046332	3.3138691666E-9	3.000	14.400
6/30/2022	8:45 AM	-0.2539604600	75.300	2.986	4.999	0.0000010000	-0.0000654209	9.2341244698E-9	-0.0000046850	1.2950213620E-9	3.000	14.100
6/30/2022	8:46 AM	-0.2514460000	75.300	2.994	5.000	0.0000010000	-0.0000654309	9.3443025986E-9	-0.0000046652	1.3938179790E-9	3.000	14.300
6/30/2022	8:47 AM	-0.2489315400	75.300	2.991	4.998	0.0000010000	-0.0000654213	5.2315312453E-9	-0.0000046812	5.6368092477E-10	2.900	14.200
6/30/2022	8:48 AM	-0.2464170800	75.300	3.006	5.000	0.0000010000	-0.0000654308	5.0319920942E-9	-0.0000046794	8.7763297987E-10	2.900	14.200
6/30/2022	8:48 AM	-0.2439026200	75.300	2.997	4.998	0.0000010000	-0.0000654141	8.5382960504E-9	-0.0000046759	1.2431576929E-9	2.900	14.200
6/30/2022	8:49 AM	-0.2413881600	75.300	3.009	5.001	0.0000010000	-0.0000654292	9.0147437679E-9	-0.0000046644	1.4677077168E-9	3.000	14.100
6/30/2022	8:50 AM	-0.2388737000	75.300	2.998	5.001	0.0000010000	-0.0000654189	7.7167629119E-9	-0.0000046826	6.3429646484E-10	3.000	14.300
6/30/2022	8:51 AM	-0.2363592400	75.300	3.007	5.000	0.0000010000	-0.0000654238	1.2099009040E-8	-0.0000046822	1.7895363854E-9	3.000	14.200
6/30/2022	8:51 AM	-0.2338447800	75.300	2.999	5.001	0.0000010000	-0.0000654265	8.7874825183E-9	-0.0000046643	1.3851772663E-9	2.900	14.100
6/30/2022	8:52 AM	-0.2313303200	75.300	3.001	4.999	0.0000010000	-0.0000654224	1.4950534448E-8	-0.0000046523	2.4801260471E-9	3.000	14.100
6/30/2022	8:53 AM	-0.2288158600	75.300	2.998	4.999	0.0000010000	-0.0000654249	7.0935089016E-9	-0.0000046869	6.5076379411E-10	3.000	14.200
6/30/2022	8:53 AM	-0.2263014000	75.300	2.990	4.998	0.0000010000	-0.0000654247	3.6173338574E-9	-0.0000046807	5.3851648071E-10	2.900	14.200
6/30/2022	8:54 AM	-0.2237869400	75.300	3.005	5.000	0.0000010000	-0.0000654496	1.3308991439E-8	-0.0000046696	3.7386127875E-10	3.000	14.100
6/30/2022	8:55 AM	-0.2212724800	75.300	2.996	5.000	0.0000010000	-0.0000654352	8.4924404006E-9	-0.0000046623	1.6441556328E-9	3.000	14.200
6/30/2022	8:56 AM	-0.2187580200	75.300	2.996	4.999	0.0000010000	-0.0000654154	9.1477089643E-9	-0.0000046894	8.6163530729E-10	2.900	14.200
6/30/2022	8:56 AM	-0.2162435600	75.300	3.003	5.000	0.0000010000	-0.0000654277	6.3291301741E-9	-0.0000046862	3.5811388301E-10	3.000	14.200
6/30/2022	8:57 AM	-0.2137291000	72.500	3.004	4.999	0.0000010000	-0.0000654486	7.6689882612E-9	-0.0000046426	3.3775303940E-9	3.000	14.100
6/30/2022	8:58 AM	-0.2112146400	72.500	3.000	4.999	0.0000010000	-0.0000654239	3.2763941950E-9	-0.0000046762	1.1039933485E-9	3.000	14.200
6/30/2022	8:58 AM	-0.2087001800	72.500	3.002	5.000	0.0000010000	-0.0000654073	6.0107154454E-9	-0.0000046699	1.5407138862E-9	3.000	14.200
6/30/2022	8:59 AM	-0.2061857200	72.500	2.995	5.000	0.0000010000	-0.0000654273	6.5713472042E-9	-0.0000046769	1.6720948856E-9	3.000	14.200
6/30/2022	9:00 AM	-0.2036712600	72.500	3.003	5.000	0.0000010000	-0.0000654128	5.8089606017E-9	-0.0000046703	1.5072531691E-9	3.000	14.200
6/30/2022	9:00 AM	-0.2011568000	72.500	3.001	5.001	0.0000010000	-0.0000654356	6.7052978603E-9	-0.0000046295	3.9741252927E-9	3.000	14.200
6/30/2022	9:01 AM	-0.1986423400	72.500	2.996	5.001	0.0000010000	-0.0000654193	8.8691300773E-9	-0.0000046750	1.6476887666E-9	3.000	14.100
6/30/2022	9:02 AM	-0.1961278800	0.900	3.001	5.000	0.0000010000	-0.0000654145	5.1804680700E-9	-0.0000046819	5.6540887349E-10	3.000	14.200
6/30/2022	9:03 AM	-0.1936134200	72.500	3.005	5.000	0.0000010000	-0.0000654375	1.0668055055E-8	-0.0000046628	1.5426973936E-9	3.000	14.100
6/30/2022	9:03 AM	-0.1910989600	72.500	3.008	5.001	0.0000010000	-0.0000654268	7.5375233214E-9	-0.0000046614	1.7054235473E-9	2.900	14.100
6/30/2022	9:04 AM	-0.1885845000	72.500	3.003	5.002	0.0000010000	-0.0000654403	9.6581829166E-9	-0.0000046845	5.0990195136E-10	3.000	14.200
6/30/2022	9:05 AM	-0.1860700400	72.500	3.001	4.999	0.0000010000	-0.0000654068	7.7711550803E-9	-0.0000046989	6.5372306110E-10	2.900	14.100
6/30/2022	9:05 AM	-0.1835555800	72.500	2.996	5.000	0.0000010000	-0.0000654394	9.3761082270E-9	-0.0000046776	5.9328478957E-10	3.000	14.200
6/30/2022	9:06 AM	-0.1810411200	0.900	2.990	4.998	0.0000010000	-0.0000654309	5.7038561561E-9	-0.0000046673	7.2048368230E-10	3.000	14.200
6/30/2022	9:07 AM	-0.1785266600	72.500	3.008	5.001	0.0000010000	-0.0000654285	9.8039234373E-9	-0.0000046797	4.0620192023E-10	3.000	14.100
6/30/2022	9:07 AM	-0.1760122000	72.500	2.997	5.000	0.0000010000	-0.0000654413	1.1779171172E-8	-0.0000046685	3.9154759474E-10	2.900	14.100
6/30/2022	9:08 AM	-0.1734977400	72.500	2.998	4.999	0.0000010000	-0.0000654212	4.3849805771E-9	-0.0000046942	1.1956953618E-9	3.000	14.200
6/30/2022	9:09 AM	-0.1709832800	72.500	2.996	5.001	0.0000010000	-0.0000654275	8.7604505772E-9	-0.0000046487	2.9736678919E-9	2.900	14.200
6/30/2022	9:10 AM	-0.1684688200	72.500	2.999	4.999	0.0000010000	-0.0000654448	1.1355120938E-8	-0.0000046859	1.0112939289E-9	3.000	14.200
6/30/2022	9:10 AM	-0.1659543600	72.500	3.001	5.000	0.0000010000	-0.0000654403	5.0562587802E-9	-0.0000046517	1.6259301109E-9	3.000	14.200
6/30/2022	9:11 AM	-0.1634399000	72.500	3.013	5.001	0.0000010000	-0.0000654198	6.7066672514E-9	-0.0000046877	3.5495097568E-10	3.000	14.200
6/30/2022	9:12 AM	-0.1609254400	72.500	3.000	5.000	0.0000010000	-0.0000654166	1.0351347088E-8	-0.0000046492	1.2000000000E-9	3.000	14.200
6/30/2022	9:12 AM	-0.1584109800	72.500	3.015	5.000	0.0000010000	-0.0000654478	9.0556280988E-9	-0.0000046604	8.4010949186E-10	3.000	14.000
6/30/2022	9:13 AM	-0.1558965200	72.500	2.998	4.999	0.0000010000	-0.0000654233	1.0436944580E-8	-0.0000046871	4.1068966709E-10	2.900	14.200
6/30/2022	9:14 AM	-0.1533820600	72.500	2.999	4.999	0.0000010000	-0.0000654615	7.7364438183E-9	-0.0000046582	1.0232844665E-9	3.000	14.200
6/30/2022	9:15 AM	-0.1508676000	72.500	2.996	5.001	0.0000010000	-0.0000654137	8.9206779570E-9	-0.0000046891	1.6740607615E-9	2.900	14.200
6/30/2022	9:15 AM	-0.1483531400	72.500	3.015	5.001	0.0000010000	-0.0000654244	7.9823701364E-9	-0.0000046674	8.4409048005E-10	2.900	14.200
6/30/2022	9:16 AM	-0.1458386800	72.500	2.987	4.999	0.0000010000	-0.0000654121	7.8728188754E-9	-0.0000046700	4.4721359550E-10	2.900	14.200
6/30/2022	9:17 AM	-0.1433242200	72.500	3.001	5.001	0.0000010000	-0.0000654141	5.8425444306E-9	-0.0000046857	1.3856353705E-9	3.000	14.200
6/30/2022	9:17 AM	-0.1408097600	72.500	2.989	4.999	0.0000010000	-0.0000654167	5.2028951376E-9	-0.0000046663	4.7602787773E-10	3.000	14.200
6/30/2022	9:18 AM	-0.1382953000	72.500	3.000	5.000	0.0000010000	-0.0000654017	9.7859183053E-9	-0.0000046442	3.4518888501E-9	3.000	14.200
6/30/2022	9:19 AM	-0.1357808400	72.500	2.999	5.000	0.0000010000	-0.0000654253	8.3807413124E-9	-0.0000046674	1.7153767103E-9	3.000	14.300
6/30/2022	9:20 AM	-0.1332663800	72.500	3.004	5.000	0.0000010000	-0.0000654143	7.9344504228E-9	-0.0000046649	1.4641515347E-9	3.000	14.200
6/30/2022	9:20 AM	-0.1307519200	72.500	3.000	5.002	0.0000010000	-0.0000654265	8.5755010290E-9	-0.0000046760	1.0725725623E-9	3.000	14.300
6/30/2022	9:21 AM	-0.1282374600	72.500	3.003	5.000	0.0000010000	-0.0000654184	7.6388362667E-9	-0.0000046612	2.3326780977E-9	3.000	14.200
6/30/2022	9:22 AM	-0.1257230000	72.500	3.006	5.002	0.0000010000	-0.0000654342	7.7349824127E-9	-0.0000046678	1.6321763384E-9	3.000	14.100
6/30/2022	9:23 AM	-0.1232085400	72.500	3.005	5.000	0.0000010000	-0.0000654080	7.1952430268E-9	-0.0000046751	2.5811388301E-10	3.000	14.200
6/30/2022	9:23 AM	-0.1206940800	72.500	2.999	4.999	0.0000010000	-0.0000654161	1.2158215963E-8	-0.0000046878	8.2958126833E-10	2.900	14.100
6/30/2022	9:24 AM	-0.1181796200	72.500	2.993	4.999	0.0000010000	-0.0000654225	4.8012036637E-9	-0.0000046835	1.7549572589E-9	3.000	14.200
6/30/2022	9:25 AM	-0.1156651600	72.500	2.997	5.001	0.0000010000	-0.0000654244	6.6405290664E-9	-0.0000046995	5.0000000000E-10	3.000	14.100
6/30/2022	9:26 AM	-0.1131507000	72.500	3.005	5.000	0.0000010000	-0.0000654174	6.3198028481E-9	-0.0000046724	1.3661637486E-9	3.000	14.200
6/30/2022	9:26 AM	-0.1106362400	72.500	3.000	4.999	0.0000010000	-0.0000654277	7.4754210306E-9	-0.0000046717	2.0000000000E-10	3.000	14.200
6/30/2022	9:27 AM	-0.1081217800	72.500	2.999	5.000	0.0000010000	-0.0000654419	7.4061627475E-9	-0.0000046793	8.3006407546E-10	2.900	14.100
6/30/2022	9:28 AM	-0.1056073200	72.500	2.992	5.000	0.0000010000	-0.0000654516	6.7279754658E-9	-0.0000046642	8.1723431537E-10	3.000	14.200
6/30/2022	9:28 AM	-0.1030928600	72.500	3.001	5.001	0.0000010000	-0.0000654136	7.5006214572E-9	-0.0000046632	8.2958126833E-10	3.000	14.200
6/30/2022	9:29 AM	-0.1005784000	72.500	2.993	5.001	0.0000010000	-0.0000654303	1.1439966935E-8	-0.0000046790	2.4494897428E-10	2.900	14.300
6/30/2022	9:30 AM	-0.0980639400	72.500	3.009	5.001	0.0000010000	-0.0000654120	4.3749423946E-9	-0.0000046749	1.0661442640E-9	2.900	14.100
6/30/2022	9:30 AM	-0.0955494800	72.500	2.997	4.999	0.0000010000	-0.0000654293	6.5259764700E-9	-0.0000046606	6.5495097568E-10	3.000	14.100
6/30/2022	9:31 AM	-0.0930350200	72.500	3.006	5.001	0.0000010000	-0.0000654266	9.1075063859E-9	-0.0000046785	2.8708286934E-10	3.000	14.200
6/30/2022	9:32 AM	-0.0905205600	72.500	2.985	4.999	0.0000010000	-0.0000653869	1.1421011594E-8	-0.0000046727	3.0000000000E-10	3.000	14.200
6/30/2022	9:33 AM	-0.0880061000	72.500	3.013	5.001	0.0000010000	-0.0000654156	6.4598986643E-9	-0.0000046764	7.3876119024E-10	3.000	14.300
6/30/2022	9:33 AM	-0.0854916400	72.500	3.013	5.002	0.0000010000	-0.0000654251	4.3714138197E-9	-0.0000046695	1.5811388301E-10	3.000	14.200
6/30/2022	9:34 AM	-0.0829771800	72.500	3.007	5.000	0.0000010000	-0.0000654202	5.7845112332E-9	-0.0000046787	1.0403124237E-9	3.000	14.100
6/30/2022	9:35 AM	-0.0804627200	72.500	2.994	4.998	0.0000010000	-0.0000654251	6.8375495227E-9	-0.0000046765	8.0438357199E-10	3.000	14.100
6/30/2022	9:35 AM	-0.0779482600	72.500	3.003	5.000	0.0000010000	-0.0000654033	6.0069463510E-9	-0.0000046378	3.4877382212E-9	3.000	14.200
6/30/2022	9:36 AM	-0.0754338000	72.500	2.989	4.999	0.0000010000	-0.0000654203	6.5651257156E-9	-0.0000046716	1.2972380323E-9	2.900	14.200
6/30/2022	9:37 AM	-0.0729193400	72.500	2.997	4.998	0.0000010000	-0.0000654213	6.2904207915E-9	-0.0000046614	2.1441692665E-9	2.900	14.100
6/30/2022	9:38 AM	-0.0704048800	72.500	3.008	5.000	0.0000010000	-0.0000654201	8.1467445970E-9	-0.0000046701	9.9386581434E-10	3.000	14.100
6/30/2022	9:38 AM	-0.0678904200	72.500	2.998	4.999	0.0000010000	-0.0000654199	6.3583071475E-9	-0.0000046440	3.1838287890E-9	3.000	14.200
6/30/2022	9:39 AM	-0.0653759600	72.500	2.986	4.998	0.0000010000	-0.0000654273	1.1122922149E-8	-0.0000046795	5.7716018834E-10	3.000	14.100
6/30/2022	9:40 AM	-0.0628615000	72.500	3.000	5.000	0.0000010000	-0.0000654116	1.2309376438E-8	-0.0000046719	9.2736184955E-10	2.900	14.200
6/30/2022	9:40 AM	-0.0603470400	72.500	3.009	5.000	0.0000010000	-0.0000654227	4.5107304400E-9	-0.0000046785	6.6099096785E-10	3.000	14.200
6/30/2022	9:41 AM	-0.0578325800	72.500	2.996	5.000	0.0000010000	-0.0000654217	7.2884667975E-9	-0.0000046675	1.1502143751E-9	3.000	14.200
6/30/2022	9:42 AM	-0.0553181200	72.500	3.002	5.001	0.0000010000	-0.0000653943	1.0629401037E-8	-0.0000046802	7.5975531083E-10	2.900	14.200
6/30/2022	9:43 AM	-0.0528036600	72.500	2.999	4.999	0.0000010000	-0.0000654172	4.5021183100E-9	-0.0000046613	1.4348259105E-9	3.000	14.100
6/30/2022	9:43 AM	-0.0502892000	72.500	3.001	4.999	0.0000010000	-0.0000654124	5.8973056151E-9	-0.0000046774	5.4063625993E-10	3.000	14.200
6/30/2022	9:44 AM	-0.0477747400	72.500	3.003	5.001	0.0000010000	-0.0000654241	5.3382030072E-9	-0.0000046655	7.0710678119E-10	2.900	14.100
6/30/2022	9:45 AM	-0.0452602800	72.500	3.007	4.999	0.0000010000	-0.0000654216	4.9245979313E-9	-0.0000046719	1.0723703933E-9	3.000	14.100
6/30/2022	9:46 AM	-0.0427458200	72.500	2.993	4.999	0.0000010000	-0.0000654142	5.6858718786E-9	-0.0000046692	3.9154759474E-10	3.000	14.100
6/30/2022	9:46 AM	-0.0402313600	72.500	3.009	5.001	0.0000010000	-0.0000653805	5.0595603878E-9	-0.0000047040	2.5236693336E-9	3.000	14.200
6/30/2022	9:47 AM	-0.0377169000	72.500	3.008	5.000	0.0000010000	-0.0000653992	8.9025657882E-9	-0.0000046637	7.2559935005E-10	3.000	14.100
6/30/2022	9:48 AM	-0.0352024400	72.500	2.995	4.999	0.0000010000	-0.0000654213	5.8705269303E-9	-0.0000046854	9.0392003044E-10	3.000	14.200
6/30/2022	9:48 AM	-0.0326879800	72.500	2.995	4.999	0.0000010000	-0.0000653932	8.0644350464E-9	-0.0000046749	2.4494897428E-10	3.000	14.100
6/30/2022	9:49 AM	-0.0301735200	72.500	2.993	4.999	0.0000010000	-0.0000653938	5.1447632462E-9	-0.0000046729	4.4966147775E-10	2.900	14.200
6/30/2022	9:50 AM	-0.0276590600	72.500	2.998	5.001	0.0000010000	-0.0000654027	8.1436758026E-9	-0.0000046761	4.0000000000E-10	3.000	14.300
6/30/2022	9:50 AM	-0.0251446000	72.500	2.990	4.998	0.0000010000	-0.0000654042	8.1659400081E-9	-0.0000046722	1.0025581909E-9	2.900	14.100
6/30/2022	9:51 AM	-0.0226301400	72.500	3.000	4.999	0.0000010000	-0.0000653898	6.0095404092E-9	-0.0000046789	9.5012175500E-10	3.000	14.200
6/30/2022	9:52 AM	-0.0201156800	72.500	2.996	4.999	0.0000010000	-0.0000654013	8.3073183978E-9	-0.0000046730	1.2901812996E-9	3.000	14.100
6/30/2022	9:53 AM	-0.0176012200	72.500	3.004	5.001	0.0000010000	-0.0000653946	9.4809523449E-9	-0.0000046611	8.9569989342E-10	2.900	14.200
6/30/2022	9:53 AM	-0.0150867600	72.500	2.999	4.998	0.0000010000	-0.0000654001	5.4767814900E-9	-0.0000046657	1.1831346589E-9	3.000	14.200
6/30/2022	9:54 AM	-0.0125723000	72.500	3.005	4.999	0.0000010000	-0.0000654113	5.4843741531E-9	-0.0000046700	2.8708286934E-10	3.000	14.100
6/30/2022	9:55 AM	-0.0100578400	72.500	3.001	4.999	0.0000010000	-0.0000654028	5.7474865912E-9	-0.0000046871	2.0339079606E-9	2.900	14.000
6/30/2022	9:56 AM	-0.0075433800	72.500	3.003	5.000	0.0000010000	-0.0000653958	9.0086893822E-9	-0.0000046735	5.8309518948E-10	3.000	14.200
6/30/2022	9:56 AM	-0.0050289200	72.500	2.983	5.000	0.0000010000	-0.0000653984	1.2628358031E-8	-0.0000046636	1.7965392891E-9	2.900	14.200
6/30/2022	9:57 AM	-0.0025144600	72.500	2.992	4.999	0.0000010000	-0.0000654234	6.6689983988E-9	-0.0000046723	7.5522851952E-10	3.000	14.200
6/30/2022	9:58 AM	0.0000000000	69.800	3.001	4.999	0.0000010000	-0.0000653897	4.9985853492E-9	-0.0000046773	6.0415229868E-10	3.000	14.300
6/30/2022	9:58 AM	0.0025144600	69.800	2.999	5.000	0.0000010000	-0.0000654115	1.0175958512E-8	-0.0000046796	7.6278691088E-10	2.900	14.100
6/30/2022	9:59 AM	0.0050289200	69.800	3.005	5.000	0.0000010000	-0.0000653931	9.5807601949E-9	-0.0000046839	3.7742546282E-10	3.000	14.200
6/30/2022	10:00 AM	0.0075433800	69.800	3.011	5.001	0.0000010000	-0.0000654157	1.0478412193E-8	-0.0000046555	1.0021974055E-9	2.900	14.100
6/30/2022	10:00 AM	0.0100578400	69.800	3.004	5.001	0.0000010000	-0.0000653902	1.0747364715E-8	-0.0000046733	4.1402208188E-10	3.000	14.100
6/30/2022	10:01 AM	0.0125723000	69.800	2.994	5.000	0.0000010000	-0.0000653991	5.8271888490E-9	-0.0000046856	1.4685702426E-9	2.900	14.100
6/30/2022	10:02 AM	0.0150867600	69.800	3.007	4.999	0.0000010000	-0.0000653945	7.7965879758E-9	-0.0000046513	1.0765348119E-9	3.000	14.100
6/30/2022	10:03 AM	0.0176012200	69.800	2.997	5.001	0.0000010000	-0.0000653949	8.8424749822E-9	-0.0000046791	9.7979589711E-10	3.000	14.200
6/30/2022	10:03 AM	0.0201156800	69.800	2.999	5.001	0.0000010000	-0.0000654025	8.0371682917E-9	-0.0000046434	3.6867812869E-9	3.000	14.200
6/30/2022	10:04 AM	0.0226301400	69.800	3.005	4.999	0.0000010000	-0.0000654091	1.4341230972E-8	-0.0000046814	9.9753483738E-10	3.000	14.200
6/30/2022	10:05 AM	0.0251446000	69.800	2.993	5.000	0.0000010000	-0.0000654023	7.3991762424E-9	-0.0000046723	3.9154759474E-10	2.900	14.100
6/30/2022	10:06 AM	0.0276590600	69.800	2.985	5.000	0.0000010000	-0.0000653972	9.0920317962E-9	-0.0000046913	1.6361242969E-9	2.900	14.200
6/30/2022	10:06 AM	0.0301735200	69.800	2.998	4.999	0.0000010000	-0.0000654152	8.5438671472E-9	-0.0000046565	1.4679596916E-9	3.000	14.200
6/30/2022	10:07 AM	0.0326879800	69.800	3.002	5.001	0.0000010000	-0.0000654187	6.5759311419E-9	-0.0000046698	7.9123516802E-10	3.000	14.200
6/30/2022	10:08 AM	0.0352024400	69.800	3.010	5.001	0.0000010000	-0.0000654052	1.4486888652E-8	-0.0000046884	4.9154759474E-10	2.900	14.200
6/30/2022	10:08 AM	0.0377169000	69.800	2.999	4.999	0.0000010000	-0.0000654097	1.1361954026E-8	-0.0000046795	8.3784666345E-10	2.900	14.100
6/30/2022	10:09 AM	0.0402313600	69.800	2.999	5.000	0.0000010000	-0.0000654177	8.6328149847E-9	-0.0000046676	6.5076379411E-10	3.000	14.200
6/30/2022	10:10 AM	0.0427458200	69.800	2.992	4.999	0.0000010000	-0.0000653956	7.0633950867E-9	-0.0000046694	4.1622776602E-10	2.900	14.100
6/30/2022	10:11 AM	0.0452602800	69.800	3.004	4.999	0.0000010000	-0.0000653892	9.4778354801E-9	-0.0000046871	1.2319883720E-9	3.000	14.200
6/30/2022	10:11 AM	0.0477747400	69.800	3.005	5.002	0.0000010000	-0.0000654097	9.9288965818E-9	-0.0000046559	2.0956785296E-9	3.000	14.200
6/30/2022	10:12 AM	0.0502892000	69.800	2.999	4.999	0.0000010000	-0.0000654037	5.8098087713E-9	-0.0000046370	3.4863252066E-9	3.000	14.200
6/30/2022	10:13 AM	0.0528036600	69.800	3.008	5.001	0.0000010000	-0.0000654071	1.1067617014E-8	-0.0000046760	1.5313887500E-9	2.900	14.200
6/30/2022	10:13 AM	0.0553181200	69.800	3.001	5.001	0.0000010000	-0.0000654048	8.8385561751E-9	-0.0000046743	2.3538961113E-9	3.000	14.300
6/30/2022	10:14 AM	0.0578325800	69.800	3.006	4.998	0.0000010000	-0.0000654094	1.0752849884E-8	-0.0000046626	1.0809282077E-9	2.900	14.100
6/30/2022	10:15 AM	0.0603470400	0.900	3.001	5.001	0.0000010000	-0.0000653877	6.2051179942E-9	-0.0000046732	7.6278691088E-10	3.000	14.300
6/30/2022	10:15 AM	0.0628615000	69.800	2.994	5.000	0.0000010000	-0.0000654078	8.2658075074E-9	-0.0000046870	2.8708286934E-10	3.000	14.100
6/30/2022	10:16 AM	0.0653759600	69.800	2.989	5.000	0.0000010000	-0.0000653908	7.6910064138E-9	-0.0000046744	9.9865437593E-10	3.000	14.200
6/30/2022	10:17 AM	0.0678904200	69.800	3.002	5.000	0.0000010000	-0.0000654103	7.3672861385E-9	-0.0000046709	8.0620192023E-10	3.000	14.200
6/30/2022	10:18 AM	0.0704048800	69.800	2.990	4.998	0.0000010000	-0.0000654223	9.1503005142E-9	-0.0000046681	1.2104001363E-9	2.900	14.200
6/30/2022	10:18 AM	0.0729193400	69.800	2.999	4.999	0.0000010000	-0.0000654193	7.2283546528E-9	-0.0000046794	2.9154759474E-10	2.900	14.200
6/30/2022	10:19 AM	0.0754338000	69.800	3.001	5.000	0.0000010000	-0.0000654095	8.5553837225E-9	-0.0000046573	1.3331809275E-9	2.900	14.100
6/30/2022	10:20 AM	0.0779482600	69.800	2.995	4.999	0.0000010000	-0.0000654148	5.4293341021E-9	-0.0000046824	1.2108748006E-9	3.000	14.200
6/30/2022	10:20 AM	0.0804627200	69.800	3.012	5.001	0.0000010000	-0.0000653901	8.8484551478E-9	-0.0000046746	4.1402208188E-10	3.000	14.200
6/30/2022	10:21 AM	0.0829771800	69.800	3.007	5.000	0.0000010000	-0.0000653996	5.9593870697E-9	-0.0000046717	2.6492540679E-9	3.000	14.100
6/30/2022	10:22 AM	0.0854916400	69.800	3.003	5.001	0.0000010000	-0.0000653950	8.2641953164E-9	-0.0000046874	1.0486354197E-9	2.900	14.100
6/30/2022	10:22 AM	0.0880061000	69.800	3.005	5.000	0.0000010000	-0.0000653825	4.5590498056E-9	-0.0000046655	1.4745982987E-9	2.900	14.200
6/30/2022	10:23 AM	0.0905205600	69.800	2.995	4.998	0.0000010000	-0.0000654181	1.1017797267E-8	-0.0000046609	1.3474831988E-9	3.000	14.100
6/30/2022	10:24 AM	0.0930350200	69.800	3.000	5.001	0.0000010000	-0.0000654098	7.9480289511E-9	-0.0000046901	2.9164474382E-9	3.000	14.100
6/30/2022	10:25 AM	0.0955494800	69.800	2.991	5.000	0.0000010000	-0.0000654002	9.3907069028E-9	-0.0000046866	1.2858986263E-9	2.900	14.100
6/30/2022	10:25 AM	0.0980639400	69.800	2.996	4.999	0.0000010000	-0.0000654471	1.8413828732E-8	-0.0000046616	1.3474192049E-9	2.900	14.100
6/30/2022	10:26 AM	0.1005784000	69.800	2.995	4.999	0.0000010000	-0.0000654279	7.9366657107E-9	-0.0000046812	1.1070229163E-9	2.900	14.000
6/30/2022	10:27 AM	0.1030928600	69.800	2.999	4.999	0.0000010000	-0.0000654293	6.2937166407E-9	-0.0000046601	1.3558171176E-9	3.000	14.100
6/30/2022	10:27 AM	0.1056073200	69.800	2.999	5.001	0.0000010000	-0.0000654185	4.6236337498E-9	-0.0000046628	1.1677078252E-9	2.900	14.200
6/30/2022	10:28 AM	0.1081217800	69.800	3.003	5.001	0.0000010000	-0.0000654323	4.8987170917E-9	-0.0000046713	4.7855777343E-10	2.900	14.200
6/30/2022	10:29 AM	0.1106362400	69.800	2.994	5.000	0.0000010000	-0.0000654055	5.1774161233E-9	-0.0000046691	1.2170087325E-9	3.000	14.200
6/30/2022	10:29 AM	0.1131507000	69.800	3.001	5.001	0.0000010000	-0.0000654188	6.9178835654E-9	-0.0000046433	1.7101066668E-9	3.000	14.100
6/30/2022	10:30 AM	0.1156651600	69.800	3.004	5.002	0.0000010000	-0.0000654133	6.5663086889E-9	-0.0000046829	8.5732140997E-10	3.000	14.300
6/30/2022	10:31 AM	0.1181796200	69.800	3.017	5.001	0.0000010000	-0.0000654187	8.7267096973E-9	-0.0000046603	9.0349945473E-10	3.000	14.100
6/30/2022	10:32 AM	0.1206940800	69.800	2.995	4.999	0.0000010000	-0.0000654179	8.7222112001E-9	-0.0000046738	8.1723431537E-10	3.000	14.100
6/30/2022	10:32 AM	0.1232085400	69.800	3.005	5.000	0.0000010000	-0.0000653952	1.2815551908E-8	-0.0000046544	1.6413868266E-9	2.900	14.100
6/30/2022	10:33 AM	0.1257230000	69.800	3.000	5.000	0.0000010000	-0.0000654160	1.1547797157E-8	-0.0000046668	6.3385391260E-10	3.000	14.200
6/30/2022	10:34 AM	0.1282374600	69.800	3.003	5.000	0.0000010000	-0.0000654206	3.2389772732E-8	-0.0000062794	4.3011626335E-10	2.900	14.100
6/30/2022	10:34 AM	0.1307519200	69.800	3.014	5.000	0.0000010000	-0.0000654004	7.2681749703E-9	-0.0000063013	9.7157576010E-10	3.000	14.100
6/30/2022	10:35 AM	0.1332663800	69.800	2.983	5.000	0.0000010000	-0.0000653972	8.1592163997E-9	-0.0000062792	5.8476798574E-10	2.900	14.300
6/30/2022	10:36 AM	0.1357808400	69.800	2.995	4.999	0.0000010000	-0.0000653898	9.5466450878E-9	-0.0000062769	9.9753483738E-10	3.000	14.100
6/30/2022	10:36 AM	0.1382953000	69.800	3.003	5.001	0.0000010000	-0.0000654065	1.3053998735E-8	-0.0000062704	3.6742346142E-10	3.000	14.100
6/30/2022	10:37 AM	0.1408097600	69.800	3.004	5.000	0.0000010000	-0.0000653861	1.0259105556E-8	-0.0000062737	9.6810783693E-10	2.900	14.100
6/30/2022	10:38 AM	0.1433242200	69.800	3.003	5.000	0.0000010000	-0.0000653827	8.4969718009E-9	-0.0000062677	8.2739529308E-10	3.000	14.200
6/30/2022	10:39 AM	0.1458386800	69.800	2.994	5.000	0.0000010000	-0.0000653970	7.5645728910E-9	-0.0000062856	1.3735874275E-9	3.000	14.200
6/30/2022	10:39 AM	0.1483531400	69.800	3.003	4.999	0.0000010000	-0.0000653868	8.1668943513E-9	-0.0000062831	4.9154759474E-10	3.000	14.100
6/30/2022	10:40 AM	0.1508676000	69.800	3.000	4.999	0.0000010000	-0.0000654029	1.0473884543E-8	-0.0000062690	1.1545918207E-9	3.000	14.100
6/30/2022	10:41 AM	0.1533820600	69.800	2.990	4.999	0.0000010000	-0.0000653829	4.2881077001E-9	-0.0000062699	6.9774951497E-10	2.900	14.100
6/30/2022	10:42 AM	0.1558965200	69.800	2.996	5.000	0.0000010000	-0.0000654086	1.0708309274E-8	-0.0000062705	4.7863046408E-10	3.000	14.200
6/30/2022	10:42 AM	0.1584109800	69.800	3.000	5.002	0.0000010000	-0.0000653939	9.8629561418E-9	-0.0000062926	8.0415229868E-10	3.000	14.200
6/30/2022	10:43 AM	0.1609254400	69.800	3.003	5.000	0.0000010000	-0.0000654052	8.4884638075E-9	-0.0000062803	3.4608128489E-10	3.000	14.100
6/30/2022	10:44 AM	0.1634399000	69.800	2.998	4.999	0.0000010000	-0.0000654152	8.5886430999E-9	-0.0000062855	5.7716018834E-10	3.000	14.100
6/30/2022	10:44 AM	0.1659543600	69.800	3.003	5.000	0.0000010000	-0.0000653990	5.0687371725E-9	-0.0000062561	1.5743753696E-9	2.900	14.100
6/30/2022	10:45 AM	0.1684688200	69.800	3.006	4.999	0.0000010000	-0.0000654126	6.6803493526E-9	-0.0000062640	1.5324452740E-9	3.000	14.100
6/30/2022	10:46 AM	0.1709832800	69.800	2.999	5.000	0.0000010000	-0.0000654351	9.9917439255E-9	-0.0000062881	8.9418965053E-10	3.000	14.200
6/30/2022	10:47 AM	0.1734977400	69.800	2.998	4.999	0.0000010000	-0.0000654041	9.3191716468E-9	-0.0000062705	3.7742546282E-10	3.000	14.200
6/30/2022	10:47 AM	0.1760122000	69.800	2.997	4.999	0.0000010000	-0.0000654089	8.8692504956E-9	-0.0000062758	1.0841646071E-9	2.900	14.200
6/30/2022	10:48 AM	0.1785266600	69.800	2.996	5.001	0.0000010000	-0.0000653902	8.2572788279E-9	-0.0000062765	9.2736184955E-10	2.900	14.100
6/30/2022	10:49 AM	0.1810411200	69.800	2.992	4.999	0.0000010000	-0.0000654036	9.6268750773E-9	-0.0000062740	1.2220079531E-9	3.000	14.200
6/30/2022	10:49 AM	0.1835555800	69.800	2.997	5.001	0.0000010000	-0.0000654031	6.4071373718E-9	-0.0000062371	4.8030482162E-9	3.000	14.200
6/30/2022	10:50 AM	0.1860700400	69.800	2.999	5.001	0.0000010000	-0.0000654004	9.1618350986E-9	-0.0000062697	3.9154759474E-10	3.000	14.300
6/30/2022	10:51 AM	0.1885845000	69.800	3.000	5.001	0.0000010000	-0.0000654161	1.2651773762E-8	-0.0000062933	1.2251187565E-9	2.900	14.100
6/30/2022	10:52 AM	0.1910989600	69.800	2.994	4.999	0.0000010000	-0.0000654126	4.4547913349E-9	-0.0000062673	1.8078573478E-9	3.000	14.200
6/30/2022	10:53 AM	0.1936134200	69.800	2.998	5.002	0.0000010000	-0.0000654081	5.3361293527E-9	-0.0000062819	4.5355339059E-10	2.900	14.200
6/30/2022	10:53 AM	0.1961278800	69.800	2.990	4.999	0.0000010000	-0.0000654163	1.1012151477E-8	-0.0000062812	4.9154759474E-10	3.000	14.200
6/30/2022	10:54 AM	0.1986423400	69.800	3.001	4.999	0.0000010000	-0.0000654108	9.7732601102E-9	-0.0000062661	1.4011456724E-9	3.000	14.200
6/30/2022	10:55 AM	0.2011568000	69.800	2.998	5.000	0.0000010000	-0.0000653963	9.4021126603E-9	-0.0000062615	9.3186001849E-10	2.900	14.000
6/30/2022	10:55 AM	0.2036712600	69.800	2.987	5.000	0.0000010000	-0.0000654125	1.0509203620E-8	-0.0000062598	8.1547532152E-10	3.000	14.200
6/30/2022	10:56 AM	0.2061857200	69.800	3.008	5.001	0.0000010000	-0.0000653938	9.3107347177E-9	-0.0000062782	2.8708286934E-10	2.900	14.100
6/30/2022	10:57 AM	0.2087001800	69.800	3.000	4.999	0.0000010000	-0.0000654007	5.8621635971E-9	-0.0000062787	9.1089452027E-10	3.000	14.100
6/30/2022	10:58 AM	0.2112146400	67.000	2.993	5.000	0.0000010000	-0.0000653884	7.5781785105E-9	-0.0000062642	8.9379718813E-10	2.900	14.200
6/30/2022	10:58 AM	0.2137291000	67.000	3.000	5.001	0.0000010000	-0.0000653855	9.4389406468E-9	-0.0000062817	9.7345667959E-10	2.900	14.100
6/30/2022	10:59 AM	0.2162435600	67.000	3.001	5.000	0.0000010000	-0.0000653802	8.8946824305E-9	-0.0000062829	9.3234523573E-10	3.000	14.200
6/30/2022	11:00 AM	0.2187580200	67.000	2.986	4.998	0.0000010000	-0.0000654043	9.6475030274E-9	-0.0000062852	9.5577036360E-10	3.000	14.100
6/30/2022	11:00 AM	0.2212724800	67.000	3.001	5.000	0.0000010000	-0.0000653825	6.0924416731E-9	-0.0000062680	2.2360679775E-10	2.900	14.200
6/30/2022	11:01 AM	0.2237869400	67.000	2.997	5.000	0.0000010000	-0.0000653745	6.4437629051E-9	-0.0000062453	3.5885186145E-9	3.000	14.100
6/30/2022	11:02 AM	0.2263014000	67.000	2.994	5.000	0.0000010000	-0.0000653969	8.9934971349E-9	-0.0000062902	8.0428200203E-10	2.900	14.200
6/30/2022	11:03 AM	0.2288158600	67.000	2.999	4.999	0.0000010000	-0.0000654028	5.3171861420E-9	-0.0000062686	8.3832137633E-10	3.000	14.100
6/30/2022	11:03 AM	0.2313303200	67.000	2.999	5.000	0.0000010000	-0.0000654060	7.0725126691E-9	-0.0000062639	7.5522851952E-10	3.000	14.100
6/30/2022	11:04 AM	0.2338447800	67.000	3.007	5.000	0.0000010000	-0.0000653801	5.3491197637E-9	-0.0000062842	6.8728772252E-10	3.000	14.200
6/30/2022	11:05 AM	0.2363592400	67.000	3.005	5.000	0.0000010000	-0.0000653884	7.1804303084E-9	-0.0000062683	7.2093678194E-10	3.000	14.200
6/30/2022	11:05 AM	0.2388737000	67.000	3.012	5.002	0.0000010000	-0.0000653914	4.7489435282E-9	-0.0000062741	4.3011626335E-10	2.900	14.100
6/30/2022	11:06 AM	0.2413881600	67.000	2.997	5.000	0.0000010000	-0.0000653788	9.0403082588E-9	-0.0000062804	6.4510098534E-10	2.900	14.100
6/30/2022	11:07 AM	0.2439026200	0.900	3.006	5.002	0.0000010000	-0.0000654107	6.0417696553E-9	-0.0000062760	7.1863190045E-10	3.000	14.100
6/30/2022	11:07 AM	0.2464170800	67.000	2.993	5.000	0.0000010000	-0.0000654225	8.9275796691E-9	-0.0000062496	2.1957344259E-9	3.000	14.100
6/30/2022	11:08 AM	0.2489315400	67.000	3.005	5.001	0.0000010000	-0.0000653659	1.3457911035E-8	-0.0000062475	2.6786190472E-9	2.900	14.100
6/30/2022	11:09 AM	0.2514460000	67.000	2.996	5.000	0.0000010000	-0.0000654067	6.6730489880E-9	-0.0000062626	1.3592554199E-9	2.900	14.100
6/30/2022	11:10 AM	0.2539604600	67.000	2.999	5.000	0.0000010000	-0.0000653828	1.0055682744E-8	-0.0000062732	1.0432124137E-9	3.000	14.200
6/30/2022	11:10 AM	0.2564749200	67.000	2.980	4.998	0.0000010000	-0.0000654053	6.3820898598E-9	-0.0000062639	7.5717058189E-10	2.900	14.100
6/30/2022	11:11 AM	0.2589893800	67.000	2.999	4.999	0.0000010000	-0.0000653925	7.9479175489E-9	-0.0000062746	2.2247448714E-10	2.900	14.100
6/30/2022	11:12 AM	0.2615038400	67.000	3.002	4.999	0.0000010000	-0.0000654239	9.2554160420E-9	-0.0000062353	2.8598872157E-9	3.000	14.000
6/30/2022	11:12 AM	0.2640183000	67.000	2.995	5.000	0.0000010000	-0.0000654037	8.4551617912E-9	-0.0000062730	8.2158383626E-10	3.000	14.200
6/30/2022	11:13 AM	0.2665327600	67.000	3.008	5.002	0.0000010000	-0.0000654059	5.3659559294E-9	-0.0000062729	2.4494897428E-10	3.000	14.100
6/30/2022	11:14 AM	0.2690472200	67.000	2.997	4.999	0.0000010000	-0.0000653997	3.6991881507E-9	-0.0000062750	7.1863190045E-10	3.000	14.200
6/30/2022	11:14 AM	0.2715616800	67.000	2.991	5.000	0.0000010000	-0.0000653988	8.8070614697E-9	-0.0000062618	3.7416573868E-10	2.900	14.200
6/30/2022	11:15 AM	0.2740761400	67.000	3.006	5.001	0.0000010000	-0.0000653877	8.1233478275E-9	-0.0000062784	1.0860022573E-9	2.900	14.100
6/30/2022	11:16 AM	0.2765906000	67.000	3.008	5.003	0.0000010000	-0.0000654084	7.6979747014E-9	-0.0000062778	1.1219544457E-9	2.900	14.200
6/30/2022	11:17 AM	0.2791050600	67.000	2.999	4.999	0.0000010000	-0.0000653893	3.1035531207E-9	-0.0000062543	9.1475766852E-10	3.000	14.100
6/30/2022	11:17 AM	0.2816195200	67.000	3.004	5.000	0.0000010000	-0.0000653858	5.2641944375E-9	-0.0000062778	9.3664858008E-10	2.900	14.100
6/30/2022	11:18 AM	0.2841339800	67.000	3.000	4.998	0.0000010000	-0.0000653936	1.0198111065E-8	-0.0000062690	1.2771944937E-9	3.000	14.100
6/30/2022	11:19 AM	0.2866484400	67.000	3.007	5.002	0.0000010000	-0.0000653849	5.4135309444E-9	-0.0000062954	1.1517801214E-9	2.900	14.200
6/30/2022	11:20 AM	0.2891629000	67.000	2.994	5.000	0.0000010000	-0.0000653841	7.0309149139E-9	-0.0000062688	2.5495097568E-10	2.900	14.000
6/30/2022	11:20 AM	0.2916773600	67.000	2.992	4.999	0.0000010000	-0.0000653934	7.4826013668E-9	-0.0000062754	1.7233959075E-9	3.000	14.100
6/30/2022	11:21 AM	0.2941918200	67.000	2.994	5.000	0.0000010000	-0.0000653918	6.7042663505E-9	-0.0000062507	1.4564659966E-9	2.900	14.200
6/30/2022	11:22 AM	0.2967062800	67.000	3.009	5.001	0.0000010000	-0.0000653936	7.1983338319E-9	-0.0000062689	8.0632910179E-10	2.900	14.100
6/30/2022	11:22 AM	0.2992207400	67.000	2.998	5.000	0.0000010000	-0.0000653552	1.6673488526E-8	-0.0000062760	1.0770329614E-9	3.000	14.100
6/30/2022	11:23 AM	0.3017352000	67.000	2.994	5.000	0.0000010000	-0.0000653964	7.9446867730E-9	-0.0000062690	1.0918007434E-9	2.900	14.200
6/30/2022	11:24 AM	0.3042496600	67.000	2.992	4.999	0.0000010000	-0.0000654005	5.6937486233E-9	-0.0000062661	6.4510098534E-10	3.000	14.200
6/30/2022	11:24 AM	0.3067641200	67.000	2.992	4.999	0.0000010000	-0.0000654052	6.6413563532E-9	-0.0000062905	1.4739097454E-9	2.900	14.100
6/30/2022	11:25 AM	0.3092785800	67.000	2.997	4.999	0.0000010000	-0.0000653974	5.8684658855E-9	-0.0000062683	9.3186001849E-10	2.900	14.100
6/30/2022	11:26 AM	0.3117930400	67.000	2.999	5.000	0.0000010000	-0.0000653809	6.8757146021E-9	-0.0000062752	3.0000000000E-10	2.900	14.100
6/30/2022	11:27 AM	0.3143075000	67.000	3.005	5.001	0.0000010000	-0.0000653954	9.1819036481E-9	-0.0000062685	2.1485543613E-9	2.900	14.100
6/30/2022	11:27 AM	0.3168219600	67.000	2.991	4.998	0.0000010000	-0.0000653831	3.4610191781E-9	-0.0000062740	5.1166727360E-10	3.000	14.200
6/30/2022	11:28 AM	0.3193364200	67.000	2.997	5.001	0.0000010000	-0.0000653941	1.0937926316E-8	-0.0000062671	8.1763500472E-10	3.000	14.100
6/30/2022	11:29 AM	0.3218508800	67.000	3.000	4.999	0.0000010000	-0.0000653974	7.6807690038E-9	-0.0000062749	3.7386127875E-10	3.000	14.100
6/30/2022	11:29 AM	0.3243653400	67.000	3.003	5.000	0.0000010000	-0.0000653869	5.9759108938E-9	-0.0000062644	7.2662678582E-10	2.900	14.100
6/30/2022	11:30 AM	0.3268798000	67.000	3.002	5.000	0.0000010000	-0.0000653949	8.1373329631E-9	-0.0000062564	3.2028315703E-9	3.000	14.100
6/30/2022	11:31 AM	0.3293942600	67.000	3.000	4.998	0.0000010000	-0.0000653882	7.1612561242E-9	-0.0000062498	1.5448966848E-9	3.000	14.000
6/30/2022	11:32 AM	0.3319087200	67.000	3.000	5.000	0.0000010000	-0.0000653937	9.7294333110E-9	-0.0000062866	1.0705534411E-9	3.000	14.100
6/30/2022	11:32 AM	0.3344231800	67.000	2.998	5.001	0.0000010000	-0.0000653963	1.0058710883E-8	-0.0000062665	5.8615541191E-10	2.900	14.100
6/30/2022	11:33 AM	0.3369376400	67.000	3.007	5.000	0.0000010000	-0.0000653947	4.8064730987E-9	-0.0000062645	2.0000000000E-10	2.900	14.200
6/30/2022	11:34 AM	0.3394521000	67.000	2.990	4.999	0.0000010000	-0.0000653949	8.2862120902E-9	-0.0000062841	8.4031242374E-10	2.900	14.100
6/30/2022	11:34 AM	0.3419665600	67.000	3.005	5.001	0.0000010000	-0.0000653947	5.7849315144E-9	-0.0000062804	1.8929901472E-9	3.000	14.200
6/30/2022	11:35 AM	0.3444810200	67.000	2.994	4.999	0.0000010000	-0.0000653904	6.7864079148E-9	-0.0000062549	2.6420794495E-9	3.000	14.100
6/30/2022	11:36 AM	0.3469954800	67.000	2.991	5.000	0.0000010000	-0.0000653940	8.0560478310E-9	-0.0000062616	4.7416573868E-10	2.900	14.200
6/30/2022	11:36 AM	0.3495099400	67.000	3.006	5.000	0.0000010000	-0.0000653932	3.8616055067E-9	-0.0000062783	6.2247448714E-10	3.000	14.100
6/30/2022	11:37 AM	0.3520244000	67.000	3.002	4.999	0.0000010000	-0.0000653968	6.1191544882E-9	-0.0000062334	4.5413441030E-9	3.000	14.000
6/30/2022	11:38 AM	0.3545388600	67.000	2.989	4.998	0.0000010000	-0.0000654141	7.0095694535E-9	-0.0000062667	8.1723431537E-10	3.000	14.100
6/30/2022	11:39 AM	0.3570533200	67.000	2.994	4.998	0.0000010000	-0.0000653953	6.4392775956E-9	-0.0000062804	1.9403301132E-9	3.000	14.100
6/30/2022	11:39 AM	0.3595677800	67.000	3.005	4.999	0.0000010000	-0.0000653944	8.2090223327E-9	-0.0000062596	2.2806416197E-9	2.900	14.100
6/30/2022	11:40 AM	0.3620822400	67.000	2.995	4.999	0.0000010000	-0.0000654125	4.0923437533E-9	-0.0000062866	5.1515439249E-10	3.000	14.100
6/30/2022	11:41 AM	0.3645967000	67.000	3.008	5.000	0.0000010000	-0.0000653977	1.3613134189E-8	-0.0000062659	5.3385391260E-10	2.900	14.100
6/30/2022	11:41 AM	0.3671111600	67.000	2.997	5.000	0.0000010000	-0.0000654121	6.1495771474E-9	-0.0000062771	1.2455915849E-9	2.900	14.100
6/30/2022	11:42 AM	0.3696256200	67.000	2.992	4.998	0.0000010000	-0.0000653975	7.8498702366E-9	-0.0000062472	4.8186969560E-9	3.000	14.100
6/30/2022	11:43 AM	0.3721400800	67.000	3.008	5.001	0.0000010000	-0.0000653666	7.7543524337E-9	-0.0000062615	1.0021974055E-9	2.900	14.000
6/30/2022	11:44 AM	0.3746545400	67.000	3.004	5.000	0.0000010000	-0.0000653952	1.0926160008E-8	-0.0000062599	1.1018848679E-9	3.000	14.200
6/30/2022	11:44 AM	0.3771690000	67.000	3.007	5.000	0.0000010000	-0.0000654092	5.9467385668E-9	-0.0000062691	6.6142451836E-10	3.000	14.200
6/30/2022	11:45 AM	0.3796834600	67.000	2.999	5.000	0.0000010000	-0.0000653708	6.3300150726E-9	-0.0000062779	5.4649857042E-10	3.000	14.200
6/30/2022	11:46 AM	0.3821979200	67.000	3.010	5.001	0.0000010000	-0.0000654071	1.1573571185E-8	-0.0000062591	8.7732985885E-10	2.900	14.100
6/30/2022	11:46 AM	0.3847123800	67.000	2.996	5.000	0.0000010000	-0.0000653944	7.5741160131E-9	-0.0000062730	1.2074720840E-9	2.900	14.100
6/30/2022	11:47 AM	0.3872268400	67.000	3.002	5.000	0.0000010000	-0.0000653989	1.1441479417E-8	-0.0000062848	1.6371509191E-9	3.000	14.200
6/30/2022	11:48 AM	0.3897413000	67.000	2.999	5.000	0.0000010000	-0.0000654025	8.8532868720E-9	-0.0000062780	1.0888194417E-9	3.000	14.100
6/30/2022	11:49 AM	0.3922557600	67.000	3.003	5.001	0.0000010000	-0.0000653658	7.2974221796E-9	-0.0000062414	3.5785054262E-9	2.900	14.100
6/30/2022	11:49 AM	0.3947702200	67.000	3.009	5.000	0.0000010000	-0.0000654140	9.2797425588E-9	-0.0000062788	8.9096990597E-10	3.000	14.100
6/30/2022	11:50 AM	0.3972846800	67.000	2.995	4.999	0.0000010000	-0.0000653943	7.6490647038E-9	-0.0000062893	7.7362538165E-10	3.000	14.200
6/30/2022	11:51 AM	0.3997991400	67.000	3.016	5.001	0.0000010000	-0.0000653969	4.6657073583E-9	-0.0000062614	1.9259396021E-9	2.900	14.100
