! User Name:	Aditya 
! Sample Name:	FGT_CPS_Device  4_FC 8T_PF 0T
! Sample ID:	FGT/CrPS4
! Date:	6/13/2022	Time:	8:51 PM
! Current Source:	Keithley 224 Current Source
! Voltmeter V1:	Keithley 182 Degital voltmeter
! Voltmeter V2:	Keithley 2182A  NanoVoltmeter
! V1 (volts):	Rxx Device 1
! V2 (volts):	Rxy Device 1
! Max Field (Tesla):0.000000	! Data points (0_maxT:75.000000	! Average Number:5.000000	
! Comments:	FGT/CrPS4 device was made in glove using flaking and dry transfering of flakes. 
! 
! 
! 
! 
Data	Time	Magnetic Field (T)	Helium Level (%)	VTI Temperature (K)	Sample Temparture (K)	Current (A) 	Voltage-1(V)	Std. of V1	Voltage-2 (V)	Std. of V2	VTI  Heater Power (%)	Sample Heater Power (%)
6/13/2022	8:53 PM	0.3997991400	52.000	52.780	54.994	0.0000010000	-0.0000599928	7.1966818708E-9	-0.0000047355	1.9199969635E-9	6.700	27.800
6/13/2022	8:54 PM	0.3947702200	58.400	13.006	15.002	0.0000010000	-0.0000599842	7.8958233104E-9	-0.0000047338	9.1488424909E-10	7.800	26.600
6/13/2022	8:55 PM	0.3897413000	58.400	13.011	15.002	0.0000010000	-0.0000599500	6.0606788075E-9	-0.0000047405	1.4783828188E-9	7.700	26.500
6/13/2022	8:56 PM	0.3847123800	58.400	13.005	15.001	0.0000010000	-0.0000599404	5.3375375236E-9	-0.0000047646	1.3206555616E-9	7.600	26.400
6/13/2022	8:56 PM	0.3796834600	58.400	13.011	15.001	0.0000010000	-0.0000599069	1.0125208108E-8	-0.0000047314	1.0632188733E-9	7.600	26.400
6/13/2022	8:57 PM	0.3746545400	58.400	13.011	15.001	0.0000010000	-0.0000599390	6.0798597654E-9	-0.0000047433	1.5023736134E-9	7.500	26.400
6/13/2022	8:58 PM	0.3696256200	58.400	13.008	15.001	0.0000010000	-0.0000599016	6.4793026865E-9	-0.0000047417	9.1203127704E-10	7.500	26.300
6/13/2022	8:58 PM	0.3645967000	58.400	13.007	15.001	0.0000010000	-0.0000599199	7.9806442071E-9	-0.0000047432	2.0295124405E-9	7.400	26.300
6/13/2022	8:59 PM	0.3595677800	58.400	13.007	15.002	0.0000010000	-0.0000599018	4.8635687399E-9	-0.0000047428	1.4838352503E-9	7.400	26.200
6/13/2022	9:00 PM	0.3545388600	58.400	13.005	15.002	0.0000010000	-0.0000599147	8.0540373540E-9	-0.0000047595	1.4778050923E-9	7.300	26.200
6/13/2022	9:00 PM	0.3495099400	58.400	13.009	15.000	0.0000010000	-0.0000598951	9.9781222103E-9	-0.0000047226	5.3614480931E-9	7.300	26.200
6/13/2022	9:01 PM	0.3444810200	58.400	13.003	15.001	0.0000010000	-0.0000598969	1.1422273211E-8	-0.0000047681	9.7258598040E-10	7.300	26.200
6/13/2022	9:02 PM	0.3394521000	58.400	13.004	15.001	0.0000010000	-0.0000598742	7.2100841630E-9	-0.0000047682	1.7888158269E-9	7.200	26.200
6/13/2022	9:02 PM	0.3344231800	58.400	13.002	15.001	0.0000010000	-0.0000598629	6.3602868565E-9	-0.0000047475	3.2247448714E-10	7.200	26.100
6/13/2022	9:03 PM	0.3293942600	58.400	13.002	15.001	0.0000010000	-0.0000598306	5.6084803346E-9	-0.0000047479	5.4063625993E-10	7.200	26.100
6/13/2022	9:04 PM	0.3243653400	58.400	13.000	15.000	0.0000010000	-0.0000598560	1.3331648063E-8	-0.0000047443	7.6212327846E-10	7.200	26.100
6/13/2022	9:04 PM	0.3193364200	58.400	13.003	15.000	0.0000010000	-0.0000598151	1.1718694417E-8	-0.0000047659	9.9753483738E-10	7.100	26.100
6/13/2022	9:05 PM	0.3143075000	58.400	13.006	15.001	0.0000010000	-0.0000598346	1.6578632277E-8	-0.0000047551	7.1237243570E-10	7.100	26.000
6/13/2022	9:06 PM	0.3092785800	58.400	13.004	15.001	0.0000010000	-0.0000598428	1.7163027140E-8	-0.0000047551	7.2559935005E-10	7.100	26.000
6/13/2022	9:06 PM	0.3042496600	58.400	13.003	15.000	0.0000010000	-0.0000598153	2.1021589991E-8	-0.0000047381	8.1763500472E-10	7.100	26.000
6/13/2022	9:07 PM	0.2992207400	58.400	13.003	15.001	0.0000010000	-0.0000598429	1.6646104332E-8	-0.0000047464	6.3851648071E-10	7.000	26.000
6/13/2022	9:08 PM	0.2941918200	58.400	13.003	15.001	0.0000010000	-0.0000598277	1.4871717294E-8	-0.0000047598	3.9154759474E-10	7.000	25.900
6/13/2022	9:08 PM	0.2891629000	58.400	13.001	15.001	0.0000010000	-0.0000598389	1.2158025533E-8	-0.0000047533	9.0349945473E-10	7.000	25.900
6/13/2022	9:09 PM	0.2841339800	58.400	13.001	15.000	0.0000010000	-0.0000598470	1.8647773926E-8	-0.0000047333	4.1838663415E-9	7.000	25.900
6/13/2022	9:10 PM	0.2791050600	58.400	13.005	15.001	0.0000010000	-0.0000598105	1.4451316088E-8	-0.0000047643	3.0000000000E-10	6.900	25.900
6/13/2022	9:10 PM	0.2740761400	58.400	13.005	15.001	0.0000010000	-0.0000598258	7.3705141201E-9	-0.0000047457	1.0825982435E-9	6.900	25.800
6/13/2022	9:11 PM	0.2690472200	58.400	13.002	15.001	0.0000010000	-0.0000598195	1.1804315361E-8	-0.0000047643	7.4031242374E-10	6.900	25.800
6/13/2022	9:12 PM	0.2640183000	58.400	13.003	15.000	0.0000010000	-0.0000597953	5.7063615498E-9	-0.0000047551	1.6118973456E-9	6.900	25.800
6/13/2022	9:12 PM	0.2589893800	58.400	13.002	15.001	0.0000010000	-0.0000598051	8.0363136339E-9	-0.0000047435	1.4684078243E-9	6.800	25.800
6/13/2022	9:13 PM	0.2539604600	58.400	13.004	15.001	0.0000010000	-0.0000598325	4.7082938028E-9	-0.0000047506	1.0081955616E-9	6.800	25.800
6/13/2022	9:14 PM	0.2489315400	58.400	13.003	15.001	0.0000010000	-0.0000597934	9.3127519360E-9	-0.0000047096	4.9285437446E-9	6.800	25.700
6/13/2022	9:14 PM	0.2439026200	58.400	13.003	15.000	0.0000010000	-0.0000597987	7.8400630364E-9	-0.0000047477	1.0711883953E-9	6.800	25.700
6/13/2022	9:15 PM	0.2388737000	58.400	13.005	15.001	0.0000010000	-0.0000598294	7.6920197364E-9	-0.0000047577	6.0850436627E-10	6.800	25.700
6/13/2022	9:16 PM	0.2338447800	58.400	13.001	15.000	0.0000010000	-0.0000598243	6.9223494026E-9	-0.0000047722	6.0000000000E-10	6.800	25.700
6/13/2022	9:17 PM	0.2288158600	58.400	13.001	15.001	0.0000010000	-0.0000598010	5.3934303964E-9	-0.0000047521	6.6571333342E-10	6.700	25.700
6/13/2022	9:17 PM	0.2237869400	58.400	13.000	15.001	0.0000010000	-0.0000598177	1.1792077839E-8	-0.0000047513	7.2929262470E-10	6.700	25.700
6/13/2022	9:18 PM	0.2187580200	58.400	13.002	15.000	0.0000010000	-0.0000597839	5.7682414446E-9	-0.0000047465	9.2247448714E-10	6.700	25.700
6/13/2022	9:19 PM	0.2137291000	58.400	12.999	15.000	0.0000010000	-0.0000597956	1.2573323206E-8	-0.0000047703	8.3006407546E-10	6.700	25.700
6/13/2022	9:19 PM	0.2087001800	58.400	13.001	15.001	0.0000010000	-0.0000598160	8.8741488981E-9	-0.0000047644	5.4649857042E-10	6.700	25.700
6/13/2022	9:20 PM	0.2036712600	58.400	13.001	15.000	0.0000010000	-0.0000598000	5.8430020871E-9	-0.0000047584	5.6742346142E-10	6.700	25.600
6/13/2022	9:21 PM	0.1986423400	58.400	12.999	15.000	0.0000010000	-0.0000598074	5.0750109996E-9	-0.0000047493	4.7863046408E-10	6.700	25.600
6/13/2022	9:21 PM	0.1936134200	58.400	13.001	15.001	0.0000010000	-0.0000598196	1.0726422125E-8	-0.0000047614	4.4203384502E-10	6.600	25.600
6/13/2022	9:22 PM	0.1885845000	58.400	12.999	15.000	0.0000010000	-0.0000598187	4.2499164626E-9	-0.0000047401	1.0875260192E-9	6.600	25.600
6/13/2022	9:23 PM	0.1835555800	58.400	13.003	15.000	0.0000010000	-0.0000597929	1.0755789763E-8	-0.0000047624	9.9386581434E-10	6.600	25.600
6/13/2022	9:24 PM	0.1785266600	58.400	13.001	15.000	0.0000010000	-0.0000598143	1.0685878268E-8	-0.0000047170	4.9280857386E-9	6.600	25.600
6/13/2022	9:24 PM	0.1734977400	58.400	13.001	15.000	0.0000010000	-0.0000597961	7.7327275358E-9	-0.0000047580	6.2321007378E-10	6.600	25.600
6/13/2022	9:25 PM	0.1684688200	58.400	12.999	15.000	0.0000010000	-0.0000598207	5.8106945352E-9	-0.0000047590	5.8309518948E-10	6.600	25.500
6/13/2022	9:26 PM	0.1634399000	58.400	13.001	15.000	0.0000010000	-0.0000598246	1.3112055248E-8	-0.0000047374	8.5910327436E-10	6.600	25.500
6/13/2022	9:26 PM	0.1584109800	58.400	13.002	15.001	0.0000010000	-0.0000597896	4.1002496946E-9	-0.0000047816	1.5304136202E-9	6.600	25.500
6/13/2022	9:27 PM	0.1533820600	58.400	13.001	15.000	0.0000010000	-0.0000598049	1.1084484272E-8	-0.0000047406	1.3949874371E-9	6.600	25.500
6/13/2022	9:28 PM	0.1483531400	58.400	13.001	15.000	0.0000010000	-0.0000597942	6.9702677536E-9	-0.0000047634	8.1763500472E-10	6.600	25.500
6/13/2022	9:28 PM	0.1433242200	58.400	13.002	15.000	0.0000010000	-0.0000597980	8.9780440305E-9	-0.0000047564	9.2736184955E-10	6.500	25.500
6/13/2022	9:29 PM	0.1382953000	58.400	12.999	15.000	0.0000010000	-0.0000597896	9.6452596147E-9	-0.0000047462	1.0307695934E-9	6.500	25.500
6/13/2022	9:30 PM	0.1332663800	58.400	13.002	15.000	0.0000010000	-0.0000598037	6.7047283650E-9	-0.0000047608	7.5522851952E-10	6.500	25.500
6/13/2022	9:30 PM	0.1282374600	58.400	13.001	15.000	0.0000010000	-0.0000597958	5.1769420852E-9	-0.0000047620	8.0279742393E-10	6.500	25.500
6/13/2022	9:31 PM	0.1232085400	54.800	13.003	15.001	0.0000010000	-0.0000598044	8.8352893266E-9	-0.0000047695	9.6397017595E-10	6.500	25.500
6/13/2022	9:32 PM	0.1181796200	54.800	13.000	15.000	0.0000010000	-0.0000597915	8.8783275889E-9	-0.0000047499	6.3237643850E-10	6.500	25.400
6/13/2022	9:32 PM	0.1131507000	54.800	13.003	15.000	0.0000010000	-0.0000597990	8.7042635445E-9	-0.0000047199	4.4301270189E-9	6.500	25.400
6/13/2022	9:33 PM	0.1081217800	54.800	13.000	15.000	0.0000010000	-0.0000597798	6.0211464198E-9	-0.0000047552	8.0231881934E-10	6.500	25.400
6/13/2022	9:34 PM	0.1030928600	54.800	13.000	15.000	0.0000010000	-0.0000597903	4.9821879700E-9	-0.0000047501	8.9569989342E-10	6.500	25.400
6/13/2022	9:34 PM	0.0980639400	54.800	13.000	15.000	0.0000010000	-0.0000598140	3.1219335048E-9	-0.0000047547	3.0955735648E-10	6.500	25.400
6/13/2022	9:35 PM	0.0930350200	54.800	13.002	15.001	0.0000010000	-0.0000597995	5.0480089538E-9	-0.0000047624	1.0112939289E-9	6.500	25.400
6/13/2022	9:36 PM	0.0880061000	54.800	12.999	15.001	0.0000010000	-0.0000597868	7.1075966141E-9	-0.0000047559	3.0000000000E-10	6.500	25.400
6/13/2022	9:36 PM	0.0829771800	54.800	13.003	15.000	0.0000010000	-0.0000597973	4.4738360584E-9	-0.0000047576	5.5259075049E-10	6.500	25.400
6/13/2022	9:37 PM	0.0779482600	54.800	13.002	15.000	0.0000010000	-0.0000597822	6.7058763624E-9	-0.0000047658	3.8708286934E-10	6.500	25.400
6/13/2022	9:38 PM	0.0729193400	54.800	13.001	15.001	0.0000010000	-0.0000597714	4.6574706735E-9	-0.0000047660	4.9664022582E-10	6.500	25.400
6/13/2022	9:38 PM	0.0678904200	54.800	12.999	15.000	0.0000010000	-0.0000598117	3.3952257521E-9	-0.0000047662	6.8309518948E-10	6.500	25.400
6/13/2022	9:39 PM	0.0628615000	54.800	13.000	15.001	0.0000010000	-0.0000598064	4.4286263595E-9	-0.0000047560	5.7716018834E-10	6.400	25.400
6/13/2022	9:40 PM	0.0578325800	54.800	13.000	15.000	0.0000010000	-0.0000597813	9.0630291259E-9	-0.0000047423	2.3833187618E-9	6.400	25.400
6/13/2022	9:40 PM	0.0528036600	54.800	12.998	15.000	0.0000010000	-0.0000597745	1.2771698348E-8	-0.0000047273	1.7204836823E-9	6.400	25.300
6/13/2022	9:41 PM	0.0477747400	54.800	13.000	15.000	0.0000010000	-0.0000597952	8.8394381007E-9	-0.0000047654	7.8880488828E-10	6.400	25.300
6/13/2022	9:42 PM	0.0427458200	54.800	12.997	15.000	0.0000010000	-0.0000597878	7.4590576881E-9	-0.0000047461	5.8615541191E-10	6.400	25.300
6/13/2022	9:42 PM	0.0377169000	54.800	13.001	15.000	0.0000010000	-0.0000598013	1.0202734018E-8	-0.0000047420	1.6062243059E-9	6.400	25.300
6/13/2022	9:43 PM	0.0326879800	54.800	12.996	15.000	0.0000010000	-0.0000597774	9.3223273532E-9	-0.0000047568	4.7602787773E-10	6.400	25.300
6/13/2022	9:44 PM	0.0276590600	54.800	12.999	15.000	0.0000010000	-0.0000598082	6.8144846184E-9	-0.0000047707	7.7439472766E-10	6.400	25.300
6/13/2022	9:44 PM	0.0226301400	54.800	13.001	15.001	0.0000010000	-0.0000597845	7.2509803584E-9	-0.0000047498	1.6370591578E-9	6.400	25.300
6/13/2022	9:45 PM	0.0176012200	54.800	13.003	15.001	0.0000010000	-0.0000597886	5.8439614757E-9	-0.0000047505	2.0669539803E-9	6.400	25.300
6/13/2022	9:46 PM	0.0125723000	54.800	13.000	15.000	0.0000010000	-0.0000598007	1.0538229953E-8	-0.0000047685	1.4273359224E-9	6.400	25.300
6/13/2022	9:46 PM	0.0075433800	54.800	12.998	15.000	0.0000010000	-0.0000597961	1.0433593385E-8	-0.0000047327	2.2819512251E-9	6.400	25.300
6/13/2022	9:47 PM	0.0025144600	54.800	13.003	15.000	0.0000010000	-0.0000598055	7.6832657158E-9	-0.0000047630	8.3784666345E-10	6.400	25.300
6/13/2022	9:48 PM	-0.0025144600	54.800	13.000	15.001	0.0000010000	-0.0000597866	8.2825476931E-9	-0.0000047288	3.4202009767E-9	6.400	25.300
6/13/2022	9:48 PM	-0.0075433800	54.800	12.997	15.000	0.0000010000	-0.0000597949	9.1244997847E-9	-0.0000047529	4.1402208188E-10	6.400	25.300
6/13/2022	9:49 PM	-0.0125723000	54.800	12.999	15.000	0.0000010000	-0.0000598124	8.3849497762E-9	-0.0000047645	2.2458535886E-9	6.400	25.300
6/13/2022	9:50 PM	-0.0176012200	54.800	13.001	15.000	0.0000010000	-0.0000597882	5.5204254942E-9	-0.0000047599	5.7434164903E-10	6.400	25.300
6/13/2022	9:50 PM	-0.0226301400	54.800	12.999	14.999	0.0000010000	-0.0000597842	5.9931167973E-9	-0.0000047446	2.5399068453E-9	6.400	25.300
6/13/2022	9:51 PM	-0.0276590600	54.800	13.002	15.000	0.0000010000	-0.0000597957	5.4157922484E-9	-0.0000047384	2.3188049594E-9	6.400	25.300
6/13/2022	9:52 PM	-0.0326879800	54.800	13.004	15.000	0.0000010000	-0.0000597869	4.0052812507E-9	-0.0000047461	2.1462712938E-9	6.300	25.300
6/13/2022	9:53 PM	-0.0377169000	54.800	12.997	15.000	0.0000010000	-0.0000598068	8.2640811057E-9	-0.0000047538	8.3631818358E-10	6.400	25.300
6/13/2022	9:53 PM	-0.0427458200	54.800	13.001	14.999	0.0000010000	-0.0000597606	1.0555258373E-8	-0.0000047634	4.0000000000E-10	6.300	25.300
6/13/2022	9:54 PM	-0.0477747400	54.800	13.002	15.000	0.0000010000	-0.0000597832	9.3489656805E-9	-0.0000047582	6.5632839974E-10	6.300	25.300
6/13/2022	9:55 PM	-0.0528036600	54.800	13.002	15.001	0.0000010000	-0.0000597842	7.7465663208E-9	-0.0000047562	4.6368092477E-10	6.300	25.200
6/13/2022	9:55 PM	-0.0578325800	54.800	13.000	15.000	0.0000010000	-0.0000597901	5.8075079005E-9	-0.0000047528	5.5259075049E-10	6.300	25.300
6/13/2022	9:56 PM	-0.0628615000	54.800	13.000	15.000	0.0000010000	-0.0000597774	6.7704722570E-9	-0.0000047246	3.7369201771E-9	6.300	25.300
6/13/2022	9:57 PM	-0.0678904200	54.800	13.003	15.000	0.0000010000	-0.0000597922	6.0909629811E-9	-0.0000047466	5.4063625993E-10	6.300	25.300
6/13/2022	9:57 PM	-0.0729193400	54.800	13.000	15.000	0.0000010000	-0.0000598054	8.4880018777E-9	-0.0000047608	1.6557966201E-9	6.300	25.200
6/13/2022	9:58 PM	-0.0779482600	54.800	13.002	15.000	0.0000010000	-0.0000597920	6.9343172271E-9	-0.0000047632	5.3851648071E-10	6.300	25.200
6/13/2022	9:59 PM	-0.0829771800	54.800	13.000	15.000	0.0000010000	-0.0000597854	8.0705631376E-9	-0.0000047562	8.1723431537E-10	6.300	25.200
6/13/2022	9:59 PM	-0.0880061000	54.800	12.996	15.000	0.0000010000	-0.0000597938	4.9406671338E-9	-0.0000047522	5.0620192023E-10	6.300	25.200
6/13/2022	10:00 PM	-0.0930350200	54.800	13.002	15.000	0.0000010000	-0.0000597841	1.0868011526E-8	-0.0000047663	6.5495097568E-10	6.300	25.200
6/13/2022	10:01 PM	-0.0980639400	54.800	12.999	15.000	0.0000010000	-0.0000597989	7.0305571152E-9	-0.0000047518	5.9681613616E-10	6.300	25.200
6/13/2022	10:01 PM	-0.1030928600	54.800	13.002	15.000	0.0000010000	-0.0000597741	1.0926204535E-8	-0.0000047454	8.4010949186E-10	6.300	25.200
6/13/2022	10:02 PM	-0.1081217800	54.800	12.999	15.000	0.0000010000	-0.0000597785	1.0688426598E-8	-0.0000047265	4.2634337744E-9	6.300	25.200
6/13/2022	10:03 PM	-0.1131507000	54.800	13.001	15.000	0.0000010000	-0.0000597894	1.0172559116E-8	-0.0000047528	2.2247448714E-10	6.300	25.200
6/13/2022	10:03 PM	-0.1181796200	54.800	13.001	15.000	0.0000010000	-0.0000597672	8.6391399949E-9	-0.0000047439	9.8881944173E-10	6.300	25.200
6/13/2022	10:04 PM	-0.1232085400	54.800	13.001	15.000	0.0000010000	-0.0000597876	6.0870655250E-9	-0.0000047489	7.6278691088E-10	6.300	25.200
6/13/2022	10:05 PM	-0.1282374600	54.800	13.000	15.000	0.0000010000	-0.0000597750	9.8880057923E-9	-0.0000047706	6.7008771255E-10	6.300	25.200
6/13/2022	10:05 PM	-0.1332663800	54.800	13.001	15.000	0.0000010000	-0.0000597920	1.1770866641E-8	-0.0000047448	1.1052182095E-9	6.300	25.200
6/13/2022	10:06 PM	-0.1382953000	54.800	13.000	15.000	0.0000010000	-0.0000597949	8.0258699666E-9	-0.0000047477	5.3227962169E-10	6.300	25.200
6/13/2022	10:07 PM	-0.1433242200	54.800	13.003	15.000	0.0000010000	-0.0000597930	9.7310120705E-9	-0.0000047642	3.5495097568E-10	6.300	25.200
6/13/2022	10:07 PM	-0.1483531400	54.800	13.000	15.000	0.0000010000	-0.0000598042	6.3706666761E-9	-0.0000047363	1.5753385484E-9	6.300	25.200
6/13/2022	10:08 PM	-0.1533820600	54.800	12.996	15.000	0.0000010000	-0.0000597878	5.0638029453E-9	-0.0000047602	1.2247448714E-10	6.300	25.200
6/13/2022	10:09 PM	-0.1584109800	54.800	13.001	15.000	0.0000010000	-0.0000597960	7.9889219702E-9	-0.0000047514	1.4692998236E-9	6.300	25.200
6/13/2022	10:09 PM	-0.1634399000	54.800	13.001	15.001	0.0000010000	-0.0000597791	6.0173670541E-9	-0.0000047698	3.0955735648E-10	6.300	25.200
6/13/2022	10:10 PM	-0.1684688200	54.800	12.998	15.000	0.0000010000	-0.0000597985	6.9487259631E-9	-0.0000047625	4.3203184362E-10	6.300	25.200
6/13/2022	10:11 PM	-0.1734977400	54.800	12.998	15.000	0.0000010000	-0.0000597930	1.4016853536E-8	-0.0000047508	3.9154759474E-10	6.300	25.200
6/13/2022	10:11 PM	-0.1785266600	54.800	13.000	15.000	0.0000010000	-0.0000597897	1.1438635771E-8	-0.0000047731	1.1803670365E-9	6.300	25.200
6/13/2022	10:12 PM	-0.1835555800	54.800	12.996	15.000	0.0000010000	-0.0000597696	6.9813601217E-9	-0.0000031370	2.2360679775E-10	6.300	25.200
6/13/2022	10:13 PM	-0.1885845000	54.800	12.998	15.000	0.0000010000	-0.0000597762	9.5847132128E-9	-0.0000031330	2.2360679775E-10	6.300	25.200
6/13/2022	10:14 PM	-0.1936134200	54.800	12.995	15.000	0.0000010000	-0.0000597726	1.2199642752E-8	-0.0000031396	1.8708286934E-10	6.300	25.200
6/13/2022	10:14 PM	-0.1986423400	54.800	12.998	15.000	0.0000010000	-0.0000597788	9.8216281055E-9	-0.0000031547	1.9490279855E-9	6.300	25.200
6/13/2022	10:15 PM	-0.2036712600	54.800	13.001	15.000	0.0000010000	-0.0000597663	6.6490493317E-9	-0.0000031365	5.8615541191E-10	6.200	25.200
6/13/2022	10:16 PM	-0.2087001800	54.800	12.999	15.000	0.0000010000	-0.0000597884	7.6026977110E-9	-0.0000031457	1.1171366312E-9	6.200	25.200
6/13/2022	10:16 PM	-0.2137291000	54.800	13.000	15.000	0.0000010000	-0.0000597799	6.6135229685E-9	-0.0000031378	2.8708286934E-10	6.200	25.200
6/13/2022	10:17 PM	-0.2187580200	54.800	12.999	15.000	0.0000010000	-0.0000597825	1.0544343400E-8	-0.0000030831	5.4054660639E-9	6.200	25.100
6/13/2022	10:18 PM	-0.2237869400	54.800	12.999	15.000	0.0000010000	-0.0000597762	9.3822368252E-9	-0.0000031439	1.3942671667E-9	6.200	25.200
6/13/2022	10:18 PM	-0.2288158600	54.800	12.999	15.000	0.0000010000	-0.0000597693	5.7600440113E-9	-0.0000031365	8.8102496759E-10	6.200	25.100
6/13/2022	10:19 PM	-0.2338447800	54.800	12.998	15.000	0.0000010000	-0.0000597680	8.3867798663E-9	-0.0000031272	1.0432124137E-9	6.200	25.200
6/13/2022	10:20 PM	-0.2388737000	54.800	13.000	15.000	0.0000010000	-0.0000597698	5.2697343514E-9	-0.0000031126	1.8029386366E-9	6.200	25.100
6/13/2022	10:20 PM	-0.2439026200	54.800	13.001	15.000	0.0000010000	-0.0000597565	7.0493164529E-9	-0.0000031275	1.0112939289E-9	6.200	25.200
6/13/2022	10:21 PM	-0.2489315400	54.800	13.002	15.001	0.0000010000	-0.0000597766	9.1701653406E-9	-0.0000031268	4.1402208188E-10	6.200	25.100
6/13/2022	10:22 PM	-0.2539604600	54.800	13.001	15.000	0.0000010000	-0.0000597730	7.3847441404E-9	-0.0000031397	7.5975531083E-10	6.200	25.200
6/13/2022	10:23 PM	-0.2589893800	54.800	13.002	15.000	0.0000010000	-0.0000597572	8.8663748209E-9	-0.0000031286	1.5084723045E-9	6.200	25.100
6/13/2022	10:23 PM	-0.2640183000	54.800	13.000	15.001	0.0000010000	-0.0000597566	1.1162607724E-8	-0.0000031339	6.6099096785E-10	6.200	25.100
6/13/2022	10:24 PM	-0.2690472200	54.800	13.001	15.000	0.0000010000	-0.0000597471	8.1244706924E-9	-0.0000031320	5.7008771255E-10	6.200	25.100
6/13/2022	10:25 PM	-0.2740761400	54.800	12.999	15.000	0.0000010000	-0.0000597643	3.9378295902E-9	-0.0000031324	9.1547532152E-10	6.200	25.100
6/13/2022	10:25 PM	-0.2791050600	54.800	13.000	15.000	0.0000010000	-0.0000597578	7.2451115852E-9	-0.0000031394	6.3066409390E-10	6.200	25.100
6/13/2022	10:26 PM	-0.2841339800	54.800	13.001	15.000	0.0000010000	-0.0000597443	6.7696138596E-9	-0.0000031203	6.5632839974E-10	6.200	25.100
6/13/2022	10:27 PM	-0.2891629000	54.800	12.997	15.000	0.0000010000	-0.0000597583	7.9633953390E-9	-0.0000031319	1.7810100446E-9	6.200	25.100
6/13/2022	10:27 PM	-0.2941918200	54.800	13.002	15.000	0.0000010000	-0.0000597597	9.1078320431E-9	-0.0000031270	7.2093678194E-10	6.200	25.100
6/13/2022	10:28 PM	-0.2992207400	54.800	12.999	15.000	0.0000010000	-0.0000597493	7.3190014656E-9	-0.0000031047	2.0694348403E-9	6.200	25.100
6/13/2022	10:29 PM	-0.3042496600	54.800	12.999	15.000	0.0000010000	-0.0000597698	7.2366359930E-9	-0.0000031334	1.5313887500E-9	6.200	25.100
6/13/2022	10:29 PM	-0.3092785800	54.800	13.000	15.001	0.0000010000	-0.0000597414	8.9344955345E-9	-0.0000031398	1.0841646071E-9	6.200	25.100
6/13/2022	10:30 PM	-0.3143075000	54.800	12.999	15.000	0.0000010000	-0.0000597663	5.0904589836E-9	-0.0000031119	2.3222063519E-9	6.200	25.100
6/13/2022	10:31 PM	-0.3193364200	54.800	12.999	15.000	0.0000010000	-0.0000597487	1.0775936132E-8	-0.0000031274	1.0519202405E-9	6.200	25.100
6/13/2022	10:31 PM	-0.3243653400	52.700	13.000	15.000	0.0000010000	-0.0000597668	8.9783095786E-9	-0.0000031373	8.2958126833E-10	6.200	25.100
6/13/2022	10:32 PM	-0.3293942600	52.700	13.001	15.000	0.0000010000	-0.0000597434	7.7117616431E-9	-0.0000031183	1.4950420869E-8	6.200	25.100
6/13/2022	10:33 PM	-0.3344231800	52.700	13.000	15.000	0.0000010000	-0.0000597628	1.0783939506E-8	-0.0000031409	4.5355339059E-10	6.200	25.100
6/13/2022	10:33 PM	-0.3394521000	52.700	13.001	15.000	0.0000010000	-0.0000597399	7.9033753500E-9	-0.0000031252	1.5424261976E-9	6.200	25.100
6/13/2022	10:34 PM	-0.3444810200	52.700	12.999	15.000	0.0000010000	-0.0000597796	5.2253132260E-9	-0.0000031429	1.2913281926E-9	6.200	25.100
6/13/2022	10:35 PM	-0.3495099400	52.700	13.001	15.000	0.0000010000	-0.0000597533	8.8339898597E-9	-0.0000031249	9.6863274407E-10	6.200	25.100
6/13/2022	10:35 PM	-0.3545388600	52.700	13.001	15.000	0.0000010000	-0.0000597466	6.1215276993E-9	-0.0000031230	1.9188009748E-9	6.200	25.100
6/13/2022	10:36 PM	-0.3595677800	52.700	13.001	15.000	0.0000010000	-0.0000597359	1.0882453742E-8	-0.0000031460	7.7048631870E-10	6.200	25.100
6/13/2022	10:37 PM	-0.3645967000	52.700	13.001	15.000	0.0000010000	-0.0000597681	6.7450349224E-9	-0.0000031235	5.8309518948E-10	6.200	25.100
6/13/2022	10:38 PM	-0.3696256200	52.700	12.999	14.999	0.0000010000	-0.0000597442	8.7323971587E-9	-0.0000031280	1.3937346867E-9	6.200	25.100
6/13/2022	10:38 PM	-0.3746545400	52.700	13.002	15.000	0.0000010000	-0.0000597504	7.2096812847E-9	-0.0000031313	1.2247448714E-10	6.200	25.100
6/13/2022	10:39 PM	-0.3796834600	52.700	13.002	15.001	0.0000010000	-0.0000597584	1.3047678895E-8	-0.0000031279	5.0331063536E-10	6.200	25.100
6/13/2022	10:40 PM	-0.3847123800	52.700	13.000	15.000	0.0000010000	-0.0000597325	8.1315879066E-9	-0.0000031259	7.0556967662E-10	6.200	25.100
6/13/2022	10:40 PM	-0.3897413000	52.700	13.000	15.000	0.0000010000	-0.0000597661	9.6977860319E-9	-0.0000031322	9.0710678119E-10	6.200	25.100
6/13/2022	10:41 PM	-0.3947702200	52.700	13.000	15.000	0.0000010000	-0.0000597640	9.5275249249E-9	-0.0000031376	9.1763500472E-10	6.200	25.100
6/13/2022	10:42 PM	-0.3997991400	52.700	13.001	15.000	0.0000010000	-0.0000597698	5.0469310213E-9	-0.0000031245	6.6368092477E-10	6.200	25.100
6/13/2022	10:42 PM	-0.3997991400	52.700	13.000	15.000	0.0000010000	-0.0000597618	7.9274553366E-9	-0.0000031249	7.5192024052E-10	6.200	25.100
6/13/2022	10:43 PM	-0.3947702200	52.700	13.000	15.000	0.0000010000	-0.0000597417	8.6409910056E-9	-0.0000031170	1.5293564449E-9	6.200	25.100
6/13/2022	10:44 PM	-0.3897413000	52.700	12.998	15.000	0.0000010000	-0.0000597590	9.5831540624E-9	-0.0000031236	8.0771519135E-10	6.200	25.100
6/13/2022	10:44 PM	-0.3847123800	52.700	12.997	15.000	0.0000010000	-0.0000597521	1.0723388683E-8	-0.0000031372	8.9206987131E-10	6.200	25.100
6/13/2022	10:45 PM	-0.3796834600	52.700	13.000	15.000	0.0000010000	-0.0000597565	5.6942678188E-9	-0.0000031048	1.7562197076E-9	6.200	25.100
6/13/2022	10:46 PM	-0.3746545400	52.700	12.994	15.000	0.0000010000	-0.0000597624	8.1219026542E-9	-0.0000031109	1.9263355824E-9	6.300	25.100
6/13/2022	10:46 PM	-0.3696256200	52.700	12.997	15.000	0.0000010000	-0.0000597499	6.6766780234E-9	-0.0000031288	2.2247448714E-10	6.300	25.100
6/13/2022	10:47 PM	-0.3645967000	52.700	13.003	15.000	0.0000010000	-0.0000597569	7.1775930597E-9	-0.0000031245	8.8350228320E-10	6.200	25.100
6/13/2022	10:48 PM	-0.3595677800	52.700	12.998	15.000	0.0000010000	-0.0000597653	9.0472205383E-9	-0.0000031361	5.9328478957E-10	6.300	25.100
6/13/2022	10:48 PM	-0.3545388600	52.700	13.001	15.000	0.0000010000	-0.0000597571	4.4573081076E-9	-0.0000031416	1.3205073709E-9	6.200	25.100
6/13/2022	10:49 PM	-0.3495099400	52.700	12.999	15.000	0.0000010000	-0.0000597584	4.3595446004E-9	-0.0000031427	7.5975531083E-10	6.200	25.100
6/13/2022	10:50 PM	-0.3444810200	52.700	13.000	15.000	0.0000010000	-0.0000597484	6.3225751545E-9	-0.0000031354	1.0000000000E-10	6.200	25.100
6/13/2022	10:50 PM	-0.3394521000	52.700	13.000	15.001	0.0000010000	-0.0000597552	6.5998068952E-9	-0.0000031321	2.0303360042E-9	6.200	25.100
6/13/2022	10:51 PM	-0.3344231800	52.700	13.000	15.000	0.0000010000	-0.0000597760	8.0215039038E-9	-0.0000031406	2.2247448714E-10	6.200	25.100
6/13/2022	10:52 PM	-0.3293942600	52.700	13.001	15.000	0.0000010000	-0.0000597705	1.1726388610E-8	-0.0000031259	4.4494897428E-10	6.200	25.100
6/13/2022	10:52 PM	-0.3243653400	52.700	12.999	15.000	0.0000010000	-0.0000597688	1.0049118322E-8	-0.0000031415	1.1901823123E-9	6.200	25.100
6/13/2022	10:53 PM	-0.3193364200	52.700	13.000	15.000	0.0000010000	-0.0000597693	6.6031047129E-9	-0.0000031280	2.0000000000E-10	6.200	25.100
6/13/2022	10:54 PM	-0.3143075000	52.700	12.996	15.000	0.0000010000	-0.0000597484	6.8513840224E-9	-0.0000031387	6.8728772252E-10	6.200	25.100
6/13/2022	10:55 PM	-0.3092785800	52.700	13.000	15.000	0.0000010000	-0.0000597627	8.6895634785E-9	-0.0000031393	8.9206987131E-10	6.200	25.100
6/13/2022	10:55 PM	-0.3042496600	52.700	13.000	15.000	0.0000010000	-0.0000597503	6.2747739855E-9	-0.0000031282	4.7416573868E-10	6.200	25.100
6/13/2022	10:56 PM	-0.2992207400	52.700	13.000	15.000	0.0000010000	-0.0000597742	8.6531235103E-9	-0.0000031410	1.1850047376E-9	6.200	25.100
6/13/2022	10:57 PM	-0.2941918200	52.700	12.999	15.000	0.0000010000	-0.0000597560	6.4474097618E-9	-0.0000031321	3.2247448714E-10	6.200	25.100
6/13/2022	10:57 PM	-0.2891629000	52.700	13.000	15.000	0.0000010000	-0.0000597501	7.1965712861E-9	-0.0000031035	5.6111915448E-9	6.200	25.100
6/13/2022	10:58 PM	-0.2841339800	52.700	12.999	15.000	0.0000010000	-0.0000597592	7.3114253886E-9	-0.0000031611	2.9156417053E-9	6.200	25.100
6/13/2022	10:59 PM	-0.2791050600	52.700	13.002	15.000	0.0000010000	-0.0000597730	8.5653064999E-9	-0.0000031100	1.4679596916E-9	6.200	25.100
6/13/2022	10:59 PM	-0.2740761400	52.700	13.000	15.000	0.0000010000	-0.0000597546	1.0182854288E-8	-0.0000031398	6.0850436627E-10	6.200	25.100
6/13/2022	11:00 PM	-0.2690472200	52.700	13.001	15.000	0.0000010000	-0.0000597396	8.7117812886E-9	-0.0000031307	1.1803670365E-9	6.200	25.100
6/13/2022	11:01 PM	-0.2640183000	52.700	13.000	15.000	0.0000010000	-0.0000597734	8.6823986148E-9	-0.0000031462	8.4031242374E-10	6.200	25.100
6/13/2022	11:01 PM	-0.2589893800	52.700	13.001	15.000	0.0000010000	-0.0000597751	8.3222297491E-9	-0.0000031403	7.9753972477E-10	6.200	25.100
6/13/2022	11:02 PM	-0.2539604600	52.700	12.997	15.000	0.0000010000	-0.0000597705	9.4605797902E-9	-0.0000031487	1.8290559202E-9	6.200	25.100
6/13/2022	11:03 PM	-0.2489315400	52.700	13.001	15.000	0.0000010000	-0.0000597654	5.3442295670E-9	-0.0000031393	2.8708286934E-10	6.200	25.100
6/13/2022	11:03 PM	-0.2439026200	0.900	12.995	14.999	0.0000010000	-0.0000597532	9.3173814294E-9	-0.0000031277	2.8708286934E-10	6.200	25.100
6/13/2022	11:04 PM	-0.2388737000	52.700	12.996	14.999	0.0000010000	-0.0000597650	7.9708533476E-9	-0.0000031380	1.0154753215E-9	6.200	25.100
6/13/2022	11:05 PM	-0.2338447800	52.700	13.001	15.000	0.0000010000	-0.0000597646	5.7545631494E-9	-0.0000031454	1.1096090551E-9	6.200	25.100
6/13/2022	11:05 PM	-0.2288158600	52.700	13.003	15.001	0.0000010000	-0.0000597658	4.4615698377E-9	-0.0000031266	6.6142451836E-10	6.200	25.100
6/13/2022	11:06 PM	-0.2237869400	52.700	13.000	15.000	0.0000010000	-0.0000597411	5.0069341793E-9	-0.0000031399	8.6391922149E-10	6.200	25.100
6/13/2022	11:07 PM	-0.2187580200	52.700	12.998	15.000	0.0000010000	-0.0000597528	1.0104912132E-8	-0.0000031316	1.4978240886E-9	6.200	25.100
6/13/2022	11:07 PM	-0.2137291000	52.700	13.002	15.000	0.0000010000	-0.0000597679	8.6778658732E-9	-0.0000031280	3.5355339059E-10	6.200	25.100
6/13/2022	11:08 PM	-0.2087001800	52.700	13.000	15.000	0.0000010000	-0.0000597651	8.2815718265E-9	-0.0000031342	1.6371605431E-9	6.200	25.100
6/13/2022	11:09 PM	-0.2036712600	52.700	13.000	15.000	0.0000010000	-0.0000597696	7.2572964119E-9	-0.0000031259	1.4189171782E-9	6.200	25.100
6/13/2022	11:09 PM	-0.1986423400	52.700	12.999	15.001	0.0000010000	-0.0000597691	1.1114386698E-8	-0.0000031421	9.8576115087E-10	6.200	25.000
6/13/2022	11:10 PM	-0.1936134200	52.700	12.999	15.000	0.0000010000	-0.0000597481	5.8498572893E-9	-0.0000031337	7.8880488828E-10	6.200	25.100
6/13/2022	11:11 PM	-0.1885845000	52.700	12.997	15.000	0.0000010000	-0.0000597608	9.0384571832E-9	-0.0000031374	8.9526339942E-10	6.200	25.100
6/13/2022	11:12 PM	-0.1835555800	52.700	13.000	15.000	0.0000010000	-0.0000597591	9.0688650462E-9	-0.0000031290	1.6001451002E-9	6.200	25.100
6/13/2022	11:12 PM	-0.1785266600	52.700	13.001	15.000	0.0000010000	-0.0000597812	9.6642193265E-9	-0.0000031490	1.7948772326E-9	6.200	25.100
6/13/2022	11:13 PM	-0.1734977400	52.700	12.999	15.000	0.0000010000	-0.0000597770	8.5013278962E-9	-0.0000031397	6.0850436627E-10	6.200	25.100
6/13/2022	11:14 PM	-0.1684688200	52.700	13.000	15.000	0.0000010000	-0.0000597515	7.5224661079E-9	-0.0000031135	2.5631109331E-9	6.200	25.100
6/13/2022	11:14 PM	-0.1634399000	52.700	12.999	15.000	0.0000010000	-0.0000597622	8.6098301325E-9	-0.0000031425	9.6592582629E-10	6.200	25.100
6/13/2022	11:15 PM	-0.1584109800	52.700	13.002	15.000	0.0000010000	-0.0000597638	8.0780140873E-9	-0.0000031360	8.6988284501E-10	6.200	25.100
6/13/2022	11:16 PM	-0.1533820600	52.700	13.002	15.001	0.0000010000	-0.0000597696	7.7920492923E-9	-0.0000031246	2.0015365747E-9	6.200	25.000
6/13/2022	11:16 PM	-0.1483531400	52.700	12.998	15.000	0.0000010000	-0.0000597788	1.0475642073E-8	-0.0000031473	2.5495097568E-10	6.200	25.100
6/13/2022	11:17 PM	-0.1433242200	52.700	13.000	15.000	0.0000010000	-0.0000597621	7.1382016363E-9	-0.0000031363	1.7408031394E-9	6.200	25.100
6/13/2022	11:18 PM	-0.1382953000	52.700	13.002	15.000	0.0000010000	-0.0000597566	9.3610432530E-9	-0.0000031305	1.0112939289E-9	6.200	25.100
6/13/2022	11:18 PM	-0.1332663800	52.700	13.001	15.000	0.0000010000	-0.0000597654	6.4077450923E-9	-0.0000031206	1.1131314310E-9	6.200	25.100
6/13/2022	11:19 PM	-0.1282374600	52.700	13.000	15.000	0.0000010000	-0.0000597594	7.4147058946E-9	-0.0000031429	3.0000000000E-10	6.200	25.000
6/13/2022	11:20 PM	-0.1232085400	52.700	12.997	15.000	0.0000010000	-0.0000597729	7.8028449264E-9	-0.0000031291	5.1515439249E-10	6.200	25.100
6/13/2022	11:20 PM	-0.1181796200	52.700	13.000	15.000	0.0000010000	-0.0000597702	8.1399672650E-9	-0.0000031373	5.6368092477E-10	6.200	25.100
6/13/2022	11:21 PM	-0.1131507000	52.700	13.002	15.000	0.0000010000	-0.0000597720	8.1807653277E-9	-0.0000031079	2.7273688847E-9	6.200	25.000
6/13/2022	11:22 PM	-0.1081217800	52.700	12.999	15.001	0.0000010000	-0.0000597622	4.5673057068E-9	-0.0000031325	6.0620192023E-10	6.200	25.000
6/13/2022	11:22 PM	-0.1030928600	52.700	13.000	15.000	0.0000010000	-0.0000597633	6.8270752226E-9	-0.0000031262	9.5012175500E-10	6.200	25.000
6/13/2022	11:23 PM	-0.0980639400	52.700	13.000	15.000	0.0000010000	-0.0000597666	5.0679480527E-9	-0.0000031270	1.0606601718E-9	6.200	25.100
6/13/2022	11:24 PM	-0.0930350200	52.700	13.001	15.001	0.0000010000	-0.0000597690	1.0619386505E-8	-0.0000031268	1.7688319268E-9	6.200	25.000
6/13/2022	11:24 PM	-0.0880061000	52.700	12.998	15.000	0.0000010000	-0.0000597556	8.5989972679E-9	-0.0000031254	1.5413259966E-9	6.200	25.100
6/13/2022	11:25 PM	-0.0829771800	52.700	12.999	15.000	0.0000010000	-0.0000597565	5.6414824203E-9	-0.0000031337	4.1402208188E-10	6.200	25.000
6/13/2022	11:26 PM	-0.0779482600	52.700	13.000	15.000	0.0000010000	-0.0000597665	6.4437482717E-9	-0.0000031506	9.6695398029E-10	6.200	25.000
6/13/2022	11:26 PM	-0.0729193400	52.700	13.000	15.000	0.0000010000	-0.0000597629	9.4125135858E-9	-0.0000031355	1.6852509748E-9	6.200	25.000
6/13/2022	11:27 PM	-0.0678904200	52.700	13.000	15.000	0.0000010000	-0.0000597635	5.8564543584E-9	-0.0000031279	1.9299176521E-9	6.200	25.000
6/13/2022	11:28 PM	-0.0628615000	52.700	12.998	15.000	0.0000010000	-0.0000597707	8.7773273130E-9	-0.0000031452	1.5261067444E-9	6.200	25.000
6/13/2022	11:29 PM	-0.0578325800	52.700	13.000	15.000	0.0000010000	-0.0000597811	1.2063926013E-8	-0.0000031530	1.6062243059E-9	6.200	25.000
6/13/2022	11:29 PM	-0.0528036600	52.700	13.001	15.000	0.0000010000	-0.0000597761	1.0385250591E-8	-0.0000031413	8.2739529308E-10	6.200	25.000
6/13/2022	11:30 PM	-0.0477747400	52.700	12.999	15.000	0.0000010000	-0.0000597736	7.3696745079E-9	-0.0000031522	1.3338539126E-9	6.200	25.000
6/13/2022	11:31 PM	-0.0427458200	52.700	12.999	15.000	0.0000010000	-0.0000597561	7.6542064872E-9	-0.0000031535	1.6849686778E-9	6.200	25.000
6/13/2022	11:31 PM	-0.0377169000	50.900	12.999	15.000	0.0000010000	-0.0000597758	4.2906434372E-9	-0.0000031375	7.0710678119E-10	6.200	25.000
6/13/2022	11:32 PM	-0.0326879800	50.900	13.001	15.000	0.0000010000	-0.0000597649	8.7269135862E-9	-0.0000031277	1.0432124137E-9	6.200	25.100
6/13/2022	11:33 PM	-0.0276590600	50.900	13.000	15.000	0.0000010000	-0.0000597595	1.0588218722E-8	-0.0000031428	8.2503868823E-10	6.200	25.000
6/13/2022	11:33 PM	-0.0226301400	50.900	12.999	15.000	0.0000010000	-0.0000597625	9.1444266274E-9	-0.0000031223	5.4649857042E-10	6.200	25.000
6/13/2022	11:34 PM	-0.0176012200	50.900	13.000	15.000	0.0000010000	-0.0000597704	7.7097773689E-9	-0.0000031491	1.1788289045E-9	6.200	25.000
6/13/2022	11:35 PM	-0.0125723000	50.900	13.000	14.999	0.0000010000	-0.0000597635	9.8018929006E-9	-0.0000031334	3.2247448714E-10	6.200	25.100
6/13/2022	11:35 PM	-0.0075433800	50.900	13.001	15.000	0.0000010000	-0.0000597579	6.3112019322E-9	-0.0000031240	7.9346745639E-10	6.200	25.000
6/13/2022	11:36 PM	-0.0025144600	50.900	13.000	15.000	0.0000010000	-0.0000597725	4.6960838215E-9	-0.0000031320	4.0000000000E-10	6.200	25.000
6/13/2022	11:37 PM	0.0025144600	50.900	13.000	15.000	0.0000010000	-0.0000597831	6.9029548654E-9	-0.0000031362	1.1803670365E-9	6.200	25.000
6/13/2022	11:37 PM	0.0075433800	50.900	13.000	15.000	0.0000010000	-0.0000597664	8.2035165584E-9	-0.0000031283	8.2540150734E-10	6.200	25.000
6/13/2022	11:38 PM	0.0125723000	50.900	13.000	15.000	0.0000010000	-0.0000597569	6.0065261562E-9	-0.0000031056	2.7319624901E-9	6.200	25.000
6/13/2022	11:39 PM	0.0176012200	50.900	12.999	15.000	0.0000010000	-0.0000597753	6.1287203868E-9	-0.0000031238	9.0349945473E-10	6.200	25.000
6/13/2022	11:39 PM	0.0226301400	50.900	13.000	15.000	0.0000010000	-0.0000597715	6.8744558390E-9	-0.0000031335	2.8708286934E-10	6.200	25.000
6/13/2022	11:40 PM	0.0276590600	50.900	13.000	15.000	0.0000010000	-0.0000597822	8.3237431847E-9	-0.0000031423	9.3005376189E-10	6.200	25.000
6/13/2022	11:41 PM	0.0326879800	50.900	12.999	15.000	0.0000010000	-0.0000597686	9.2767524261E-9	-0.0000031367	1.6878797946E-9	6.200	25.000
6/13/2022	11:41 PM	0.0377169000	50.900	13.000	15.000	0.0000010000	-0.0000597610	7.6114277758E-9	-0.0000031476	1.1122723857E-9	6.200	25.000
6/13/2022	11:42 PM	0.0427458200	50.900	13.000	15.000	0.0000010000	-0.0000597631	5.0273169414E-9	-0.0000031363	1.2601679960E-9	6.200	25.000
6/13/2022	11:43 PM	0.0477747400	50.900	13.000	15.000	0.0000010000	-0.0000597605	1.1967674859E-8	-0.0000031272	1.8502163453E-9	6.200	25.000
6/13/2022	11:43 PM	0.0528036600	50.900	12.999	15.000	0.0000010000	-0.0000597846	7.3650363139E-9	-0.0000031412	6.9774951497E-10	6.200	25.000
6/13/2022	11:44 PM	0.0578325800	50.900	13.000	15.000	0.0000010000	-0.0000597779	8.5082031571E-9	-0.0000031265	1.5811388301E-10	6.200	25.000
6/13/2022	11:45 PM	0.0628615000	50.900	13.001	15.000	0.0000010000	-0.0000597660	8.6393989903E-9	-0.0000031357	1.4213373913E-9	6.200	25.000
6/13/2022	11:45 PM	0.0678904200	50.900	13.004	15.000	0.0000010000	-0.0000597735	5.6268209634E-9	-0.0000031239	1.0676962334E-9	6.200	25.000
6/13/2022	11:46 PM	0.0729193400	50.900	13.001	15.000	0.0000010000	-0.0000597711	6.5065784718E-9	-0.0000031357	2.0430147704E-9	6.200	25.000
6/13/2022	11:47 PM	0.0779482600	50.900	12.998	15.000	0.0000010000	-0.0000597504	7.2822392643E-9	-0.0000031395	7.3851648071E-10	6.200	25.000
6/13/2022	11:47 PM	0.0829771800	50.900	12.999	15.000	0.0000010000	-0.0000597635	7.8337530912E-9	-0.0000031524	1.4329452081E-9	6.200	25.000
6/13/2022	11:48 PM	0.0880061000	50.900	13.000	15.000	0.0000010000	-0.0000597682	6.5714611795E-9	-0.0000031333	3.5811388301E-10	6.200	25.000
6/13/2022	11:49 PM	0.0930350200	50.900	12.997	15.000	0.0000010000	-0.0000597652	7.6040673169E-9	-0.0000031254	4.1402208188E-10	6.200	25.000
6/13/2022	11:49 PM	0.0980639400	50.900	13.002	15.001	0.0000010000	-0.0000597716	6.4979053090E-9	-0.0000031148	2.4502509092E-9	6.200	25.000
6/13/2022	11:50 PM	0.1030928600	50.900	12.997	14.999	0.0000010000	-0.0000597630	9.2659877299E-9	-0.0000031341	6.4510098534E-10	6.200	25.000
6/13/2022	11:51 PM	0.1081217800	50.900	13.002	15.000	0.0000010000	-0.0000597720	5.0883088446E-9	-0.0000031501	1.3549900398E-9	6.200	25.000
6/13/2022	11:51 PM	0.1131507000	50.900	12.998	14.999	0.0000010000	-0.0000597715	7.8332546758E-9	-0.0000031241	1.0041522987E-9	6.200	25.000
6/13/2022	11:52 PM	0.1181796200	50.900	13.001	15.000	0.0000010000	-0.0000597762	6.8164480025E-9	-0.0000031303	1.3217525315E-9	6.200	25.000
6/13/2022	11:53 PM	0.1232085400	50.900	12.998	15.000	0.0000010000	-0.0000597684	6.5550271565E-9	-0.0000031429	7.9346745639E-10	6.200	25.000
6/13/2022	11:53 PM	0.1282374600	50.900	12.996	15.000	0.0000010000	-0.0000597440	6.7923611360E-9	-0.0000031384	6.6099096785E-10	6.200	25.000
6/13/2022	11:54 PM	0.1332663800	50.900	12.996	15.000	0.0000010000	-0.0000597848	8.0331164976E-9	-0.0000031320	9.2221168864E-10	6.200	25.000
6/13/2022	11:55 PM	0.1382953000	50.900	12.995	15.000	0.0000010000	-0.0000597661	8.8187244787E-9	-0.0000031316	4.5355339059E-10	6.200	25.000
6/13/2022	11:56 PM	0.1433242200	50.900	13.001	15.000	0.0000010000	-0.0000597694	1.1953783159E-8	-0.0000031450	1.7443057723E-9	6.200	25.000
6/13/2022	11:56 PM	0.1483531400	50.900	12.999	15.000	0.0000010000	-0.0000597608	8.0768717891E-9	-0.0000031303	9.1203127704E-10	6.200	25.000
6/13/2022	11:57 PM	0.1533820600	50.900	13.000	15.000	0.0000010000	-0.0000597575	4.9732128177E-9	-0.0000031418	6.5897105616E-10	6.200	25.000
6/13/2022	11:58 PM	0.1584109800	50.900	13.001	14.999	0.0000010000	-0.0000597652	8.2279828117E-9	-0.0000031415	5.1166727360E-10	6.200	25.000
6/13/2022	11:58 PM	0.1634399000	50.900	13.001	15.000	0.0000010000	-0.0000597591	7.9617422868E-9	-0.0000031558	1.3338173635E-9	6.200	25.000
6/13/2022	11:59 PM	0.1684688200	50.900	13.000	15.000	0.0000010000	-0.0000597752	5.4897126669E-9	-0.0000031325	3.2247448714E-10	6.200	25.000
6/14/2022	12:00 AM	0.1734977400	50.900	13.001	15.000	0.0000010000	-0.0000597738	7.6186248773E-9	-0.0000031231	1.2547906945E-9	6.200	25.000
6/14/2022	12:00 AM	0.1785266600	50.900	13.000	15.000	0.0000010000	-0.0000597819	9.7946645321E-9	-0.0000031507	2.1899748742E-9	6.200	25.000
6/14/2022	12:01 AM	0.1835555800	50.900	13.000	15.000	0.0000010000	-0.0000597697	9.7135347265E-9	-0.0000031312	3.5495097568E-10	6.200	25.000
6/14/2022	12:02 AM	0.1885845000	50.900	12.998	15.000	0.0000010000	-0.0000597638	8.3770413716E-9	-0.0000030969	5.0535537789E-9	6.200	25.000
6/14/2022	12:02 AM	0.1936134200	50.900	13.002	15.000	0.0000010000	-0.0000597549	1.0170280567E-8	-0.0000047612	2.0000000000E-10	6.200	25.000
6/14/2022	12:03 AM	0.1986423400	50.900	12.999	15.000	0.0000010000	-0.0000597348	5.3900005440E-9	-0.0000047592	1.0711883953E-9	6.200	25.000
6/14/2022	12:04 AM	0.2036712600	50.900	13.000	15.000	0.0000010000	-0.0000597403	7.2783972311E-9	-0.0000047457	1.0711883953E-9	6.200	25.000
6/14/2022	12:05 AM	0.2087001800	50.900	12.999	15.000	0.0000010000	-0.0000597671	6.2625986337E-9	-0.0000047530	1.7754786681E-9	6.200	25.000
6/14/2022	12:05 AM	0.2137291000	50.900	13.001	15.000	0.0000010000	-0.0000597805	9.4173534319E-9	-0.0000047406	1.3403564429E-9	6.200	25.000
6/14/2022	12:06 AM	0.2187580200	50.900	12.998	15.000	0.0000010000	-0.0000597484	7.3798479889E-9	-0.0000047577	7.7439472766E-10	6.200	25.000
6/14/2022	12:07 AM	0.2237869400	50.900	13.001	15.000	0.0000010000	-0.0000597632	6.8178608521E-9	-0.0000047490	1.2950213620E-9	6.200	25.000
6/14/2022	12:07 AM	0.2288158600	50.900	13.000	15.000	0.0000010000	-0.0000597545	5.9275392737E-9	-0.0000047616	7.5522851952E-10	6.200	25.000
6/14/2022	12:08 AM	0.2338447800	50.900	12.998	15.000	0.0000010000	-0.0000597487	4.2924582024E-9	-0.0000047356	1.5510259683E-9	6.200	25.000
6/14/2022	12:09 AM	0.2388737000	50.900	12.999	15.000	0.0000010000	-0.0000597655	5.0960275744E-9	-0.0000047509	7.8366965395E-10	6.200	25.000
6/14/2022	12:09 AM	0.2439026200	50.900	12.998	15.000	0.0000010000	-0.0000597661	8.8670892818E-9	-0.0000046949	5.6496829828E-9	6.200	25.000
6/14/2022	12:10 AM	0.2489315400	50.900	12.999	15.000	0.0000010000	-0.0000597718	1.0430969843E-8	-0.0000047651	1.1803670365E-9	6.200	25.000
6/14/2022	12:11 AM	0.2539604600	50.900	13.000	15.000	0.0000010000	-0.0000597389	7.2200395095E-9	-0.0000047439	1.1149461492E-9	6.200	25.000
6/14/2022	12:11 AM	0.2589893800	50.900	13.000	15.000	0.0000010000	-0.0000597582	8.3978494258E-9	-0.0000047466	7.1863190045E-10	6.200	25.000
6/14/2022	12:12 AM	0.2640183000	50.900	13.000	14.999	0.0000010000	-0.0000597398	6.9643770786E-9	-0.0000047678	6.0415229868E-10	6.200	25.000
6/14/2022	12:13 AM	0.2690472200	50.900	13.002	15.001	0.0000010000	-0.0000597462	7.2412707581E-9	-0.0000047621	6.7823299831E-10	6.200	25.000
6/14/2022	12:13 AM	0.2740761400	50.900	13.000	15.000	0.0000010000	-0.0000597434	6.8377479038E-9	-0.0000047578	4.6368092477E-10	6.200	25.000
6/14/2022	12:14 AM	0.2791050600	50.900	12.999	15.000	0.0000010000	-0.0000597550	6.7346754885E-9	-0.0000047772	1.2852647610E-9	6.200	25.000
6/14/2022	12:15 AM	0.2841339800	50.900	13.001	15.000	0.0000010000	-0.0000597563	8.9838649346E-9	-0.0000047570	3.4494897428E-10	6.200	25.000
6/14/2022	12:15 AM	0.2891629000	50.900	13.002	15.000	0.0000010000	-0.0000597400	2.0854724444E-8	-0.0000047540	4.5495097568E-10	6.200	25.000
6/14/2022	12:16 AM	0.2941918200	50.900	13.000	15.000	0.0000010000	-0.0000597365	4.8427635709E-9	-0.0000047596	1.0154753215E-9	6.200	25.000
6/14/2022	12:17 AM	0.2992207400	50.900	13.002	15.000	0.0000010000	-0.0000597551	9.7656124270E-9	-0.0000047585	7.9346745639E-10	6.200	25.000
6/14/2022	12:17 AM	0.3042496600	50.900	13.000	15.000	0.0000010000	-0.0000597352	6.5144090896E-9	-0.0000047520	2.6416219754E-9	6.200	25.000
6/14/2022	12:18 AM	0.3092785800	50.900	12.998	14.999	0.0000010000	-0.0000597612	6.2913873173E-9	-0.0000047600	6.6099096785E-10	6.200	25.100
6/14/2022	12:19 AM	0.3143075000	50.900	13.001	15.000	0.0000010000	-0.0000597327	8.6348267410E-9	-0.0000047460	1.1455612435E-9	6.200	25.100
6/14/2022	12:19 AM	0.3193364200	50.900	12.998	14.999	0.0000010000	-0.0000597385	6.6895303187E-9	-0.0000047648	5.3011626335E-10	6.200	25.000
6/14/2022	12:20 AM	0.3243653400	50.900	13.000	15.000	0.0000010000	-0.0000597545	6.0812498535E-9	-0.0000047519	4.1402208188E-10	6.200	25.000
6/14/2022	12:21 AM	0.3293942600	50.900	13.000	15.000	0.0000010000	-0.0000597393	6.0216263423E-9	-0.0000047223	3.4579945277E-9	6.200	25.000
6/14/2022	12:21 AM	0.3344231800	0.900	13.001	15.000	0.0000010000	-0.0000597464	9.3695219168E-9	-0.0000047655	9.8270701384E-10	6.200	25.000
6/14/2022	12:22 AM	0.3394521000	50.900	13.000	15.000	0.0000010000	-0.0000597619	8.2940007648E-9	-0.0000047496	2.9154759474E-10	6.200	25.000
6/14/2022	12:23 AM	0.3444810200	50.900	13.000	15.000	0.0000010000	-0.0000597409	8.1409112109E-9	-0.0000047395	1.1901823123E-9	6.200	25.000
6/14/2022	12:24 AM	0.3495099400	50.900	12.998	15.000	0.0000010000	-0.0000597249	9.0457428905E-9	-0.0000047557	2.2247448714E-10	6.200	25.000
6/14/2022	12:24 AM	0.3545388600	50.900	13.000	15.000	0.0000010000	-0.0000597427	1.4642145787E-8	-0.0000047496	3.0000000000E-10	6.200	25.000
6/14/2022	12:25 AM	0.3595677800	50.900	13.000	15.000	0.0000010000	-0.0000597627	9.7104790172E-9	-0.0000047634	5.8615541191E-10	6.200	25.000
6/14/2022	12:26 AM	0.3645967000	50.900	12.999	15.000	0.0000010000	-0.0000597512	8.3363798766E-9	-0.0000047458	7.6212327846E-10	6.200	25.000
6/14/2022	12:26 AM	0.3696256200	50.900	13.000	15.000	0.0000010000	-0.0000597391	5.1700212689E-9	-0.0000047524	4.5355339059E-10	6.200	25.000
6/14/2022	12:27 AM	0.3746545400	50.900	13.001	15.000	0.0000010000	-0.0000597443	1.0891236004E-8	-0.0000047583	4.4203384502E-10	6.200	25.000
6/14/2022	12:28 AM	0.3796834600	50.900	13.003	15.001	0.0000010000	-0.0000597511	5.2673568641E-9	-0.0000047595	8.4010949186E-10	6.200	25.000
6/14/2022	12:28 AM	0.3847123800	50.900	12.998	15.000	0.0000010000	-0.0000597284	1.0333241938E-8	-0.0000047568	2.5495097568E-10	6.200	25.000
6/14/2022	12:29 AM	0.3897413000	50.900	13.002	15.000	0.0000010000	-0.0000597502	8.7880981355E-9	-0.0000047594	8.3006407546E-10	6.200	25.000
6/14/2022	12:30 AM	0.3947702200	50.900	13.002	15.000	0.0000010000	-0.0000597581	4.1138508030E-9	-0.0000047535	5.8309518948E-10	6.200	25.000
6/14/2022	12:31 AM	0.3997991400	50.900	13.003	15.000	0.0000010000	-0.0000597377	7.8843639525E-9	-0.0000047599	5.9328478957E-10	6.200	25.000
