! User Name:	Aditya 
! Sample Name:	FGT_CPS_Device  4_FC8T_
! Sample ID:	FGT/CrPS4
! Date:	6/24/2022	Time:	10:40 PM
! Current Source:	Keithley 224 Current Source
! Voltmeter V1:	Keithley 182 Degital voltmeter
! Voltmeter V2:	Keithley 2182A  NanoVoltmeter
! V1 (volts):	Rxx Device 1
! V2 (volts):	Rxy Device 1
! Max Field (Tesla):0.000000	! Data points (0_maxT:75.000000	! Average Number:5.000000	
! Comments:	FGT/CrPS4 device was made in glove using flaking and dry transfering of flakes. 
! 
! 
! 
! 
Data	Time	Magnetic Field (T)	Helium Level (%)	VTI Temperature (K)	Sample Temparture (K)	Current (A) 	Voltage-1(V)	Std. of V1	Voltage-2 (V)	Std. of V2	VTI  Heater Power (%)	Sample Heater Power (%)
6/24/2022	10:42 PM	0.3004779700	52.000	52.780	54.994	0.0000010000	-0.0000605303	8.5651969940E-9	-0.0000058775	5.8615541191E-10	6.700	27.800
6/24/2022	10:43 PM	0.2979635100	47.400	48.010	50.001	0.0000010000	-0.0000605461	7.5417189440E-9	-0.0000058712	3.4608128489E-10	11.800	28.600
6/24/2022	10:44 PM	0.2954490500	47.400	48.010	50.000	0.0000010000	-0.0000605502	7.1000582312E-9	-0.0000058774	4.5355339059E-10	11.800	28.500
6/24/2022	10:45 PM	0.2929345900	47.400	48.010	50.000	0.0000010000	-0.0000605341	8.6352144184E-9	-0.0000058821	8.6899195419E-10	11.800	28.600
6/24/2022	10:46 PM	0.2904201300	47.400	48.010	49.999	0.0000010000	-0.0000605387	8.4156881588E-9	-0.0000058164	5.4220485101E-9	11.800	28.600
6/24/2022	10:46 PM	0.2879056700	47.400	48.000	50.000	0.0000010000	-0.0000605381	7.5623292848E-9	-0.0000058620	9.5166481892E-10	11.800	28.600
6/24/2022	10:47 PM	0.2853912100	47.400	48.000	50.000	0.0000010000	-0.0000605395	6.8100502392E-9	-0.0000058733	1.5263146811E-9	11.800	28.600
6/24/2022	10:48 PM	0.2828767500	47.400	48.000	50.000	0.0000010000	-0.0000605249	7.4249637531E-9	-0.0000058758	2.8708286934E-10	11.700	28.600
6/24/2022	10:48 PM	0.2803622900	47.400	48.000	49.999	0.0000010000	-0.0000605248	8.8793495991E-9	-0.0000058664	6.9196779561E-10	11.700	28.600
6/24/2022	10:49 PM	0.2778478300	47.400	48.000	50.000	0.0000010000	-0.0000605358	7.2680421271E-9	-0.0000058794	5.6124860802E-10	11.700	28.700
6/24/2022	10:50 PM	0.2753333700	47.400	48.000	49.999	0.0000010000	-0.0000605215	9.7105247990E-9	-0.0000058687	8.0670198723E-10	11.700	28.700
6/24/2022	10:50 PM	0.2728189100	47.400	48.000	50.000	0.0000010000	-0.0000605089	1.2100875210E-8	-0.0000058861	9.5393920142E-10	11.700	28.700
6/24/2022	10:51 PM	0.2703044500	47.400	48.000	49.999	0.0000010000	-0.0000605106	8.3458128568E-9	-0.0000058651	7.8880488828E-10	11.700	28.700
6/24/2022	10:52 PM	0.2677899900	47.400	48.000	49.999	0.0000010000	-0.0000605223	1.1302586664E-8	-0.0000058751	3.7386127875E-10	11.700	28.700
6/24/2022	10:53 PM	0.2652755300	47.400	48.000	50.000	0.0000010000	-0.0000605161	7.8671626082E-9	-0.0000058819	7.4833147735E-10	11.700	28.700
6/24/2022	10:53 PM	0.2627610700	47.400	48.000	49.999	0.0000010000	-0.0000605238	5.1619269189E-9	-0.0000058723	6.0850436627E-10	11.700	28.700
6/24/2022	10:54 PM	0.2602466100	47.400	48.000	50.000	0.0000010000	-0.0000604945	6.7372642173E-9	-0.0000058668	1.1707877060E-9	11.700	28.800
6/24/2022	10:55 PM	0.2577321500	47.400	48.000	50.000	0.0000010000	-0.0000605027	6.4580028752E-9	-0.0000058679	7.0990195136E-10	11.700	28.800
6/24/2022	10:55 PM	0.2552176900	47.400	48.000	50.000	0.0000010000	-0.0000604975	5.9626759120E-9	-0.0000058690	2.0961001690E-9	11.700	28.800
6/24/2022	10:56 PM	0.2527032300	47.400	48.000	50.000	0.0000010000	-0.0000604993	3.8989711153E-9	-0.0000058925	1.7433236673E-9	11.700	28.800
6/24/2022	10:57 PM	0.2501887700	47.400	48.000	49.999	0.0000010000	-0.0000604906	9.3757525234E-9	-0.0000058809	4.5355339059E-10	11.800	28.800
6/24/2022	10:58 PM	0.2476743100	47.400	48.000	50.000	0.0000010000	-0.0000604819	8.4668292198E-9	-0.0000058696	4.5495097568E-10	11.800	28.800
6/24/2022	10:58 PM	0.2451598500	47.400	48.000	50.000	0.0000010000	-0.0000604905	9.5544031485E-9	-0.0000058555	1.9578851972E-9	11.800	28.800
6/24/2022	10:59 PM	0.2426453900	47.400	48.000	50.000	0.0000010000	-0.0000604776	7.2387781201E-9	-0.0000058721	1.0000000000E-10	11.800	28.800
6/24/2022	11:00 PM	0.2401309300	47.400	48.000	50.000	0.0000010000	-0.0000604812	1.0247027857E-8	-0.0000058668	5.5259075049E-10	11.800	28.800
6/24/2022	11:01 PM	0.2376164700	47.400	48.000	50.000	0.0000010000	-0.0000604831	6.8399652074E-9	-0.0000058779	4.7416573868E-10	11.800	28.800
6/24/2022	11:01 PM	0.2351020100	47.400	48.000	50.000	0.0000010000	-0.0000604831	6.4432874657E-9	-0.0000058756	8.4409048005E-10	11.800	28.800
6/24/2022	11:02 PM	0.2325875500	47.400	48.000	50.000	0.0000010000	-0.0000604697	7.9475984181E-9	-0.0000058819	1.7118779375E-9	11.800	28.800
6/24/2022	11:03 PM	0.2300730900	47.400	48.000	50.000	0.0000010000	-0.0000604657	6.9092449238E-9	-0.0000058636	8.1763500472E-10	11.800	28.800
6/24/2022	11:03 PM	0.2275586300	47.400	48.000	50.000	0.0000010000	-0.0000604737	7.9341196531E-9	-0.0000058776	9.3851648071E-10	11.800	28.900
6/24/2022	11:04 PM	0.2250441700	47.400	48.000	50.000	0.0000010000	-0.0000604741	5.2236084802E-9	-0.0000058704	3.5495097568E-10	11.800	28.900
6/24/2022	11:05 PM	0.2225297100	47.400	48.000	50.000	0.0000010000	-0.0000604666	4.7146290951E-9	-0.0000058647	1.3719760310E-9	11.800	28.900
6/24/2022	11:05 PM	0.2200152500	47.400	48.000	50.000	0.0000010000	-0.0000604542	5.3672211632E-9	-0.0000058738	1.0424727699E-9	11.800	28.900
6/24/2022	11:06 PM	0.2175007900	47.400	48.000	50.000	0.0000010000	-0.0000604612	1.0861215392E-8	-0.0000058385	4.2844951906E-9	11.800	28.900
6/24/2022	11:07 PM	0.2149863300	47.400	48.000	50.000	0.0000010000	-0.0000604576	6.2327103327E-9	-0.0000058574	8.7297041176E-10	11.800	28.900
6/24/2022	11:08 PM	0.2124718700	47.400	48.000	50.000	0.0000010000	-0.0000604534	5.1100567855E-9	-0.0000058712	2.8708286934E-10	11.800	28.900
6/24/2022	11:08 PM	0.2099574100	47.400	48.000	50.000	0.0000010000	-0.0000604476	6.2764350771E-9	-0.0000058714	8.2764726786E-10	11.800	28.900
6/24/2022	11:09 PM	0.2074429500	47.400	48.000	50.000	0.0000010000	-0.0000604519	9.9353016774E-9	-0.0000058702	7.3385391260E-10	11.800	28.900
6/24/2022	11:10 PM	0.2049284900	45.800	48.000	50.000	0.0000010000	-0.0000604491	6.7297649374E-9	-0.0000058661	6.5076379411E-10	11.800	28.900
6/24/2022	11:10 PM	0.2024140300	45.800	48.000	50.000	0.0000010000	-0.0000604366	7.7607115094E-9	-0.0000058559	1.2770329614E-9	11.800	28.900
6/24/2022	11:11 PM	0.1998995700	45.800	48.000	50.000	0.0000010000	-0.0000604363	7.7437229874E-9	-0.0000058750	3.0611639196E-9	11.800	28.900
6/24/2022	11:12 PM	0.1973851100	45.800	48.000	50.000	0.0000010000	-0.0000604327	6.9630990267E-9	-0.0000058531	1.9928204379E-9	11.800	28.900
6/24/2022	11:13 PM	0.1948706500	45.800	48.000	50.000	0.0000010000	-0.0000604386	7.0178555992E-9	-0.0000058791	8.5166481892E-10	11.800	28.900
6/24/2022	11:13 PM	0.1923561900	0.900	48.000	50.000	0.0000010000	-0.0000604374	6.9561798857E-9	-0.0000058514	1.9774983356E-9	11.800	28.900
6/24/2022	11:14 PM	0.1898417300	45.800	48.000	50.000	0.0000010000	-0.0000604408	9.8310098091E-9	-0.0000058727	5.6968808264E-10	11.800	28.900
6/24/2022	11:15 PM	0.1873272700	45.800	48.000	50.000	0.0000010000	-0.0000604266	7.7595417935E-9	-0.0000058640	4.6159098630E-10	11.800	28.900
6/24/2022	11:15 PM	0.1848128100	45.800	48.000	50.000	0.0000010000	-0.0000604268	8.4515520293E-9	-0.0000058658	8.9206987131E-10	11.800	28.900
6/24/2022	11:16 PM	0.1822983500	45.800	48.000	50.000	0.0000010000	-0.0000604279	1.0637903925E-8	-0.0000058941	1.9988847026E-9	11.800	28.900
6/24/2022	11:17 PM	0.1797838900	45.800	48.000	50.000	0.0000010000	-0.0000604238	7.5265524194E-9	-0.0000058764	5.4063625993E-10	11.800	28.900
6/24/2022	11:18 PM	0.1772694300	45.800	48.000	50.000	0.0000010000	-0.0000604167	1.2012148641E-8	-0.0000058725	2.4494897428E-10	11.800	29.000
6/24/2022	11:18 PM	0.1747549700	45.800	48.000	50.000	0.0000010000	-0.0000604136	6.9321848374E-9	-0.0000058808	1.2549509757E-9	11.800	28.900
6/24/2022	11:19 PM	0.1722405100	45.800	48.000	50.000	0.0000010000	-0.0000604112	7.8068813151E-9	-0.0000058383	3.2681228080E-9	11.800	29.000
6/24/2022	11:20 PM	0.1697260500	45.800	48.000	50.000	0.0000010000	-0.0000604054	7.5926808105E-9	-0.0000058819	8.9418965053E-10	11.800	29.000
6/24/2022	11:20 PM	0.1672115900	45.800	48.000	50.000	0.0000010000	-0.0000604133	6.0818836797E-9	-0.0000058670	1.2195787944E-9	11.800	28.900
6/24/2022	11:21 PM	0.1646971300	45.800	48.000	50.000	0.0000010000	-0.0000604226	7.9491706515E-9	-0.0000058642	7.5975531083E-10	11.800	29.000
6/24/2022	11:22 PM	0.1621826700	45.800	48.000	50.000	0.0000010000	-0.0000604041	8.9086798028E-9	-0.0000058773	6.0850436627E-10	11.800	29.000
6/24/2022	11:23 PM	0.1596682100	45.800	48.000	50.000	0.0000010000	-0.0000603975	9.5759855016E-9	-0.0000058908	1.8154753215E-9	11.800	29.000
6/24/2022	11:23 PM	0.1571537500	45.800	48.000	50.000	0.0000010000	-0.0000604142	7.8134481161E-9	-0.0000058723	1.0617256536E-9	11.800	29.000
6/24/2022	11:24 PM	0.1546392900	45.800	48.000	50.000	0.0000010000	-0.0000603840	5.7832375208E-9	-0.0000058875	1.4684078243E-9	11.800	29.000
6/24/2022	11:25 PM	0.1521248300	45.800	48.000	50.000	0.0000010000	-0.0000603965	6.1859229874E-9	-0.0000058828	6.8506723903E-10	11.800	29.000
6/24/2022	11:26 PM	0.1496103700	45.800	48.000	50.000	0.0000010000	-0.0000603967	6.0538908727E-9	-0.0000058640	2.4494897428E-10	11.800	29.000
6/24/2022	11:26 PM	0.1470959100	45.800	48.000	50.000	0.0000010000	-0.0000604007	8.5373382209E-9	-0.0000058730	1.0398790721E-9	11.800	29.000
6/24/2022	11:27 PM	0.1445814500	45.800	48.000	50.000	0.0000010000	-0.0000604030	8.8435633139E-9	-0.0000058731	2.2247448714E-10	11.800	29.000
6/24/2022	11:28 PM	0.1420669900	45.800	48.000	50.000	0.0000010000	-0.0000603996	9.4867707404E-9	-0.0000058371	4.5833001327E-9	11.800	29.000
6/24/2022	11:28 PM	0.1395525300	45.800	48.000	50.000	0.0000010000	-0.0000604005	7.3262354107E-9	-0.0000058669	3.0000000000E-10	11.800	29.000
6/24/2022	11:29 PM	0.1370380700	45.800	48.000	50.000	0.0000010000	-0.0000603819	9.9552512983E-9	-0.0000058762	7.2929262470E-10	11.800	29.000
6/24/2022	11:30 PM	0.1345236100	45.800	48.000	50.000	0.0000010000	-0.0000603756	5.9613077392E-9	-0.0000058748	8.9379718813E-10	11.800	29.000
6/24/2022	11:30 PM	0.1320091500	45.800	48.000	50.000	0.0000010000	-0.0000603797	9.8103979737E-9	-0.0000058824	8.9526339942E-10	11.800	29.000
6/24/2022	11:31 PM	0.1294946900	45.800	48.000	50.000	0.0000010000	-0.0000603727	1.0341394560E-8	-0.0000058530	1.0770329614E-9	11.800	29.000
6/24/2022	11:32 PM	0.1269802300	45.800	48.000	50.000	0.0000010000	-0.0000603837	7.3976042669E-9	-0.0000058797	1.1039933485E-9	11.800	29.000
6/24/2022	11:33 PM	0.1244657700	45.800	48.000	50.000	0.0000010000	-0.0000603745	5.1164676551E-9	-0.0000058765	9.3794980865E-10	11.800	29.000
6/24/2022	11:33 PM	0.1219513100	45.800	48.000	50.000	0.0000010000	-0.0000603764	8.4986507271E-9	-0.0000058669	3.0955735648E-10	11.800	29.000
6/24/2022	11:34 PM	0.1194368500	45.800	48.000	50.000	0.0000010000	-0.0000603676	9.5878864639E-9	-0.0000058767	5.6368092477E-10	11.800	29.000
6/24/2022	11:35 PM	0.1169223900	45.800	48.000	50.000	0.0000010000	-0.0000603693	9.2938802990E-9	-0.0000058694	1.1372230445E-9	11.800	29.000
6/24/2022	11:35 PM	0.1144079300	45.800	48.000	50.000	0.0000010000	-0.0000603772	9.7629388970E-9	-0.0000058719	7.5355339059E-10	11.800	29.000
6/24/2022	11:36 PM	0.1118934700	45.800	48.000	50.000	0.0000010000	-0.0000603801	5.6106652626E-9	-0.0000058304	4.1268470972E-9	11.800	29.000
6/24/2022	11:37 PM	0.1093790100	45.800	48.000	50.000	0.0000010000	-0.0000603662	8.7155917332E-9	-0.0000058840	9.7258598040E-10	11.800	29.000
6/24/2022	11:37 PM	0.1068645500	45.800	48.000	50.000	0.0000010000	-0.0000603525	9.9189188723E-9	-0.0000058538	3.0585405077E-9	11.800	29.000
6/24/2022	11:38 PM	0.1043500900	45.800	48.000	50.000	0.0000010000	-0.0000603555	7.9512618144E-9	-0.0000058711	9.9386581434E-10	11.800	29.000
6/24/2022	11:39 PM	0.1018356300	45.800	48.000	50.000	0.0000010000	-0.0000603622	6.3764928662E-9	-0.0000058777	3.8708286934E-10	11.800	29.000
6/24/2022	11:40 PM	0.0993211700	45.800	48.000	50.000	0.0000010000	-0.0000603550	1.1079776363E-8	-0.0000058697	9.6974380696E-10	11.800	29.000
6/24/2022	11:40 PM	0.0968067100	45.800	48.000	50.000	0.0000010000	-0.0000603534	5.0180683600E-9	-0.0000058466	1.5658422846E-9	11.800	29.000
6/24/2022	11:41 PM	0.0942922500	45.800	48.000	50.000	0.0000010000	-0.0000603563	1.0110025911E-8	-0.0000058530	3.5913946794E-9	11.800	29.000
6/24/2022	11:42 PM	0.0917777900	45.800	48.000	50.000	0.0000010000	-0.0000603362	7.3488975442E-9	-0.0000058756	8.9526339942E-10	11.800	29.000
6/24/2022	11:43 PM	0.0892633300	45.800	48.000	50.000	0.0000010000	-0.0000603348	1.0266706380E-8	-0.0000058782	6.6571333342E-10	11.800	29.000
6/24/2022	11:43 PM	0.0867488700	45.800	48.000	50.000	0.0000010000	-0.0000603398	9.8780369746E-9	-0.0000058482	1.2913281926E-9	11.800	29.000
6/24/2022	11:44 PM	0.0842344100	45.800	48.000	50.000	0.0000010000	-0.0000603502	1.1248232434E-8	-0.0000058816	9.3794980865E-10	11.800	29.000
6/24/2022	11:45 PM	0.0817199500	45.800	48.000	50.000	0.0000010000	-0.0000603457	1.2104111644E-8	-0.0000058570	8.6522066419E-10	11.800	29.000
6/24/2022	11:45 PM	0.0792054900	45.800	48.000	50.000	0.0000010000	-0.0000603517	9.8457835670E-9	-0.0000058738	5.3011626335E-10	11.800	29.000
6/24/2022	11:46 PM	0.0766910300	45.800	48.000	50.000	0.0000010000	-0.0000603419	1.0050617687E-8	-0.0000058749	7.9346745639E-10	11.800	29.000
6/24/2022	11:47 PM	0.0741765700	45.800	48.000	50.000	0.0000010000	-0.0000603399	7.2773557578E-9	-0.0000058625	2.3126858879E-9	11.800	29.000
6/24/2022	11:47 PM	0.0716621100	45.800	48.000	50.000	0.0000010000	-0.0000603439	7.6926427647E-9	-0.0000058684	5.5259075049E-10	11.800	29.000
6/24/2022	11:48 PM	0.0691476500	45.800	48.000	50.000	0.0000010000	-0.0000603247	5.0270276136E-9	-0.0000058694	5.8615541191E-10	11.800	29.000
6/24/2022	11:49 PM	0.0666331900	45.800	48.000	50.000	0.0000010000	-0.0000603232	9.0827792659E-9	-0.0000058626	8.7413930606E-10	11.800	29.000
6/24/2022	11:50 PM	0.0641187300	45.800	48.000	50.000	0.0000010000	-0.0000603271	1.1182680447E-8	-0.0000058685	7.0710678119E-10	11.800	29.000
6/24/2022	11:50 PM	0.0616042700	45.800	48.000	50.000	0.0000010000	-0.0000603510	2.6816584959E-9	-0.0000058477	1.3338173635E-9	11.800	29.000
6/24/2022	11:51 PM	0.0590898100	45.800	48.000	50.000	0.0000010000	-0.0000603288	1.0280277833E-8	-0.0000058730	4.9664022582E-10	11.800	29.000
6/24/2022	11:52 PM	0.0565753500	45.800	48.000	50.000	0.0000010000	-0.0000603368	9.3361742851E-9	-0.0000058719	6.0000000000E-10	11.800	29.000
6/24/2022	11:52 PM	0.0540608900	45.800	48.000	50.000	0.0000010000	-0.0000603363	6.6932223251E-9	-0.0000058774	1.2455915849E-9	11.800	29.000
6/24/2022	11:53 PM	0.0515464300	45.800	48.000	50.000	0.0000010000	-0.0000603423	8.9415536309E-9	-0.0000058706	6.4510098534E-10	11.800	29.000
6/24/2022	11:54 PM	0.0490319700	45.800	48.000	50.000	0.0000010000	-0.0000603366	7.8053774974E-9	-0.0000058742	8.5474424673E-10	11.800	29.000
6/24/2022	11:54 PM	0.0465175100	45.800	48.000	50.000	0.0000010000	-0.0000603424	1.1661263423E-8	-0.0000058378	2.4193571112E-9	11.800	29.000
6/24/2022	11:55 PM	0.0440030500	45.800	48.000	50.000	0.0000010000	-0.0000603259	1.1516778597E-8	-0.0000058702	4.7602787773E-10	11.800	29.000
6/24/2022	11:56 PM	0.0414885900	45.800	48.000	50.000	0.0000010000	-0.0000603126	9.5100308590E-9	-0.0000058664	2.1157785356E-9	11.800	29.000
6/24/2022	11:57 PM	0.0389741300	45.800	48.000	50.000	0.0000010000	-0.0000603063	6.9266048985E-9	-0.0000058837	6.7185085508E-10	11.800	29.000
6/24/2022	11:57 PM	0.0364596700	45.800	48.000	50.000	0.0000010000	-0.0000603291	8.2201712575E-9	-0.0000058653	1.7101066668E-9	11.800	29.000
6/24/2022	11:58 PM	0.0339452100	45.800	48.000	50.000	0.0000010000	-0.0000603091	8.1120703095E-9	-0.0000058705	9.5166481892E-10	11.800	29.000
6/24/2022	11:59 PM	0.0314307500	45.800	48.000	50.000	0.0000010000	-0.0000603264	8.0245432766E-9	-0.0000058846	7.8920243760E-10	11.800	29.000
6/24/2022	11:59 PM	0.0289162900	45.800	48.000	50.000	0.0000010000	-0.0000603293	6.7715375599E-9	-0.0000058746	1.2514889173E-9	11.800	29.000
6/25/2022	12:00 AM	0.0264018300	45.800	48.000	50.000	0.0000010000	-0.0000603250	1.0176611071E-8	-0.0000058673	1.2247448714E-10	11.800	29.000
6/25/2022	12:01 AM	0.0238873700	45.800	48.000	50.000	0.0000010000	-0.0000603178	9.6752333191E-9	-0.0000058865	1.5010018663E-9	11.800	29.000
6/25/2022	12:02 AM	0.0213729100	45.800	48.000	50.000	0.0000010000	-0.0000603214	7.2700453899E-9	-0.0000058703	5.5355339059E-10	11.700	29.000
6/25/2022	12:02 AM	0.0188584500	45.800	48.000	50.000	0.0000010000	-0.0000603169	1.1734567627E-8	-0.0000058601	7.9945530503E-10	11.700	29.000
6/25/2022	12:03 AM	0.0163439900	45.800	48.000	50.000	0.0000010000	-0.0000603146	8.8751063847E-9	-0.0000058568	3.6201194985E-9	11.700	29.000
6/25/2022	12:04 AM	0.0138295300	45.800	48.000	50.000	0.0000010000	-0.0000603177	9.0769973980E-9	-0.0000058636	1.0342685620E-9	11.700	29.000
6/25/2022	12:04 AM	0.0113150700	45.800	48.000	50.000	0.0000010000	-0.0000603012	4.1407452609E-9	-0.0000058272	5.0545126054E-9	11.700	29.000
6/25/2022	12:05 AM	0.0088006100	45.800	48.000	50.000	0.0000010000	-0.0000603192	5.3436221462E-9	-0.0000058752	4.1306485869E-10	11.700	29.000
6/25/2022	12:06 AM	0.0062861500	45.800	48.000	50.000	0.0000010000	-0.0000603165	5.9268670157E-9	-0.0000058747	4.1306485869E-10	11.700	29.000
6/25/2022	12:06 AM	0.0037716900	45.800	48.000	50.000	0.0000010000	-0.0000603257	5.9155053073E-9	-0.0000058694	1.0000000000E-10	11.700	29.000
6/25/2022	12:07 AM	0.0012572300	45.800	48.000	50.000	0.0000010000	-0.0000603149	7.3626902709E-9	-0.0000058618	6.5897105616E-10	11.700	29.000
6/25/2022	12:08 AM	-0.0012572300	45.800	48.000	50.000	0.0000010000	-0.0000603030	8.8527820038E-9	-0.0000058746	7.6485292704E-10	11.700	29.000
6/25/2022	12:09 AM	-0.0037716900	45.800	48.000	50.000	0.0000010000	-0.0000603076	8.6757852733E-9	-0.0000058633	9.7628963278E-10	11.700	29.000
6/25/2022	12:09 AM	-0.0062861500	45.800	48.000	50.000	0.0000010000	-0.0000603213	8.7826361904E-9	-0.0000058681	4.5355339059E-10	11.700	29.000
6/25/2022	12:10 AM	-0.0088006100	45.600	48.000	50.000	0.0000010000	-0.0000603068	6.9849032020E-9	-0.0000058659	4.1402208188E-10	11.700	28.900
6/25/2022	12:11 AM	-0.0113150700	45.600	48.000	50.000	0.0000010000	-0.0000603103	7.0579136874E-9	-0.0000058664	6.3429646484E-10	11.700	29.000
6/25/2022	12:11 AM	-0.0138295300	45.600	48.000	50.000	0.0000010000	-0.0000603176	8.5693508193E-9	-0.0000058858	9.3186001849E-10	11.700	29.000
6/25/2022	12:12 AM	-0.0163439900	45.600	48.000	50.000	0.0000010000	-0.0000603137	6.4217816641E-9	-0.0000058649	7.9346745639E-10	11.700	29.000
6/25/2022	12:13 AM	-0.0188584500	45.600	48.000	50.000	0.0000010000	-0.0000603119	9.2596678223E-9	-0.0000058751	5.6368092477E-10	11.700	29.000
6/25/2022	12:13 AM	-0.0213729100	45.600	48.000	50.000	0.0000010000	-0.0000603207	6.7731720753E-9	-0.0000058666	4.4203384502E-10	11.700	29.000
6/25/2022	12:14 AM	-0.0238873700	45.600	48.000	49.999	0.0000010000	-0.0000603063	6.4715870276E-9	-0.0000058509	2.8744975757E-9	11.700	29.000
6/25/2022	12:15 AM	-0.0264018300	45.600	48.000	50.000	0.0000010000	-0.0000603056	9.0540569867E-9	-0.0000058565	1.4920421583E-9	11.700	29.000
6/25/2022	12:16 AM	-0.0289162900	45.600	48.000	50.000	0.0000010000	-0.0000603191	1.2737903762E-8	-0.0000058768	5.8309518948E-10	11.700	29.000
6/25/2022	12:16 AM	-0.0314307500	45.600	48.000	50.000	0.0000010000	-0.0000603086	6.4791628770E-9	-0.0000058668	6.0415229868E-10	11.700	29.000
6/25/2022	12:17 AM	-0.0339452100	45.600	48.000	50.000	0.0000010000	-0.0000603107	1.1350095986E-8	-0.0000058797	1.3579474285E-9	11.700	29.000
6/25/2022	12:18 AM	-0.0364596700	45.600	48.000	50.000	0.0000010000	-0.0000603050	4.3836847571E-9	-0.0000058808	7.2559935005E-10	11.700	29.000
6/25/2022	12:18 AM	-0.0389741300	45.600	48.000	50.000	0.0000010000	-0.0000602987	7.0857823059E-9	-0.0000058593	2.1614107384E-9	11.700	29.000
6/25/2022	12:19 AM	-0.0414885900	45.600	48.000	50.000	0.0000010000	-0.0000603102	8.4468084545E-9	-0.0000058707	6.0850436627E-10	11.700	28.900
6/25/2022	12:20 AM	-0.0440030500	45.600	48.000	50.000	0.0000010000	-0.0000602974	8.0457933212E-9	-0.0000058733	4.7855777343E-10	11.600	29.000
6/25/2022	12:21 AM	-0.0465175100	45.600	48.000	50.000	0.0000010000	-0.0000602994	9.6355067257E-9	-0.0000058651	5.4063625993E-10	11.600	29.000
6/25/2022	12:21 AM	-0.0490319700	45.600	48.000	50.000	0.0000010000	-0.0000603198	1.0800933395E-8	-0.0000058709	1.0021974055E-9	11.600	29.000
6/25/2022	12:22 AM	-0.0515464300	45.600	48.000	50.000	0.0000010000	-0.0000602996	1.0802642353E-8	-0.0000058629	6.7008771255E-10	11.600	28.900
6/25/2022	12:23 AM	-0.0540608900	45.600	48.000	50.000	0.0000010000	-0.0000603165	7.3308136751E-9	-0.0000058727	6.4420493634E-10	11.600	29.000
6/25/2022	12:23 AM	-0.0565753500	45.600	48.000	50.000	0.0000010000	-0.0000603056	5.6273481452E-9	-0.0000058611	1.1345783582E-9	11.600	28.900
6/25/2022	12:24 AM	-0.0590898100	45.600	48.000	50.000	0.0000010000	-0.0000602910	6.0630476086E-9	-0.0000058576	9.5519744413E-10	11.600	29.000
6/25/2022	12:25 AM	-0.0616042700	45.600	48.000	50.000	0.0000010000	-0.0000603067	9.3055090198E-9	-0.0000058735	9.3186001849E-10	11.600	28.900
6/25/2022	12:26 AM	-0.0641187300	45.600	48.000	50.000	0.0000010000	-0.0000603061	9.9686939244E-9	-0.0000058626	1.3592554199E-9	11.600	29.000
6/25/2022	12:26 AM	-0.0666331900	45.600	48.000	50.000	0.0000010000	-0.0000602990	9.2333600130E-9	-0.0000058813	7.2166385809E-10	11.600	28.900
6/25/2022	12:27 AM	-0.0691476500	45.600	48.000	50.000	0.0000010000	-0.0000602876	5.1391732169E-9	-0.0000058669	2.5811388301E-10	11.600	28.900
6/25/2022	12:28 AM	-0.0716621100	45.600	48.000	50.000	0.0000010000	-0.0000602893	8.3374337303E-9	-0.0000058869	1.2961416671E-9	11.600	28.900
6/25/2022	12:28 AM	-0.0741765700	0.900	48.000	50.000	0.0000010000	-0.0000602962	7.0427897678E-9	-0.0000058248	3.9403124237E-9	11.600	28.900
6/25/2022	12:29 AM	-0.0766910300	45.600	48.000	50.000	0.0000010000	-0.0000602963	7.0331969820E-9	-0.0000058564	1.2467344941E-9	11.600	28.900
6/25/2022	12:30 AM	-0.0792054900	45.600	48.000	50.000	0.0000010000	-0.0000603058	9.6102842497E-9	-0.0000058724	1.0066157946E-9	11.600	28.900
6/25/2022	12:30 AM	-0.0817199500	45.600	48.000	50.000	0.0000010000	-0.0000602866	1.3242540363E-8	-0.0000058678	1.2247448714E-10	11.600	28.900
6/25/2022	12:31 AM	-0.0842344100	45.600	48.000	50.000	0.0000010000	-0.0000602933	1.0525264723E-8	-0.0000058866	8.3832137633E-10	11.600	28.900
6/25/2022	12:32 AM	-0.0867488700	45.600	48.000	50.000	0.0000010000	-0.0000602948	1.2746041717E-8	-0.0000058706	7.5746071035E-10	11.600	28.900
6/25/2022	12:33 AM	-0.0892633300	45.600	48.000	50.000	0.0000010000	-0.0000603068	1.1480478568E-8	-0.0000058731	9.8881944173E-10	11.600	28.900
6/25/2022	12:33 AM	-0.0917777900	45.600	48.000	50.000	0.0000010000	-0.0000603100	7.2798982982E-9	-0.0000058776	1.2395556479E-9	11.600	28.900
6/25/2022	12:34 AM	-0.0942922500	45.600	48.000	50.000	0.0000010000	-0.0000602964	6.6589817448E-9	-0.0000044859	4.1622776602E-10	11.600	28.900
6/25/2022	12:35 AM	-0.0968067100	45.600	48.000	50.000	0.0000010000	-0.0000602888	4.0921515996E-9	-0.0000044962	1.3592554199E-9	11.600	28.900
6/25/2022	12:35 AM	-0.0993211700	45.600	48.000	50.000	0.0000010000	-0.0000603055	1.0810897832E-8	-0.0000044864	2.9154759474E-10	11.600	28.900
6/25/2022	12:36 AM	-0.1018356300	45.600	48.000	50.000	0.0000010000	-0.0000602938	1.1773858736E-8	-0.0000044848	1.1086041933E-9	11.600	28.900
6/25/2022	12:37 AM	-0.1043500900	45.600	48.000	50.000	0.0000010000	-0.0000603007	4.8975515576E-9	-0.0000044863	5.3166247904E-10	11.600	28.900
6/25/2022	12:38 AM	-0.1068645500	45.600	48.000	50.000	0.0000010000	-0.0000602867	5.2798869850E-9	-0.0000044714	1.3403564429E-9	11.600	28.900
6/25/2022	12:38 AM	-0.1093790100	45.600	48.000	50.000	0.0000010000	-0.0000602959	8.8770005565E-9	-0.0000045079	1.7009725955E-9	11.600	28.900
6/25/2022	12:39 AM	-0.1118934700	45.600	48.000	50.000	0.0000010000	-0.0000602943	9.0032541230E-9	-0.0000044388	4.7254095651E-9	11.600	28.900
6/25/2022	12:40 AM	-0.1144079300	45.600	48.000	50.000	0.0000010000	-0.0000602793	9.4626926016E-9	-0.0000044903	1.0168783487E-9	11.600	28.900
6/25/2022	12:40 AM	-0.1169223900	45.600	48.000	50.000	0.0000010000	-0.0000602955	8.2573678849E-9	-0.0000044879	1.0000000000E-10	11.600	28.900
6/25/2022	12:41 AM	-0.1194368500	0.900	48.000	50.000	0.0000010000	-0.0000602964	1.4329483335E-8	-0.0000044798	1.2806248475E-9	11.600	28.900
6/25/2022	12:42 AM	-0.1219513100	45.600	48.000	50.000	0.0000010000	-0.0000602814	1.2555305985E-8	-0.0000044740	1.3535533906E-9	11.600	28.900
6/25/2022	12:43 AM	-0.1244657700	45.600	48.000	50.000	0.0000010000	-0.0000602843	7.8150700504E-9	-0.0000044878	6.4420493634E-10	11.600	28.900
6/25/2022	12:43 AM	-0.1269802300	45.600	48.000	50.000	0.0000010000	-0.0000602940	8.4393426057E-9	-0.0000044800	5.0990195136E-10	11.500	28.900
6/25/2022	12:44 AM	-0.1294946900	45.600	48.000	50.000	0.0000010000	-0.0000602945	1.5595565589E-8	-0.0000044740	7.2093678194E-10	11.600	28.900
6/25/2022	12:45 AM	-0.1320091500	45.600	48.000	50.000	0.0000010000	-0.0000603010	7.5598751648E-9	-0.0000044842	2.8708286934E-10	11.500	28.900
6/25/2022	12:45 AM	-0.1345236100	45.600	48.000	50.000	0.0000010000	-0.0000602981	7.9106407220E-9	-0.0000044964	6.6571333342E-10	11.500	28.900
6/25/2022	12:46 AM	-0.1370380700	45.600	48.000	50.000	0.0000010000	-0.0000602883	8.0661162451E-9	-0.0000044731	8.1763500472E-10	11.500	28.900
6/25/2022	12:47 AM	-0.1395525300	45.600	48.000	50.000	0.0000010000	-0.0000602823	7.9675053044E-9	-0.0000044863	9.6397017595E-10	11.500	28.900
6/25/2022	12:47 AM	-0.1420669900	45.600	48.000	50.000	0.0000010000	-0.0000602830	7.6100174078E-9	-0.0000044904	1.0311180853E-9	11.500	28.900
6/25/2022	12:48 AM	-0.1445814500	45.600	48.000	50.000	0.0000010000	-0.0000602747	9.2293424595E-9	-0.0000044634	3.0802730315E-9	11.500	28.900
6/25/2022	12:49 AM	-0.1470959100	45.600	48.000	50.000	0.0000010000	-0.0000602933	6.2284385697E-9	-0.0000044754	1.1409532330E-9	11.500	28.900
6/25/2022	12:50 AM	-0.1496103700	45.600	48.000	50.000	0.0000010000	-0.0000603026	7.9880724947E-9	-0.0000044872	6.3851648071E-10	11.500	28.900
6/25/2022	12:50 AM	-0.1521248300	45.600	48.000	50.000	0.0000010000	-0.0000602881	5.8251768505E-9	-0.0000044641	1.7810125283E-9	11.500	28.900
6/25/2022	12:51 AM	-0.1546392900	45.600	48.000	50.000	0.0000010000	-0.0000602981	6.4839914959E-9	-0.0000044709	8.4010949186E-10	11.500	28.900
6/25/2022	12:52 AM	-0.1571537500	45.600	48.000	50.000	0.0000010000	-0.0000602946	8.5198484478E-9	-0.0000044814	2.9154759474E-10	11.500	28.900
6/25/2022	12:52 AM	-0.1596682100	45.600	48.000	50.000	0.0000010000	-0.0000602904	5.1961956696E-9	-0.0000044525	3.3816600858E-9	11.500	28.900
6/25/2022	12:53 AM	-0.1621826700	45.600	48.000	50.000	0.0000010000	-0.0000602816	7.3584311163E-9	-0.0000044888	1.1120253482E-9	11.500	28.900
6/25/2022	12:54 AM	-0.1646971300	45.600	48.000	50.000	0.0000010000	-0.0000602913	8.3399646018E-9	-0.0000044700	1.9179848820E-9	11.500	28.900
6/25/2022	12:55 AM	-0.1672115900	45.600	48.000	50.000	0.0000010000	-0.0000602834	7.3470899445E-9	-0.0000044794	1.4385437231E-9	11.500	28.900
6/25/2022	12:55 AM	-0.1697260500	45.600	48.000	50.000	0.0000010000	-0.0000602780	6.3980320719E-9	-0.0000044916	1.0723703933E-9	11.500	28.900
6/25/2022	12:56 AM	-0.1722405100	45.600	48.000	50.000	0.0000010000	-0.0000602788	6.8360870284E-9	-0.0000044622	1.1156011653E-9	11.500	28.900
6/25/2022	12:57 AM	-0.1747549700	45.600	48.000	50.000	0.0000010000	-0.0000602979	8.9655443292E-9	-0.0000044795	1.1144447189E-9	11.500	28.900
6/25/2022	12:57 AM	-0.1772694300	45.600	48.000	50.000	0.0000010000	-0.0000602872	4.4040973648E-9	-0.0000044930	1.4509996003E-9	11.500	28.900
6/25/2022	12:58 AM	-0.1797838900	45.600	48.000	50.000	0.0000010000	-0.0000602880	7.3530588263E-9	-0.0000044617	3.3737482768E-9	11.500	28.900
6/25/2022	12:59 AM	-0.1822983500	45.600	48.000	50.000	0.0000010000	-0.0000602822	6.1547307181E-9	-0.0000044692	8.0670198723E-10	11.500	28.900
6/25/2022	12:59 AM	-0.1848128100	45.600	48.000	50.000	0.0000010000	-0.0000602810	6.4413435482E-9	-0.0000044860	5.7716018834E-10	11.500	28.900
6/25/2022	1:00 AM	-0.1873272700	45.600	48.000	50.000	0.0000010000	-0.0000602867	5.6930844477E-9	-0.0000044845	7.6667942348E-10	11.500	28.900
6/25/2022	1:01 AM	-0.1898417300	45.600	48.000	50.000	0.0000010000	-0.0000602872	6.8624244018E-9	-0.0000044886	5.0990195136E-10	11.500	28.900
6/25/2022	1:02 AM	-0.1923561900	45.600	48.000	50.000	0.0000010000	-0.0000602842	5.9458709751E-9	-0.0000044966	3.7742546282E-10	11.500	28.900
6/25/2022	1:02 AM	-0.1948706500	45.600	48.000	50.000	0.0000010000	-0.0000602902	7.5889605543E-9	-0.0000044779	5.5259075049E-10	11.500	28.900
6/25/2022	1:03 AM	-0.1973851100	45.600	48.000	50.000	0.0000010000	-0.0000602938	1.0158695500E-8	-0.0000044731	9.9247166206E-10	11.500	28.900
6/25/2022	1:04 AM	-0.1998995700	45.600	48.000	50.000	0.0000010000	-0.0000602836	4.7459247064E-9	-0.0000044654	2.3831976611E-9	11.500	28.900
6/25/2022	1:04 AM	-0.2024140300	45.600	48.000	50.000	0.0000010000	-0.0000602911	7.5134910520E-9	-0.0000044690	1.1545918207E-9	11.500	28.900
6/25/2022	1:05 AM	-0.2049284900	45.600	48.000	50.000	0.0000010000	-0.0000602808	1.0114454047E-8	-0.0000044843	9.3664858008E-10	11.500	28.900
6/25/2022	1:06 AM	-0.2074429500	45.600	48.000	50.000	0.0000010000	-0.0000602909	5.1096821065E-9	-0.0000044876	3.2247448714E-10	11.500	28.900
6/25/2022	1:06 AM	-0.2099574100	45.600	48.000	50.000	0.0000010000	-0.0000602888	6.6776226800E-9	-0.0000044776	6.4510098534E-10	11.500	28.900
6/25/2022	1:07 AM	-0.2124718700	45.600	48.000	50.000	0.0000010000	-0.0000602954	8.6293751971E-9	-0.0000044788	2.0000000000E-10	11.500	28.900
6/25/2022	1:08 AM	-0.2149863300	45.600	48.000	50.000	0.0000010000	-0.0000602649	2.7766791750E-9	-0.0000044915	3.2247448714E-10	11.500	28.900
6/25/2022	1:09 AM	-0.2175007900	45.600	48.000	50.000	0.0000010000	-0.0000602803	8.9526067125E-9	-0.0000044830	1.7776388835E-9	11.500	28.900
6/25/2022	1:09 AM	-0.2200152500	45.600	48.000	50.000	0.0000010000	-0.0000602857	7.8808480014E-9	-0.0000044671	1.5703661856E-9	11.500	28.900
6/25/2022	1:10 AM	-0.2225297100	45.700	48.000	50.000	0.0000010000	-0.0000602832	6.5400612405E-9	-0.0000044914	3.0955735648E-10	11.500	28.900
6/25/2022	1:11 AM	-0.2250441700	45.700	48.000	50.000	0.0000010000	-0.0000602862	9.0177398745E-9	-0.0000044887	2.0000000000E-10	11.500	28.900
6/25/2022	1:11 AM	-0.2275586300	45.700	48.000	50.000	0.0000010000	-0.0000602932	9.8314440371E-9	-0.0000044861	1.1146540728E-9	11.500	28.900
6/25/2022	1:12 AM	-0.2300730900	45.700	48.000	50.000	0.0000010000	-0.0000602885	1.1663794464E-8	-0.0000044701	9.9386581434E-10	11.500	28.900
6/25/2022	1:13 AM	-0.2325875500	45.700	48.000	50.000	0.0000010000	-0.0000602716	5.8468945414E-9	-0.0000044895	6.3725599419E-10	11.500	28.900
6/25/2022	1:13 AM	-0.2351020100	45.700	48.000	50.000	0.0000010000	-0.0000602837	6.5594747614E-9	-0.0000045056	2.1833977764E-9	11.500	28.900
6/25/2022	1:14 AM	-0.2376164700	45.700	48.000	50.000	0.0000010000	-0.0000602696	5.0348738010E-9	-0.0000044766	1.0002039759E-9	11.500	28.900
6/25/2022	1:15 AM	-0.2401309300	45.700	48.000	50.000	0.0000010000	-0.0000602854	7.0265069759E-9	-0.0000044889	6.4510098534E-10	11.500	28.900
6/25/2022	1:16 AM	-0.2426453900	45.700	48.000	50.000	0.0000010000	-0.0000602816	7.7292889882E-9	-0.0000044822	3.7416573868E-10	11.400	28.900
6/25/2022	1:17 AM	-0.2451598500	45.700	48.000	50.000	0.0000010000	-0.0000602699	7.0736923975E-9	-0.0000044866	4.4966147775E-10	11.400	28.900
6/25/2022	1:17 AM	-0.2476743100	45.700	48.000	50.000	0.0000010000	-0.0000602723	6.1365111882E-9	-0.0000044764	6.3066409390E-10	11.400	28.900
6/25/2022	1:18 AM	-0.2501887700	45.700	48.000	50.000	0.0000010000	-0.0000602911	5.8790803983E-9	-0.0000044908	7.2166385809E-10	11.400	28.900
6/25/2022	1:19 AM	-0.2527032300	45.700	48.000	50.000	0.0000010000	-0.0000602873	1.1288329369E-8	-0.0000044749	1.1039416252E-9	11.400	28.900
6/25/2022	1:20 AM	-0.2552176900	45.700	48.000	50.000	0.0000010000	-0.0000602788	5.2529992208E-9	-0.0000044809	9.3874768826E-10	11.400	28.900
6/25/2022	1:20 AM	-0.2577321500	45.700	48.000	50.000	0.0000010000	-0.0000602792	1.2101847653E-8	-0.0000045199	2.4839636042E-9	11.400	28.900
6/25/2022	1:21 AM	-0.2602466100	45.700	48.000	50.000	0.0000010000	-0.0000602760	5.5348891628E-9	-0.0000044410	6.4700721975E-9	11.400	28.900
6/25/2022	1:22 AM	-0.2627610700	45.700	48.000	50.000	0.0000010000	-0.0000602865	1.3371423408E-8	-0.0000044900	6.6115289591E-10	11.400	28.900
6/25/2022	1:22 AM	-0.2652755300	45.700	48.000	50.000	0.0000010000	-0.0000602725	1.2177695081E-8	-0.0000044935	1.1813159295E-9	11.400	28.900
6/25/2022	1:23 AM	-0.2677899900	45.700	48.000	50.000	0.0000010000	-0.0000602686	1.1346445593E-8	-0.0000044951	1.1149461492E-9	11.400	28.900
6/25/2022	1:24 AM	-0.2703044500	0.900	48.000	50.000	0.0000010000	-0.0000602822	6.6346606656E-9	-0.0000044928	4.9154759474E-10	11.400	28.900
6/25/2022	1:24 AM	-0.2728189100	45.700	48.000	50.000	0.0000010000	-0.0000602906	8.8363539751E-9	-0.0000044853	5.8309518948E-10	11.400	28.900
6/25/2022	1:25 AM	-0.2753333700	45.700	48.000	50.000	0.0000010000	-0.0000602828	7.2851349129E-9	-0.0000044710	1.3525003665E-9	11.400	28.900
6/25/2022	1:26 AM	-0.2778478300	45.700	48.000	50.000	0.0000010000	-0.0000602716	6.4129109222E-9	-0.0000044795	7.4031242374E-10	11.400	28.900
6/25/2022	1:27 AM	-0.2803622900	45.700	48.000	50.000	0.0000010000	-0.0000602750	1.1800896657E-8	-0.0000044836	1.0086667056E-9	11.400	28.900
6/25/2022	1:27 AM	-0.2828767500	45.700	48.000	50.000	0.0000010000	-0.0000602828	1.0080922490E-8	-0.0000044741	5.8823014636E-10	11.400	28.900
6/25/2022	1:28 AM	-0.2853912100	45.700	48.000	50.000	0.0000010000	-0.0000602723	1.1334368252E-8	-0.0000044881	1.4795675084E-9	11.400	28.900
6/25/2022	1:29 AM	-0.2879056700	45.700	48.000	50.000	0.0000010000	-0.0000602771	5.4056243183E-9	-0.0000044748	8.2143884108E-10	11.400	28.900
6/25/2022	1:29 AM	-0.2904201300	45.700	48.000	50.000	0.0000010000	-0.0000602802	4.8773414027E-9	-0.0000044866	1.0000000000E-10	11.400	28.900
6/25/2022	1:30 AM	-0.2929345900	45.700	48.000	50.000	0.0000010000	-0.0000602827	4.2594108925E-9	-0.0000044811	1.6995784433E-9	11.400	28.900
6/25/2022	1:31 AM	-0.2954490500	45.700	48.000	50.000	0.0000010000	-0.0000602636	6.5582827762E-9	-0.0000044982	1.3217525315E-9	11.400	28.900
6/25/2022	1:31 AM	-0.2979635100	45.700	48.000	50.000	0.0000010000	-0.0000602849	5.5242204107E-9	-0.0000044828	9.1488424909E-10	11.400	28.900
6/25/2022	1:32 AM	-0.3004779700	45.700	48.000	50.000	0.0000010000	-0.0000602649	1.0911570743E-8	-0.0000044772	6.3011626335E-10	11.400	28.900
6/25/2022	1:33 AM	-0.3004779700	45.700	48.000	50.000	0.0000010000	-0.0000602794	6.1590738779E-9	-0.0000044878	4.4203384502E-10	11.400	28.900
6/25/2022	1:33 AM	-0.2979635100	45.700	48.000	50.000	0.0000010000	-0.0000602711	6.6668131182E-9	-0.0000044776	7.8190908485E-10	11.400	28.900
6/25/2022	1:34 AM	-0.2954490500	45.700	48.000	50.000	0.0000010000	-0.0000602876	6.0134129042E-9	-0.0000044959	1.3511126801E-9	11.400	28.900
6/25/2022	1:35 AM	-0.2929345900	45.700	48.000	50.000	0.0000010000	-0.0000602769	7.5312367652E-9	-0.0000044873	3.3911649916E-10	11.400	28.900
6/25/2022	1:36 AM	-0.2904201300	45.700	48.000	50.000	0.0000010000	-0.0000602768	3.5136177675E-9	-0.0000044876	4.4203384502E-10	11.400	28.900
6/25/2022	1:36 AM	-0.2879056700	45.700	48.000	50.000	0.0000010000	-0.0000602863	5.9939245138E-9	-0.0000044977	1.1707877060E-9	11.400	28.900
6/25/2022	1:37 AM	-0.2853912100	45.700	48.000	50.000	0.0000010000	-0.0000602642	1.0272407349E-8	-0.0000044792	3.9154759474E-10	11.400	28.900
6/25/2022	1:38 AM	-0.2828767500	45.700	48.000	50.000	0.0000010000	-0.0000602773	1.0939444233E-8	-0.0000044889	5.8615541191E-10	11.400	28.900
6/25/2022	1:38 AM	-0.2803622900	45.700	48.000	50.000	0.0000010000	-0.0000602786	9.4376053411E-9	-0.0000045047	1.7634391710E-9	11.400	28.900
6/25/2022	1:39 AM	-0.2778478300	45.700	48.000	50.000	0.0000010000	-0.0000602784	5.0680101804E-9	-0.0000044805	3.7742546282E-10	11.400	28.900
6/25/2022	1:40 AM	-0.2753333700	45.700	48.000	50.000	0.0000010000	-0.0000602658	6.9352909849E-9	-0.0000044861	1.9493571121E-9	11.400	28.900
6/25/2022	1:40 AM	-0.2728189100	45.700	48.000	50.000	0.0000010000	-0.0000602743	3.8161875385E-9	-0.0000044795	3.2247448714E-10	11.400	28.900
6/25/2022	1:41 AM	-0.2703044500	45.700	48.000	50.000	0.0000010000	-0.0000602851	7.0088862598E-9	-0.0000044911	6.3011626335E-10	11.400	28.900
6/25/2022	1:42 AM	-0.2677899900	45.700	48.000	50.000	0.0000010000	-0.0000602817	8.3652043173E-9	-0.0000044876	4.3011626335E-10	11.400	28.900
6/25/2022	1:43 AM	-0.2652755300	45.700	48.000	50.000	0.0000010000	-0.0000602689	7.1255759079E-9	-0.0000044799	9.3794980865E-10	11.400	28.900
6/25/2022	1:43 AM	-0.2627610700	45.700	48.000	50.000	0.0000010000	-0.0000602743	5.3951238675E-9	-0.0000044807	7.7439472766E-10	11.400	28.900
6/25/2022	1:44 AM	-0.2602466100	45.700	48.000	50.000	0.0000010000	-0.0000602825	9.2486846041E-9	-0.0000044927	8.0428200203E-10	11.400	28.900
6/25/2022	1:45 AM	-0.2577321500	45.700	48.000	50.000	0.0000010000	-0.0000602816	8.7200484437E-9	-0.0000044632	1.8617272002E-9	11.400	28.900
6/25/2022	1:45 AM	-0.2552176900	45.700	48.000	50.000	0.0000010000	-0.0000602761	9.1400496522E-9	-0.0000044805	7.2662678582E-10	11.400	28.900
6/25/2022	1:46 AM	-0.2527032300	45.700	48.000	50.000	0.0000010000	-0.0000602688	1.1450719303E-8	-0.0000044795	9.4471840095E-10	11.400	28.900
6/25/2022	1:47 AM	-0.2501887700	45.700	48.000	50.000	0.0000010000	-0.0000602756	4.2914791658E-9	-0.0000044767	7.7008771255E-10	11.400	28.900
6/25/2022	1:48 AM	-0.2476743100	45.700	48.000	50.000	0.0000010000	-0.0000602799	6.7707765359E-9	-0.0000044811	7.8880488828E-10	11.400	28.900
6/25/2022	1:48 AM	-0.2451598500	45.700	48.000	50.000	0.0000010000	-0.0000602835	1.0054351450E-8	-0.0000044922	2.5495097568E-10	11.400	28.900
6/25/2022	1:49 AM	-0.2426453900	45.700	48.000	50.000	0.0000010000	-0.0000602774	1.0437615578E-8	-0.0000044839	6.6368092477E-10	11.400	28.900
6/25/2022	1:50 AM	-0.2401309300	45.700	48.000	50.000	0.0000010000	-0.0000602797	3.5078347168E-9	-0.0000044775	1.2641158308E-9	11.400	28.900
6/25/2022	1:50 AM	-0.2376164700	45.700	48.000	50.000	0.0000010000	-0.0000602732	7.2025466857E-9	-0.0000044826	2.5811388301E-10	11.400	28.900
6/25/2022	1:51 AM	-0.2351020100	45.700	48.000	50.000	0.0000010000	-0.0000602630	5.8530495446E-9	-0.0000044500	4.4037246337E-9	11.400	28.900
6/25/2022	1:52 AM	-0.2325875500	45.700	48.000	50.000	0.0000010000	-0.0000602713	9.9597650136E-9	-0.0000044839	1.6360972886E-9	11.400	28.900
6/25/2022	1:52 AM	-0.2300730900	45.700	48.000	50.000	0.0000010000	-0.0000602773	5.4149214023E-9	-0.0000044940	9.3686006053E-10	11.400	28.900
6/25/2022	1:53 AM	-0.2275586300	45.700	48.000	50.000	0.0000010000	-0.0000602842	8.2333061151E-9	-0.0000044812	1.6377955378E-9	11.400	28.900
6/25/2022	1:54 AM	-0.2250441700	45.700	48.000	50.000	0.0000010000	-0.0000602716	8.8798308304E-9	-0.0000044879	7.6278691088E-10	11.400	28.900
6/25/2022	1:55 AM	-0.2225297100	45.700	48.000	50.000	0.0000010000	-0.0000602739	7.8551786264E-9	-0.0000044805	3.2247448714E-10	11.400	28.900
6/25/2022	1:55 AM	-0.2200152500	45.700	48.000	50.000	0.0000010000	-0.0000602790	9.4389085625E-9	-0.0000044701	1.9440575702E-9	11.400	28.900
6/25/2022	1:56 AM	-0.2175007900	45.700	48.000	50.000	0.0000010000	-0.0000602676	8.5231252879E-9	-0.0000044736	5.8615541191E-10	11.400	28.900
6/25/2022	1:57 AM	-0.2149863300	45.700	48.000	50.000	0.0000010000	-0.0000602702	5.5915250900E-9	-0.0000044730	9.8600225733E-10	11.400	28.900
6/25/2022	1:57 AM	-0.2124718700	45.700	48.000	50.000	0.0000010000	-0.0000602747	7.8509706471E-9	-0.0000044850	2.4494897428E-10	11.400	28.900
6/25/2022	1:58 AM	-0.2099574100	45.700	48.000	50.000	0.0000010000	-0.0000602757	6.4734264026E-9	-0.0000044676	1.8149649289E-9	11.400	28.900
6/25/2022	1:59 AM	-0.2074429500	45.700	48.000	50.000	0.0000010000	-0.0000602665	4.6065079391E-9	-0.0000044742	3.9633576589E-10	11.400	28.900
6/25/2022	1:59 AM	-0.2049284900	45.700	48.000	50.000	0.0000010000	-0.0000602728	5.8749313376E-9	-0.0000044782	7.9123516802E-10	11.400	28.900
6/25/2022	2:00 AM	-0.2024140300	45.700	48.000	50.000	0.0000010000	-0.0000602816	4.2104229548E-9	-0.0000044696	1.4011456724E-9	11.400	28.900
6/25/2022	2:01 AM	-0.1998995700	45.700	48.000	50.000	0.0000010000	-0.0000602659	8.6800434175E-9	-0.0000044638	1.9043640834E-9	11.400	28.900
6/25/2022	2:02 AM	-0.1973851100	45.700	48.000	50.000	0.0000010000	-0.0000602766	6.1959978381E-9	-0.0000044457	3.5589810121E-9	11.400	28.900
6/25/2022	2:02 AM	-0.1948706500	45.700	48.000	50.000	0.0000010000	-0.0000602774	9.2027312123E-9	-0.0000044825	1.0089081085E-9	11.400	28.900
6/25/2022	2:03 AM	-0.1923561900	45.700	48.000	50.000	0.0000010000	-0.0000602775	6.4075807382E-9	-0.0000044809	9.7008771255E-10	11.400	28.900
6/25/2022	2:04 AM	-0.1898417300	45.700	48.000	50.000	0.0000010000	-0.0000602854	4.5957705401E-9	-0.0000044768	7.5522851952E-10	11.400	28.900
6/25/2022	2:04 AM	-0.1873272700	45.700	48.000	50.000	0.0000010000	-0.0000602745	5.2677989522E-9	-0.0000044825	4.5495097568E-10	11.400	28.900
6/25/2022	2:05 AM	-0.1848128100	45.700	48.000	50.000	0.0000010000	-0.0000602817	4.3390631800E-9	-0.0000044870	3.9154759474E-10	11.400	28.900
6/25/2022	2:06 AM	-0.1822983500	45.700	48.000	50.000	0.0000010000	-0.0000602858	4.4529958872E-9	-0.0000044924	1.3525003665E-9	11.400	28.900
6/25/2022	2:07 AM	-0.1797838900	45.700	48.000	50.000	0.0000010000	-0.0000602834	8.2453620347E-9	-0.0000045006	1.1788289045E-9	11.400	28.900
6/25/2022	2:07 AM	-0.1772694300	45.700	48.000	50.000	0.0000010000	-0.0000602756	9.2321710480E-9	-0.0000044887	4.7416573868E-10	11.400	28.900
6/25/2022	2:08 AM	-0.1747549700	45.700	48.000	50.000	0.0000010000	-0.0000602886	6.9562492166E-9	-0.0000044877	1.4558237748E-9	11.400	28.900
6/25/2022	2:09 AM	-0.1722405100	45.700	48.000	50.000	0.0000010000	-0.0000602799	6.3278810625E-9	-0.0000044858	1.2549509757E-9	11.400	28.900
6/25/2022	2:09 AM	-0.1697260500	45.700	48.000	50.000	0.0000010000	-0.0000602718	8.8594453149E-9	-0.0000044753	1.0677078252E-9	11.400	28.900
6/25/2022	2:10 AM	-0.1672115900	41.000	48.000	50.000	0.0000010000	-0.0000602825	5.7374070531E-9	-0.0000044749	1.0704262972E-9	11.400	28.900
6/25/2022	2:11 AM	-0.1646971300	41.000	48.000	50.000	0.0000010000	-0.0000602646	8.3909390290E-9	-0.0000044942	3.4608128489E-10	11.400	28.900
6/25/2022	2:12 AM	-0.1621826700	41.000	48.000	50.000	0.0000010000	-0.0000602804	1.0631546590E-8	-0.0000044731	4.8989794856E-10	11.300	28.900
6/25/2022	2:12 AM	-0.1596682100	41.000	48.000	50.000	0.0000010000	-0.0000602809	7.8137395386E-9	-0.0000044937	7.7439472766E-10	11.300	28.900
6/25/2022	2:13 AM	-0.1571537500	41.000	48.000	50.000	0.0000010000	-0.0000602752	8.9751388717E-9	-0.0000044715	1.0154753215E-9	11.400	28.900
6/25/2022	2:14 AM	-0.1546392900	41.000	48.000	50.000	0.0000010000	-0.0000602771	8.1525068755E-9	-0.0000044820	8.5355339059E-10	11.300	28.900
6/25/2022	2:14 AM	-0.1521248300	41.000	48.000	50.000	0.0000010000	-0.0000602731	8.1834866092E-9	-0.0000044768	9.2764726786E-10	11.400	28.900
6/25/2022	2:15 AM	-0.1496103700	41.000	48.000	50.000	0.0000010000	-0.0000602788	9.7315095422E-9	-0.0000044728	1.1819090848E-9	11.300	28.900
6/25/2022	2:16 AM	-0.1470959100	41.000	48.000	50.000	0.0000010000	-0.0000602736	8.6836595088E-9	-0.0000045010	7.9369451030E-10	11.300	28.900
6/25/2022	2:17 AM	-0.1445814500	41.000	48.000	50.000	0.0000010000	-0.0000602754	7.2547718964E-9	-0.0000044783	1.8160393026E-9	11.300	28.900
6/25/2022	2:17 AM	-0.1420669900	41.000	48.000	50.000	0.0000010000	-0.0000602738	9.6822475726E-9	-0.0000044822	4.1306485869E-10	11.300	28.900
6/25/2022	2:18 AM	-0.1395525300	41.000	48.000	50.000	0.0000010000	-0.0000602652	6.2564552047E-9	-0.0000044927	6.8728772252E-10	11.300	28.900
6/25/2022	2:19 AM	-0.1370380700	41.000	48.000	50.000	0.0000010000	-0.0000602817	9.2796555611E-9	-0.0000044823	5.5259075049E-10	11.300	28.900
6/25/2022	2:19 AM	-0.1345236100	41.000	48.000	50.000	0.0000010000	-0.0000602674	7.2944085555E-9	-0.0000044868	1.2260064679E-9	11.300	28.900
6/25/2022	2:20 AM	-0.1320091500	41.000	48.000	50.000	0.0000010000	-0.0000602852	9.1893366770E-9	-0.0000044807	8.2540150734E-10	11.300	28.900
6/25/2022	2:21 AM	-0.1294946900	41.000	48.000	50.000	0.0000010000	-0.0000602801	6.0602881971E-9	-0.0000044694	8.6368092477E-10	11.300	28.900
6/25/2022	2:21 AM	-0.1269802300	41.000	48.000	50.000	0.0000010000	-0.0000602713	6.6952365359E-9	-0.0000044976	1.0525282490E-9	11.300	28.900
6/25/2022	2:22 AM	-0.1244657700	41.000	48.000	50.000	0.0000010000	-0.0000602698	6.4354148533E-9	-0.0000044911	4.3011626335E-10	11.300	28.900
6/25/2022	2:23 AM	-0.1219513100	41.000	48.000	50.000	0.0000010000	-0.0000602818	7.7306831993E-9	-0.0000044898	3.0000000000E-10	11.300	28.900
6/25/2022	2:24 AM	-0.1194368500	41.000	48.000	50.000	0.0000010000	-0.0000602735	3.6392621428E-9	-0.0000044946	8.5910327436E-10	11.300	28.900
6/25/2022	2:24 AM	-0.1169223900	41.000	48.000	50.000	0.0000010000	-0.0000602782	6.3678569492E-9	-0.0000044918	5.5259075049E-10	11.300	28.900
6/25/2022	2:25 AM	-0.1144079300	41.000	48.000	50.000	0.0000010000	-0.0000602807	6.9724592525E-9	-0.0000044996	1.4067224315E-9	11.300	28.900
6/25/2022	2:26 AM	-0.1118934700	41.000	48.000	50.000	0.0000010000	-0.0000602773	7.0811961728E-9	-0.0000044926	8.6345534195E-10	11.300	28.900
6/25/2022	2:26 AM	-0.1093790100	41.000	48.000	50.000	0.0000010000	-0.0000602905	7.9635256694E-9	-0.0000044805	1.2791562463E-9	11.300	28.900
6/25/2022	2:27 AM	-0.1068645500	41.000	48.000	50.000	0.0000010000	-0.0000602945	9.8478384666E-9	-0.0000044875	1.0066157946E-9	11.300	28.900
6/25/2022	2:28 AM	-0.1043500900	41.000	48.000	50.000	0.0000010000	-0.0000602748	6.2894593639E-9	-0.0000044913	1.1795545314E-9	11.300	28.900
6/25/2022	2:29 AM	-0.1018356300	41.000	48.000	50.000	0.0000010000	-0.0000602750	6.6820240582E-9	-0.0000044752	1.3266499161E-9	11.300	28.900
6/25/2022	2:29 AM	-0.0993211700	41.000	48.000	50.000	0.0000010000	-0.0000602673	5.6746927856E-9	-0.0000044826	1.2464201476E-9	11.300	28.900
6/25/2022	2:30 AM	-0.0968067100	41.000	48.000	50.000	0.0000010000	-0.0000602792	6.4793623767E-9	-0.0000044842	3.7416573868E-10	11.300	28.900
6/25/2022	2:31 AM	-0.0942922500	0.900	48.000	50.000	0.0000010000	-0.0000602689	7.4866035359E-9	-0.0000044796	8.0632910179E-10	11.300	28.900
6/25/2022	2:31 AM	-0.0917777900	41.000	48.000	50.000	0.0000010000	-0.0000602904	7.3401498541E-9	-0.0000044781	6.6099096785E-10	11.300	28.900
6/25/2022	2:32 AM	-0.0892633300	41.000	48.000	50.000	0.0000010000	-0.0000602712	6.6670576332E-9	-0.0000044733	1.7688319268E-9	11.300	28.900
6/25/2022	2:33 AM	-0.0867488700	41.000	48.000	50.000	0.0000010000	-0.0000602760	9.3601993506E-9	-0.0000044979	1.3283696624E-9	11.300	28.900
6/25/2022	2:33 AM	-0.0842344100	41.000	48.000	50.000	0.0000010000	-0.0000602715	6.9787288058E-9	-0.0000044843	8.3631818358E-10	11.300	28.900
6/25/2022	2:34 AM	-0.0817199500	41.000	48.000	50.000	0.0000010000	-0.0000602711	7.5659145226E-9	-0.0000044768	7.4031242374E-10	11.300	28.900
6/25/2022	2:35 AM	-0.0792054900	41.000	48.000	50.000	0.0000010000	-0.0000602781	7.1426294824E-9	-0.0000044878	5.3851648071E-10	11.300	28.900
6/25/2022	2:35 AM	-0.0766910300	41.000	48.000	50.000	0.0000010000	-0.0000602683	1.0016666693E-8	-0.0000044852	3.0955735648E-10	11.300	28.900
6/25/2022	2:36 AM	-0.0741765700	41.000	48.000	50.000	0.0000010000	-0.0000602790	9.7714887774E-9	-0.0000044850	7.1863190045E-10	11.300	28.900
6/25/2022	2:37 AM	-0.0716621100	41.000	48.000	50.000	0.0000010000	-0.0000602747	8.0897869270E-9	-0.0000044920	1.3615011805E-9	11.300	28.900
6/25/2022	2:38 AM	-0.0691476500	41.000	48.000	50.000	0.0000010000	-0.0000602724	7.3718410398E-9	-0.0000044835	2.8708286934E-10	11.300	28.900
6/25/2022	2:38 AM	-0.0666331900	41.000	48.000	49.999	0.0000010000	-0.0000602638	1.0098668630E-8	-0.0000044708	1.5945207552E-9	11.300	28.900
6/25/2022	2:39 AM	-0.0641187300	41.000	48.000	50.000	0.0000010000	-0.0000602698	8.3128318650E-9	-0.0000044985	1.5335784049E-9	11.300	28.900
6/25/2022	2:40 AM	-0.0616042700	41.000	48.000	50.000	0.0000010000	-0.0000602736	5.4754542207E-9	-0.0000044743	1.1052182095E-9	11.300	28.900
6/25/2022	2:40 AM	-0.0590898100	41.000	48.000	50.000	0.0000010000	-0.0000602713	8.7084981564E-9	-0.0000044893	4.7863046408E-10	11.300	28.900
6/25/2022	2:41 AM	-0.0565753500	41.000	48.000	50.000	0.0000010000	-0.0000602668	5.8081396019E-9	-0.0000044780	5.2867640737E-10	11.300	28.900
6/25/2022	2:42 AM	-0.0540608900	41.000	48.000	50.000	0.0000010000	-0.0000602670	7.8400555907E-9	-0.0000044808	1.2247448714E-10	11.300	28.900
6/25/2022	2:43 AM	-0.0515464300	41.000	48.000	49.999	0.0000010000	-0.0000602758	4.9984231179E-9	-0.0000044948	1.0581221608E-9	11.300	28.900
6/25/2022	2:43 AM	-0.0490319700	41.000	48.000	50.000	0.0000010000	-0.0000602703	5.9989567935E-9	-0.0000044496	2.9914478864E-9	11.300	28.900
6/25/2022	2:44 AM	-0.0465175100	41.000	48.000	50.000	0.0000010000	-0.0000602671	4.6947594962E-9	-0.0000044993	1.4188016056E-9	11.300	28.900
6/25/2022	2:45 AM	-0.0440030500	41.000	48.000	50.000	0.0000010000	-0.0000602719	7.9970761810E-9	-0.0000044821	7.6278691088E-10	11.300	28.900
6/25/2022	2:45 AM	-0.0414885900	41.000	48.000	50.000	0.0000010000	-0.0000602721	3.9895806441E-9	-0.0000044859	6.7008771255E-10	11.300	28.900
6/25/2022	2:46 AM	-0.0389741300	41.000	48.000	50.000	0.0000010000	-0.0000602730	4.0420841279E-9	-0.0000044681	2.2055600080E-9	11.300	28.900
6/25/2022	2:47 AM	-0.0364596700	41.000	48.000	50.000	0.0000010000	-0.0000602754	8.3707477115E-9	-0.0000044889	9.1417370250E-10	11.300	28.900
6/25/2022	2:47 AM	-0.0339452100	41.000	48.000	50.000	0.0000010000	-0.0000602731	8.4226108030E-9	-0.0000044811	3.5495097568E-10	11.300	28.900
6/25/2022	2:48 AM	-0.0314307500	41.000	48.000	50.000	0.0000010000	-0.0000602704	6.4184963308E-9	-0.0000044921	7.4295816944E-10	11.300	28.900
6/25/2022	2:49 AM	-0.0289162900	41.000	48.000	50.000	0.0000010000	-0.0000602843	6.4617648233E-9	-0.0000044797	6.3851648071E-10	11.300	28.900
6/25/2022	2:50 AM	-0.0264018300	41.000	48.000	50.000	0.0000010000	-0.0000602679	4.1329978718E-9	-0.0000044630	1.9612256727E-9	11.300	28.900
6/25/2022	2:51 AM	-0.0238873700	41.000	48.000	50.000	0.0000010000	-0.0000602779	6.4755927262E-9	-0.0000044889	7.5522851952E-10	11.300	28.900
6/25/2022	2:51 AM	-0.0213729100	41.000	48.000	50.000	0.0000010000	-0.0000602674	1.0224387442E-8	-0.0000044727	2.7027798988E-9	11.300	28.900
6/25/2022	2:52 AM	-0.0188584500	41.000	48.000	50.000	0.0000010000	-0.0000602862	7.5798705579E-9	-0.0000044932	3.5495097568E-10	11.300	28.900
6/25/2022	2:53 AM	-0.0163439900	41.000	48.000	50.000	0.0000010000	-0.0000602538	9.2984853374E-9	-0.0000044840	1.1300537619E-9	11.300	28.900
6/25/2022	2:53 AM	-0.0138295300	41.000	48.000	50.000	0.0000010000	-0.0000602762	9.9112922644E-9	-0.0000044805	5.8615541191E-10	11.300	28.900
6/25/2022	2:54 AM	-0.0113150700	41.000	48.000	50.000	0.0000010000	-0.0000602678	9.3076325236E-9	-0.0000044826	7.0415229868E-10	11.300	28.900
6/25/2022	2:55 AM	-0.0088006100	41.000	48.000	50.000	0.0000010000	-0.0000602636	7.3835251471E-9	-0.0000044818	2.2445680548E-9	11.300	28.900
6/25/2022	2:56 AM	-0.0062861500	41.000	48.000	50.000	0.0000010000	-0.0000602659	5.2456595591E-9	-0.0000044832	7.7008771255E-10	11.300	28.900
6/25/2022	2:56 AM	-0.0037716900	41.000	48.000	50.000	0.0000010000	-0.0000602779	5.6964810146E-9	-0.0000044911	5.0990195136E-10	11.300	28.900
6/25/2022	2:57 AM	-0.0012572300	41.000	48.000	50.000	0.0000010000	-0.0000602591	7.5527023723E-9	-0.0000044817	5.6368092477E-10	11.300	28.900
6/25/2022	2:58 AM	0.0012572300	41.000	48.000	50.000	0.0000010000	-0.0000602758	1.0997494246E-8	-0.0000044841	5.0331063536E-10	11.300	28.900
6/25/2022	2:58 AM	0.0037716900	41.000	48.000	50.000	0.0000010000	-0.0000602745	6.6701490221E-9	-0.0000044723	1.0760533605E-9	11.300	28.900
6/25/2022	2:59 AM	0.0062861500	41.000	48.000	50.000	0.0000010000	-0.0000602636	6.5388914908E-9	-0.0000044714	1.6118973456E-9	11.300	28.900
6/25/2022	3:00 AM	0.0088006100	41.000	48.000	50.000	0.0000010000	-0.0000602708	7.3024257008E-9	-0.0000044690	1.4679596916E-9	11.300	28.900
6/25/2022	3:00 AM	0.0113150700	41.000	48.000	50.000	0.0000010000	-0.0000602613	9.5215295748E-9	-0.0000044770	1.9630352188E-9	11.300	28.900
6/25/2022	3:01 AM	0.0138295300	41.000	48.000	50.000	0.0000010000	-0.0000602581	1.1445495192E-8	-0.0000044290	5.1051752436E-9	11.300	28.900
6/25/2022	3:02 AM	0.0163439900	41.000	48.000	50.000	0.0000010000	-0.0000602725	8.3858357617E-9	-0.0000044780	1.4202372483E-9	11.300	28.900
6/25/2022	3:03 AM	0.0188584500	41.000	48.000	50.000	0.0000010000	-0.0000602698	5.2040319533E-9	-0.0000044937	5.6968808264E-10	11.300	28.800
6/25/2022	3:03 AM	0.0213729100	41.000	48.000	50.000	0.0000010000	-0.0000602688	6.2765882906E-9	-0.0000044834	3.0000000000E-10	11.300	28.900
6/25/2022	3:04 AM	0.0238873700	41.000	48.000	50.000	0.0000010000	-0.0000602665	4.7694050550E-9	-0.0000044719	1.5326897865E-9	11.300	28.900
6/25/2022	3:05 AM	0.0264018300	41.000	48.000	50.000	0.0000010000	-0.0000602661	5.0412934406E-9	-0.0000044877	1.2247448714E-10	11.300	28.900
6/25/2022	3:05 AM	0.0289162900	41.000	48.000	50.000	0.0000010000	-0.0000602647	5.3279621451E-9	-0.0000044957	1.5766120333E-9	11.300	28.900
6/25/2022	3:06 AM	0.0314307500	41.000	48.000	50.000	0.0000010000	-0.0000602751	2.3354295138E-9	-0.0000044843	2.4574850771E-9	11.300	28.900
6/25/2022	3:07 AM	0.0339452100	41.000	48.000	50.001	0.0000010000	-0.0000602607	5.6345038412E-9	-0.0000044883	3.0000000000E-10	11.300	28.900
6/25/2022	3:07 AM	0.0364596700	41.000	48.000	50.000	0.0000010000	-0.0000602642	8.1839234414E-9	-0.0000044936	6.4288186875E-10	11.300	28.900
6/25/2022	3:08 AM	0.0389741300	41.000	48.000	50.000	0.0000010000	-0.0000602652	8.8119727018E-9	-0.0000044992	4.2360679775E-10	11.300	28.800
6/25/2022	3:09 AM	0.0414885900	41.000	48.000	50.000	0.0000010000	-0.0000602784	5.4138638463E-9	-0.0000044710	9.2364110314E-10	11.300	28.900
6/25/2022	3:10 AM	0.0440030500	41.500	48.000	50.000	0.0000010000	-0.0000602779	9.3375257953E-9	-0.0000044857	1.4045418845E-9	11.300	28.900
6/25/2022	3:10 AM	0.0465175100	41.500	48.000	50.000	0.0000010000	-0.0000602623	3.1345882947E-9	-0.0000044840	4.6159098630E-10	11.300	28.900
6/25/2022	3:11 AM	0.0490319700	41.500	48.000	50.000	0.0000010000	-0.0000602665	7.5303652493E-9	-0.0000044872	4.2360679775E-10	11.300	28.900
6/25/2022	3:12 AM	0.0515464300	41.500	48.000	50.000	0.0000010000	-0.0000602737	7.3508491320E-9	-0.0000044579	3.9582388723E-9	11.300	28.900
6/25/2022	3:12 AM	0.0540608900	41.500	48.000	50.000	0.0000010000	-0.0000602652	5.2104546506E-9	-0.0000044741	1.2395556479E-9	11.300	28.900
6/25/2022	3:13 AM	0.0565753500	41.500	48.000	50.000	0.0000010000	-0.0000602819	4.8752170145E-9	-0.0000044827	4.7416573868E-10	11.300	28.900
6/25/2022	3:14 AM	0.0590898100	41.500	48.000	50.000	0.0000010000	-0.0000602549	4.0417211351E-9	-0.0000044824	8.9418965053E-10	11.300	28.900
6/25/2022	3:15 AM	0.0616042700	41.500	48.000	50.000	0.0000010000	-0.0000602567	6.4901216211E-9	-0.0000044796	7.4295816944E-10	11.300	28.900
6/25/2022	3:15 AM	0.0641187300	41.500	48.000	50.000	0.0000010000	-0.0000602750	7.8966083441E-9	-0.0000044958	9.0593994213E-10	11.300	28.900
6/25/2022	3:16 AM	0.0666331900	41.500	48.000	50.000	0.0000010000	-0.0000602588	7.6802839901E-9	-0.0000044695	2.0611562628E-9	11.300	28.900
6/25/2022	3:17 AM	0.0691476500	41.500	48.000	50.000	0.0000010000	-0.0000602656	6.4233812762E-9	-0.0000044755	1.5700877125E-9	11.300	28.900
6/25/2022	3:17 AM	0.0716621100	41.500	48.000	50.001	0.0000010000	-0.0000602608	7.8438421062E-9	-0.0000044889	5.6368092477E-10	11.300	28.800
6/25/2022	3:18 AM	0.0741765700	41.500	48.000	50.000	0.0000010000	-0.0000602709	5.3250820008E-9	-0.0000044970	7.1863190045E-10	11.300	28.900
6/25/2022	3:19 AM	0.0766910300	41.500	48.000	50.000	0.0000010000	-0.0000602616	1.1305801282E-8	-0.0000044948	6.0000000000E-10	11.300	28.900
6/25/2022	3:20 AM	0.0792054900	41.500	48.000	50.000	0.0000010000	-0.0000602748	6.2581320070E-9	-0.0000044760	9.2195444573E-10	11.300	28.900
6/25/2022	3:20 AM	0.0817199500	41.500	48.000	50.000	0.0000010000	-0.0000602669	9.3075355371E-9	-0.0000044771	8.6332495807E-10	11.300	28.900
6/25/2022	3:21 AM	0.0842344100	41.500	48.000	50.000	0.0000010000	-0.0000602673	5.5338493658E-9	-0.0000044719	2.1869007792E-9	11.300	28.900
6/25/2022	3:22 AM	0.0867488700	41.500	48.000	50.000	0.0000010000	-0.0000602570	1.0410529569E-8	-0.0000044900	3.5355339059E-10	11.300	28.900
6/25/2022	3:22 AM	0.0892633300	41.500	48.000	50.000	0.0000010000	-0.0000602716	8.1293212807E-9	-0.0000044734	1.9240303665E-9	11.300	28.900
6/25/2022	3:23 AM	0.0917777900	41.500	48.000	50.000	0.0000010000	-0.0000602740	7.7019456957E-9	-0.0000051739	6.5076379411E-10	11.300	28.900
6/25/2022	3:24 AM	0.0942922500	41.500	48.000	50.000	0.0000010000	-0.0000602547	8.5449755504E-9	-0.0000058595	4.7863046408E-10	11.300	28.900
6/25/2022	3:24 AM	0.0968067100	41.500	48.000	50.000	0.0000010000	-0.0000602600	7.2988946279E-9	-0.0000058889	1.9561063809E-9	11.300	28.900
6/25/2022	3:25 AM	0.0993211700	41.500	48.000	50.000	0.0000010000	-0.0000602580	9.1287151179E-9	-0.0000058662	1.0704286871E-9	11.300	28.900
6/25/2022	3:26 AM	0.1018356300	41.500	48.000	50.000	0.0000010000	-0.0000602658	9.1040364441E-9	-0.0000058362	4.5792209020E-9	11.300	28.900
6/25/2022	3:27 AM	0.1043500900	41.500	48.000	50.000	0.0000010000	-0.0000602492	6.0356616665E-9	-0.0000058785	8.0438357199E-10	11.300	28.900
6/25/2022	3:27 AM	0.1068645500	41.500	48.000	50.000	0.0000010000	-0.0000602525	9.3608116436E-9	-0.0000058488	2.6281564786E-9	11.300	28.900
6/25/2022	3:28 AM	0.1093790100	41.500	48.000	50.000	0.0000010000	-0.0000602556	6.7879177408E-9	-0.0000058765	9.3186001849E-10	11.300	28.900
6/25/2022	3:29 AM	0.1118934700	41.500	48.000	50.000	0.0000010000	-0.0000602688	8.7502717247E-9	-0.0000058718	5.9777253643E-10	11.300	28.900
6/25/2022	3:29 AM	0.1144079300	41.500	48.000	50.000	0.0000010000	-0.0000602637	5.8436682524E-9	-0.0000058762	6.4721359550E-10	11.300	28.900
6/25/2022	3:30 AM	0.1169223900	41.500	48.000	50.000	0.0000010000	-0.0000602594	8.0009289150E-9	-0.0000058621	3.2247448714E-10	11.300	28.900
6/25/2022	3:31 AM	0.1194368500	41.500	48.000	50.000	0.0000010000	-0.0000602495	1.0966202797E-8	-0.0000058677	6.2237443710E-10	11.300	28.900
6/25/2022	3:31 AM	0.1219513100	41.500	48.000	50.000	0.0000010000	-0.0000602640	7.8714912724E-9	-0.0000058609	1.8708286934E-10	11.300	28.900
6/25/2022	3:32 AM	0.1244657700	41.500	48.000	50.000	0.0000010000	-0.0000602620	5.2603095860E-9	-0.0000058701	3.4519675235E-10	11.300	28.800
6/25/2022	3:33 AM	0.1269802300	41.500	48.000	50.000	0.0000010000	-0.0000602526	5.2436553837E-9	-0.0000058719	8.6391922149E-10	11.300	28.900
6/25/2022	3:34 AM	0.1294946900	41.500	48.000	50.000	0.0000010000	-0.0000602549	5.6763081498E-9	-0.0000058628	9.4405832340E-10	11.300	28.900
6/25/2022	3:34 AM	0.1320091500	41.500	48.000	50.000	0.0000010000	-0.0000602734	5.5899875359E-9	-0.0000058697	4.0620192023E-10	11.300	28.900
6/25/2022	3:35 AM	0.1345236100	41.500	48.000	50.000	0.0000010000	-0.0000602521	1.0635873966E-8	-0.0000058666	3.2247448714E-10	11.300	28.800
6/25/2022	3:36 AM	0.1370380700	41.500	48.000	50.000	0.0000010000	-0.0000602623	5.2352378232E-9	-0.0000058680	9.1851981126E-10	11.300	28.900
6/25/2022	3:36 AM	0.1395525300	0.900	48.000	50.000	0.0000010000	-0.0000602584	6.8853657117E-9	-0.0000058728	7.7017805882E-10	11.300	28.900
6/25/2022	3:37 AM	0.1420669900	41.500	48.000	50.000	0.0000010000	-0.0000602709	9.0795765434E-9	-0.0000058701	8.5166481892E-10	11.300	28.800
6/25/2022	3:38 AM	0.1445814500	41.500	48.000	50.000	0.0000010000	-0.0000602582	8.1354285519E-9	-0.0000058715	1.0229845367E-9	11.300	28.900
6/25/2022	3:39 AM	0.1470959100	41.500	48.000	50.000	0.0000010000	-0.0000602607	9.1465546471E-9	-0.0000058524	1.6861845620E-9	11.300	28.800
6/25/2022	3:39 AM	0.1496103700	41.500	48.000	50.000	0.0000010000	-0.0000602613	7.5567798994E-9	-0.0000058671	8.9379718813E-10	11.200	28.800
6/25/2022	3:40 AM	0.1521248300	41.500	48.000	50.000	0.0000010000	-0.0000602625	7.6551083373E-9	-0.0000058712	2.5495097568E-10	11.300	28.900
6/25/2022	3:41 AM	0.1546392900	41.500	48.000	50.000	0.0000010000	-0.0000602645	6.1112749565E-9	-0.0000058630	4.5495097568E-10	11.300	28.900
6/25/2022	3:42 AM	0.1571537500	41.500	48.000	50.000	0.0000010000	-0.0000602517	8.8759545965E-9	-0.0000058523	9.7459666924E-10	11.300	28.800
6/25/2022	3:42 AM	0.1596682100	41.500	48.000	50.000	0.0000010000	-0.0000602596	6.4478983935E-9	-0.0000058661	3.2247448714E-10	11.300	28.800
6/25/2022	3:43 AM	0.1621826700	41.500	48.000	50.000	0.0000010000	-0.0000602648	7.4909613251E-9	-0.0000058449	1.5005449504E-9	11.300	28.800
6/25/2022	3:44 AM	0.1646971300	41.500	48.000	50.000	0.0000010000	-0.0000602668	6.6859182884E-9	-0.0000058565	1.0000000000E-9	11.300	28.800
6/25/2022	3:44 AM	0.1672115900	41.500	48.000	50.000	0.0000010000	-0.0000602650	6.1392499495E-9	-0.0000058750	3.2247448714E-10	11.300	28.900
6/25/2022	3:45 AM	0.1697260500	41.500	48.000	50.000	0.0000010000	-0.0000602601	7.3705547646E-9	-0.0000058583	8.1763500472E-10	11.300	28.800
6/25/2022	3:46 AM	0.1722405100	41.500	48.000	50.000	0.0000010000	-0.0000602606	9.0699263024E-9	-0.0000058634	4.1402208188E-10	11.300	28.800
6/25/2022	3:47 AM	0.1747549700	41.500	48.000	50.000	0.0000010000	-0.0000602557	6.7713890168E-9	-0.0000058626	4.5355339059E-10	11.200	28.900
6/25/2022	3:47 AM	0.1772694300	41.500	48.000	50.000	0.0000010000	-0.0000602474	9.4419531200E-9	-0.0000058854	1.7215838363E-9	11.300	28.800
6/25/2022	3:48 AM	0.1797838900	41.500	48.000	50.000	0.0000010000	-0.0000602558	6.8985244226E-9	-0.0000058563	1.2474226377E-9	11.300	28.800
6/25/2022	3:49 AM	0.1822983500	41.500	48.000	50.000	0.0000010000	-0.0000602563	7.3129178497E-9	-0.0000058565	1.0103542189E-9	11.300	28.800
6/25/2022	3:50 AM	0.1848128100	41.500	48.000	50.000	0.0000010000	-0.0000602664	9.6069290928E-9	-0.0000058687	4.0620192023E-10	11.300	28.900
6/25/2022	3:50 AM	0.1873272700	41.500	48.000	50.000	0.0000010000	-0.0000602527	5.8806532595E-9	-0.0000058723	9.3664858008E-10	11.300	28.900
6/25/2022	3:51 AM	0.1898417300	41.500	48.000	50.000	0.0000010000	-0.0000602658	1.0863173301E-8	-0.0000058670	7.3851648071E-10	11.300	28.900
6/25/2022	3:52 AM	0.1923561900	41.500	48.000	50.000	0.0000010000	-0.0000602612	5.6172380276E-9	-0.0000058693	5.6368092477E-10	11.300	28.900
6/25/2022	3:52 AM	0.1948706500	41.500	48.000	50.000	0.0000010000	-0.0000602661	9.5828322827E-9	-0.0000058719	8.9418965053E-10	11.300	28.900
6/25/2022	3:53 AM	0.1973851100	41.500	48.000	50.000	0.0000010000	-0.0000602557	7.1234019269E-9	-0.0000058852	1.5490087489E-9	11.300	28.900
6/25/2022	3:54 AM	0.1998995700	41.500	48.000	50.000	0.0000010000	-0.0000602478	7.6398357447E-9	-0.0000058727	8.1723431537E-10	11.300	28.900
6/25/2022	3:54 AM	0.2024140300	41.500	48.000	50.000	0.0000010000	-0.0000602572	8.4913737556E-9	-0.0000058652	2.0000000000E-10	11.300	28.900
6/25/2022	3:55 AM	0.2049284900	41.500	48.000	50.000	0.0000010000	-0.0000602420	6.5199964883E-9	-0.0000058560	1.9363755354E-9	11.300	28.800
6/25/2022	3:56 AM	0.2074429500	41.500	48.000	50.000	0.0000010000	-0.0000602495	7.6558053027E-9	-0.0000058722	5.5355339059E-10	11.300	28.900
6/25/2022	3:57 AM	0.2099574100	41.500	48.000	50.000	0.0000010000	-0.0000602550	8.9973870869E-9	-0.0000058684	4.4966147775E-10	11.300	28.800
6/25/2022	3:57 AM	0.2124718700	41.500	48.000	50.000	0.0000010000	-0.0000602479	7.6013864199E-9	-0.0000058690	7.2093678194E-10	11.300	28.800
6/25/2022	3:58 AM	0.2149863300	41.500	48.000	50.000	0.0000010000	-0.0000602627	6.0854076816E-9	-0.0000058612	1.0390821193E-9	11.300	28.800
6/25/2022	3:59 AM	0.2175007900	41.500	48.000	50.000	0.0000010000	-0.0000602587	8.3920379883E-9	-0.0000058735	6.6368092477E-10	11.300	28.800
6/25/2022	3:59 AM	0.2200152500	41.500	48.000	50.000	0.0000010000	-0.0000602510	5.5141501547E-9	-0.0000058709	2.9154759474E-10	11.300	28.900
6/25/2022	4:00 AM	0.2225297100	41.500	48.000	50.000	0.0000010000	-0.0000602526	7.3994216696E-9	-0.0000058567	1.1924716621E-9	11.300	28.900
6/25/2022	4:01 AM	0.2250441700	41.500	48.000	50.000	0.0000010000	-0.0000602436	3.4047398110E-9	-0.0000058754	7.9842630675E-10	11.200	28.900
6/25/2022	4:01 AM	0.2275586300	41.500	48.000	50.000	0.0000010000	-0.0000602572	4.0049701480E-9	-0.0000058679	1.8708286934E-10	11.300	28.800
6/25/2022	4:02 AM	0.2300730900	41.500	48.000	50.000	0.0000010000	-0.0000602422	7.9639752723E-9	-0.0000058634	1.6863358577E-9	11.300	28.900
6/25/2022	4:03 AM	0.2325875500	41.500	48.000	50.000	0.0000010000	-0.0000602575	8.9301468385E-9	-0.0000058555	1.0606601718E-9	11.300	28.900
6/25/2022	4:04 AM	0.2351020100	41.500	48.000	50.000	0.0000010000	-0.0000602641	7.1677092309E-9	-0.0000058529	1.8029386366E-9	11.300	28.900
6/25/2022	4:04 AM	0.2376164700	41.500	48.000	50.000	0.0000010000	-0.0000602449	5.5822846702E-9	-0.0000058574	1.0525282490E-9	11.300	28.900
6/25/2022	4:05 AM	0.2401309300	41.500	48.000	50.000	0.0000010000	-0.0000602548	6.6160723244E-9	-0.0000058632	1.3189357051E-9	11.300	28.900
6/25/2022	4:06 AM	0.2426453900	41.500	48.000	50.000	0.0000010000	-0.0000602496	7.6390019857E-9	-0.0000058719	4.1402208188E-10	11.300	28.900
6/25/2022	4:06 AM	0.2451598500	41.500	48.000	50.000	0.0000010000	-0.0000602517	8.6011165912E-9	-0.0000058690	1.4196276202E-9	11.300	28.900
6/25/2022	4:07 AM	0.2476743100	41.500	48.000	50.000	0.0000010000	-0.0000602402	7.4182218960E-9	-0.0000058757	4.1306485869E-10	11.300	28.900
6/25/2022	4:08 AM	0.2501887700	41.500	48.000	50.000	0.0000010000	-0.0000602458	7.1570292431E-9	-0.0000058759	1.4308818388E-9	11.200	28.800
6/25/2022	4:09 AM	0.2527032300	41.500	48.000	50.000	0.0000010000	-0.0000602599	1.1413898065E-8	-0.0000058682	3.0000000000E-10	11.200	28.800
6/25/2022	4:09 AM	0.2552176900	41.500	48.000	50.000	0.0000010000	-0.0000602512	5.9051316452E-9	-0.0000058673	2.2758877935E-9	11.300	28.800
6/25/2022	4:10 AM	0.2577321500	42.800	48.000	50.000	0.0000010000	-0.0000602419	9.2246950070E-9	-0.0000058686	1.4692998236E-9	11.200	28.800
6/25/2022	4:11 AM	0.2602466100	42.800	48.000	50.000	0.0000010000	-0.0000602483	7.5570497271E-9	-0.0000058624	8.3832137633E-10	11.300	28.800
6/25/2022	4:11 AM	0.2627610700	42.800	48.000	50.000	0.0000010000	-0.0000602478	8.4699323482E-9	-0.0000058801	5.4063625993E-10	11.200	28.800
6/25/2022	4:12 AM	0.2652755300	42.800	48.000	50.000	0.0000010000	-0.0000602498	7.7641386869E-9	-0.0000058674	1.8257088769E-9	11.200	28.800
6/25/2022	4:13 AM	0.2677899900	42.800	48.000	50.000	0.0000010000	-0.0000602473	7.0372156846E-9	-0.0000058491	1.6344686307E-9	11.200	28.900
6/25/2022	4:13 AM	0.2703044500	42.800	48.000	50.000	0.0000010000	-0.0000602452	7.1669670149E-9	-0.0000058570	4.5495097568E-10	11.200	28.900
6/25/2022	4:14 AM	0.2728189100	42.800	48.000	50.000	0.0000010000	-0.0000602482	8.8858120326E-9	-0.0000058595	1.2549900398E-9	11.200	28.900
6/25/2022	4:15 AM	0.2753333700	42.800	48.000	50.000	0.0000010000	-0.0000602533	8.8836431582E-9	-0.0000058754	7.1863190045E-10	11.200	28.800
6/25/2022	4:16 AM	0.2778478300	42.800	48.000	50.000	0.0000010000	-0.0000602609	6.4099083612E-9	-0.0000058680	8.8190908485E-10	11.200	28.900
6/25/2022	4:16 AM	0.2803622900	42.800	48.000	50.000	0.0000010000	-0.0000602495	6.7626257817E-9	-0.0000058640	9.3794980865E-10	11.200	28.800
6/25/2022	4:17 AM	0.2828767500	42.800	48.000	50.000	0.0000010000	-0.0000602503	3.7719397944E-9	-0.0000058746	6.9774951497E-10	11.200	28.800
6/25/2022	4:18 AM	0.2853912100	42.800	48.000	50.000	0.0000010000	-0.0000602434	7.6570888739E-9	-0.0000058666	9.1547532152E-10	11.200	28.800
6/25/2022	4:19 AM	0.2879056700	42.800	48.000	50.000	0.0000010000	-0.0000602586	3.6007710443E-9	-0.0000058645	3.9154759474E-10	11.200	28.800
6/25/2022	4:19 AM	0.2904201300	42.800	48.000	50.000	0.0000010000	-0.0000602444	7.4915794898E-9	-0.0000058622	9.0710678119E-10	11.200	28.800
6/25/2022	4:20 AM	0.2929345900	42.800	48.000	50.000	0.0000010000	-0.0000602579	9.2349318752E-9	-0.0000058710	3.5355339059E-10	11.200	28.800
6/25/2022	4:21 AM	0.2954490500	42.800	48.000	50.000	0.0000010000	-0.0000602440	1.0941653744E-8	-0.0000058647	1.4213373913E-9	11.200	28.800
6/25/2022	4:22 AM	0.2979635100	42.800	48.000	50.000	0.0000010000	-0.0000602513	6.4827717224E-9	-0.0000058754	6.6368092477E-10	11.200	28.900
6/25/2022	4:22 AM	0.3004779700	42.800	48.000	50.000	0.0000010000	-0.0000602465	6.7061764809E-9	-0.0000058569	1.1924716621E-9	11.200	28.900
