! User Name:	Aditya 
! Sample Name:	FGT_CPS_Device  4_FC8T_
! Sample ID:	FGT/CrPS4
! Date:	6/21/2022	Time:	7:14 PM
! Current Source:	Keithley 224 Current Source
! Voltmeter V1:	Keithley 182 Degital voltmeter
! Voltmeter V2:	Keithley 2182A  NanoVoltmeter
! V1 (volts):	Rxx Device 1
! V2 (volts):	Rxy Device 1
! Max Field (Tesla):0.000000	! Data points (0_maxT:75.000000	! Average Number:5.000000	
! Comments:	FGT/CrPS4 device was made in glove using flaking and dry transfering of flakes. 
! 
! 
! 
! 
Data	Time	Magnetic Field (T)	Helium Level (%)	VTI Temperature (K)	Sample Temparture (K)	Current (A) 	Voltage-1(V)	Std. of V1	Voltage-2 (V)	Std. of V2	VTI  Heater Power (%)	Sample Heater Power (%)
6/21/2022	7:16 PM	0.3997991400	52.000	52.780	54.994	0.0000010000	-0.0000588324	7.5204802431E-9	-0.0000053444	2.0929451782E-9	6.700	27.800
6/21/2022	7:18 PM	0.3972846800	40.700	15.503	17.501	0.0000010000	-0.0000588405	7.9268762543E-9	-0.0000053523	9.5137038954E-10	8.400	28.100
6/21/2022	7:18 PM	0.3947702200	40.700	15.509	17.500	0.0000010000	-0.0000588323	7.7785650347E-9	-0.0000053492	1.2585015750E-9	8.300	28.000
6/21/2022	7:19 PM	0.3922557600	39.300	15.505	17.501	0.0000010000	-0.0000588410	6.7907179853E-9	-0.0000053652	8.0428200203E-10	8.300	28.000
6/21/2022	7:20 PM	0.3897413000	39.300	15.508	17.500	0.0000010000	-0.0000588301	9.2680843497E-9	-0.0000053391	2.4937899579E-9	8.300	28.000
6/21/2022	7:20 PM	0.3872268400	39.300	15.504	17.501	0.0000010000	-0.0000588278	9.0665532852E-9	-0.0000053446	8.9418965053E-10	8.300	27.900
6/21/2022	7:21 PM	0.3847123800	39.300	15.501	17.501	0.0000010000	-0.0000588296	9.2885500431E-9	-0.0000053477	3.8708286934E-10	8.300	27.900
6/21/2022	7:22 PM	0.3821979200	39.300	15.506	17.501	0.0000010000	-0.0000588346	9.8155720197E-9	-0.0000053460	5.8708286934E-10	8.200	27.900
6/21/2022	7:23 PM	0.3796834600	39.300	15.505	17.501	0.0000010000	-0.0000588242	6.4677521299E-9	-0.0000053567	1.4679596916E-9	8.200	27.800
6/21/2022	7:23 PM	0.3771690000	39.300	15.502	17.500	0.0000010000	-0.0000588299	5.7791354457E-9	-0.0000053321	4.4297671105E-9	8.200	27.800
6/21/2022	7:24 PM	0.3746545400	39.300	15.500	17.500	0.0000010000	-0.0000588338	6.5796809011E-9	-0.0000053537	8.2739529308E-10	8.200	27.800
6/21/2022	7:25 PM	0.3721400800	39.300	15.501	17.501	0.0000010000	-0.0000588256	7.5136114761E-9	-0.0000053562	6.9663036372E-10	8.200	27.800
6/21/2022	7:25 PM	0.3696256200	39.300	15.507	17.501	0.0000010000	-0.0000588276	8.2882673942E-9	-0.0000053603	6.3851648071E-10	8.100	27.800
6/21/2022	7:26 PM	0.3671111600	39.300	15.502	17.501	0.0000010000	-0.0000588334	5.6098908608E-9	-0.0000053311	2.4848192179E-9	8.100	27.700
6/21/2022	7:27 PM	0.3645967000	39.300	15.503	17.502	0.0000010000	-0.0000588231	8.4405254339E-9	-0.0000053536	1.3942671667E-9	8.100	27.700
6/21/2022	7:28 PM	0.3620822400	39.300	15.508	17.500	0.0000010000	-0.0000588329	7.1133064595E-9	-0.0000053679	8.9526339942E-10	8.100	27.700
6/21/2022	7:28 PM	0.3595677800	39.300	15.501	17.500	0.0000010000	-0.0000588394	8.5312353263E-9	-0.0000053477	1.7104032780E-9	8.100	27.700
6/21/2022	7:29 PM	0.3570533200	39.300	15.502	17.500	0.0000010000	-0.0000588257	7.6845641485E-9	-0.0000053407	6.8476798574E-10	8.100	27.700
6/21/2022	7:30 PM	0.3545388600	39.300	15.504	17.501	0.0000010000	-0.0000588413	8.9829192966E-9	-0.0000053585	5.9406747484E-10	8.100	27.600
6/21/2022	7:30 PM	0.3520244000	39.300	15.505	17.501	0.0000010000	-0.0000588373	6.8199544114E-9	-0.0000053577	1.4198561699E-9	8.000	27.600
6/21/2022	7:31 PM	0.3495099400	39.300	15.504	17.501	0.0000010000	-0.0000588353	8.9787675073E-9	-0.0000053484	2.4494897428E-10	8.000	27.600
6/21/2022	7:32 PM	0.3469954800	39.300	15.506	17.501	0.0000010000	-0.0000588223	1.1272072776E-8	-0.0000053390	1.2189094443E-9	8.000	27.600
6/21/2022	7:32 PM	0.3444810200	39.300	15.498	17.500	0.0000010000	-0.0000588325	7.0649603055E-9	-0.0000053431	1.9326710457E-9	8.000	27.600
6/21/2022	7:33 PM	0.3419665600	39.300	15.503	17.501	0.0000010000	-0.0000588219	5.8225681921E-9	-0.0000053507	2.8708286934E-10	8.000	27.500
6/21/2022	7:34 PM	0.3394521000	39.300	15.503	17.501	0.0000010000	-0.0000588441	7.2002097265E-9	-0.0000053425	2.5946023455E-9	8.000	27.500
6/21/2022	7:35 PM	0.3369376400	39.300	15.504	17.500	0.0000010000	-0.0000588422	8.7278540236E-9	-0.0000053351	1.2547906945E-9	8.000	27.500
6/21/2022	7:35 PM	0.3344231800	39.300	15.503	17.501	0.0000010000	-0.0000588394	7.2262816716E-9	-0.0000053572	1.1201414667E-9	8.000	27.500
6/21/2022	7:36 PM	0.3319087200	39.300	15.501	17.500	0.0000010000	-0.0000588249	6.5843309611E-9	-0.0000053441	8.6163530729E-10	7.900	27.500
6/21/2022	7:37 PM	0.3293942600	39.300	15.502	17.501	0.0000010000	-0.0000588306	8.3698762252E-9	-0.0000053517	7.2093678194E-10	7.900	27.500
6/21/2022	7:38 PM	0.3268798000	39.300	15.503	17.501	0.0000010000	-0.0000588285	1.0910538817E-8	-0.0000053489	1.0000000000E-10	7.900	27.400
6/21/2022	7:38 PM	0.3243653400	39.300	15.503	17.501	0.0000010000	-0.0000588422	1.0071119524E-8	-0.0000053417	7.2929262470E-10	7.900	27.400
6/21/2022	7:39 PM	0.3218508800	39.300	15.502	17.501	0.0000010000	-0.0000588295	8.9231344160E-9	-0.0000053537	3.7416573868E-10	7.900	27.400
6/21/2022	7:40 PM	0.3193364200	39.300	15.504	17.500	0.0000010000	-0.0000588348	7.2322935103E-9	-0.0000053259	2.6660837908E-9	7.900	27.400
6/21/2022	7:40 PM	0.3168219600	39.300	15.502	17.500	0.0000010000	-0.0000588283	9.9448414364E-9	-0.0000053524	6.3011626335E-10	7.900	27.400
6/21/2022	7:41 PM	0.3143075000	39.300	15.495	17.500	0.0000010000	-0.0000588318	1.2572435625E-8	-0.0000053510	4.5495097568E-10	7.900	27.400
6/21/2022	7:42 PM	0.3117930400	39.300	15.496	17.500	0.0000010000	-0.0000588418	4.5452940042E-9	-0.0000053459	1.3349741126E-9	7.900	27.400
6/21/2022	7:43 PM	0.3092785800	39.300	15.509	17.501	0.0000010000	-0.0000588253	8.7499542464E-9	-0.0000053584	4.9154759474E-10	7.800	27.400
6/21/2022	7:43 PM	0.3067641200	39.300	15.497	17.500	0.0000010000	-0.0000588242	5.5618424882E-9	-0.0000053605	9.1763500472E-10	7.800	27.300
6/21/2022	7:44 PM	0.3042496600	39.300	15.504	17.500	0.0000010000	-0.0000588278	7.1692281158E-9	-0.0000053484	9.3874768826E-10	7.800	27.400
6/21/2022	7:45 PM	0.3017352000	39.300	15.503	17.500	0.0000010000	-0.0000588286	9.0171577098E-9	-0.0000053616	9.7979589711E-10	7.800	27.300
6/21/2022	7:45 PM	0.2992207400	39.300	15.503	17.501	0.0000010000	-0.0000588147	8.7048859814E-9	-0.0000053186	3.4936760533E-9	7.800	27.300
6/21/2022	7:46 PM	0.2967062800	39.300	15.502	17.500	0.0000010000	-0.0000588195	8.8517296380E-9	-0.0000053628	2.8058837015E-10	7.800	27.300
6/21/2022	7:47 PM	0.2941918200	39.300	15.502	17.500	0.0000010000	-0.0000588285	4.6042026998E-9	-0.0000053469	3.0955735648E-10	7.800	27.300
6/21/2022	7:48 PM	0.2916773600	39.300	15.504	17.501	0.0000010000	-0.0000588283	9.4775066178E-9	-0.0000053612	4.6368092477E-10	7.800	27.300
6/21/2022	7:48 PM	0.2891629000	39.300	15.499	17.500	0.0000010000	-0.0000588318	7.9942887767E-9	-0.0000053482	8.3006407546E-10	7.800	27.300
6/21/2022	7:49 PM	0.2866484400	39.300	15.504	17.501	0.0000010000	-0.0000588274	4.9710127386E-9	-0.0000053558	2.8708286934E-10	7.800	27.300
6/21/2022	7:50 PM	0.2841339800	39.300	15.510	17.501	0.0000010000	-0.0000588204	9.8681635773E-9	-0.0000053672	1.0041522987E-9	7.800	27.300
6/21/2022	7:50 PM	0.2816195200	39.300	15.503	17.501	0.0000010000	-0.0000588217	9.2212332825E-9	-0.0000053508	3.8708286934E-10	7.700	27.200
6/21/2022	7:51 PM	0.2791050600	39.300	15.496	17.500	0.0000010000	-0.0000588302	7.2480962255E-9	-0.0000053472	1.1120253482E-9	7.800	27.200
6/21/2022	7:52 PM	0.2765906000	39.300	15.508	17.501	0.0000010000	-0.0000588346	8.0439612314E-9	-0.0000053707	1.2514889173E-9	7.700	27.200
6/21/2022	7:53 PM	0.2740761400	39.300	15.495	17.500	0.0000010000	-0.0000588403	4.3379578102E-9	-0.0000053512	4.4203384502E-10	7.800	27.200
6/21/2022	7:53 PM	0.2715616800	39.300	15.503	17.500	0.0000010000	-0.0000588414	7.2946651735E-9	-0.0000053411	1.0473153960E-9	7.700	27.200
6/21/2022	7:54 PM	0.2690472200	39.300	15.506	17.500	0.0000010000	-0.0000588325	6.8088503061E-9	-0.0000053441	9.0471787406E-10	7.700	27.200
6/21/2022	7:55 PM	0.2665327600	39.300	15.506	17.501	0.0000010000	-0.0000588310	8.3801740487E-9	-0.0000053344	1.8839670108E-9	7.700	27.200
6/21/2022	7:55 PM	0.2640183000	39.300	15.505	17.500	0.0000010000	-0.0000588407	7.4851738335E-9	-0.0000053533	9.0000000000E-10	7.700	27.200
6/21/2022	7:56 PM	0.2615038400	0.900	15.500	17.500	0.0000010000	-0.0000588127	8.0645366835E-9	-0.0000053480	1.6136171311E-9	7.700	27.200
6/21/2022	7:57 PM	0.2589893800	39.300	15.502	17.500	0.0000010000	-0.0000588367	6.6993677940E-9	-0.0000053195	3.8741444183E-9	7.700	27.100
6/21/2022	7:57 PM	0.2564749200	39.300	15.501	17.501	0.0000010000	-0.0000588234	1.1904825461E-8	-0.0000053489	9.1610387159E-10	7.700	27.100
6/21/2022	7:58 PM	0.2539604600	39.300	15.500	17.501	0.0000010000	-0.0000588252	7.6764982597E-9	-0.0000053412	1.2836071525E-9	7.700	27.100
6/21/2022	7:59 PM	0.2514460000	39.300	15.499	17.500	0.0000010000	-0.0000588270	1.0258769757E-8	-0.0000053422	9.8881944173E-10	7.700	27.100
6/21/2022	8:00 PM	0.2489315400	39.300	15.501	17.500	0.0000010000	-0.0000588408	8.4819583608E-9	-0.0000053387	9.4425345123E-10	7.700	27.100
6/21/2022	8:00 PM	0.2464170800	39.300	15.502	17.500	0.0000010000	-0.0000588439	7.2615628493E-9	-0.0000053489	4.1402208188E-10	7.700	27.100
6/21/2022	8:01 PM	0.2439026200	39.300	15.500	17.500	0.0000010000	-0.0000588229	8.9136549961E-9	-0.0000053491	4.5495097568E-10	7.700	27.100
6/21/2022	8:02 PM	0.2413881600	39.300	15.501	17.500	0.0000010000	-0.0000588278	1.2086017600E-8	-0.0000053478	8.8881944173E-10	7.700	27.100
6/21/2022	8:03 PM	0.2388737000	39.300	15.504	17.501	0.0000010000	-0.0000588297	7.1792483919E-9	-0.0000053466	1.3579474285E-9	7.600	27.100
6/21/2022	8:04 PM	0.2363592400	39.300	15.501	17.500	0.0000010000	-0.0000588216	8.4016848779E-9	-0.0000053615	9.7258598040E-10	7.600	27.100
6/21/2022	8:04 PM	0.2338447800	39.300	15.505	17.500	0.0000010000	-0.0000588276	8.8676552025E-9	-0.0000053667	7.2048368230E-10	7.600	27.100
6/21/2022	8:05 PM	0.2313303200	39.300	15.498	17.500	0.0000010000	-0.0000588393	5.3932256996E-9	-0.0000053502	2.8708286934E-10	7.700	27.100
6/21/2022	8:06 PM	0.2288158600	39.300	15.503	17.500	0.0000010000	-0.0000588158	8.3088378434E-9	-0.0000053493	8.8476798574E-10	7.600	27.100
6/21/2022	8:07 PM	0.2263014000	39.300	15.494	17.500	0.0000010000	-0.0000588395	8.3069575864E-9	-0.0000053109	3.5496145063E-9	7.600	27.100
6/21/2022	8:07 PM	0.2237869400	39.300	15.502	17.501	0.0000010000	-0.0000588285	5.1304273148E-9	-0.0000053556	1.4692998236E-9	7.600	27.000
6/21/2022	8:08 PM	0.2212724800	39.300	15.504	17.500	0.0000010000	-0.0000588328	1.0138653651E-8	-0.0000053408	1.0632188733E-9	7.600	27.000
6/21/2022	8:09 PM	0.2187580200	39.300	15.502	17.499	0.0000010000	-0.0000588286	4.9260691744E-9	-0.0000053639	9.9753483738E-10	7.600	27.100
6/21/2022	8:09 PM	0.2162435600	39.300	15.496	17.500	0.0000010000	-0.0000588241	8.1731114193E-9	-0.0000053509	5.1515439249E-10	7.600	27.100
6/21/2022	8:10 PM	0.2137291000	39.300	15.495	17.500	0.0000010000	-0.0000588212	9.1472063616E-9	-0.0000053694	1.3525003665E-9	7.600	27.000
6/21/2022	8:11 PM	0.2112146400	39.300	15.501	17.500	0.0000010000	-0.0000588307	5.8662692686E-9	-0.0000053370	2.1793675193E-9	7.600	27.000
6/21/2022	8:12 PM	0.2087001800	39.300	15.501	17.500	0.0000010000	-0.0000588234	6.8284645687E-9	-0.0000053587	6.0724247288E-10	7.600	27.000
6/21/2022	8:12 PM	0.2061857200	39.300	15.499	17.500	0.0000010000	-0.0000588317	4.8577488344E-9	-0.0000053609	1.1888194417E-9	7.600	27.000
6/21/2022	8:13 PM	0.2036712600	39.300	15.495	17.500	0.0000010000	-0.0000588233	3.3556768971E-9	-0.0000053378	3.6223452697E-9	7.600	27.000
6/21/2022	8:14 PM	0.2011568000	39.300	15.503	17.501	0.0000010000	-0.0000588222	4.8699665620E-9	-0.0000053573	4.7602787773E-10	7.600	27.000
6/21/2022	8:15 PM	0.1986423400	39.300	15.504	17.501	0.0000010000	-0.0000588122	7.7375007867E-9	-0.0000053462	7.5522851952E-10	7.600	27.000
6/21/2022	8:15 PM	0.1961278800	39.300	15.503	17.501	0.0000010000	-0.0000588374	7.8281699596E-9	-0.0000053450	1.2153457437E-9	7.600	27.000
6/21/2022	8:16 PM	0.1936134200	39.300	15.501	17.501	0.0000010000	-0.0000588432	6.8391820083E-9	-0.0000053626	1.1149461492E-9	7.600	27.000
6/21/2022	8:17 PM	0.1910989600	39.300	15.503	17.501	0.0000010000	-0.0000588261	6.7686140052E-9	-0.0000053577	5.5355339059E-10	7.600	27.000
6/21/2022	8:17 PM	0.1885845000	39.300	15.499	17.500	0.0000010000	-0.0000588327	5.7053777393E-9	-0.0000053609	2.2247448714E-10	7.600	27.000
6/21/2022	8:18 PM	0.1860700400	39.300	15.502	17.500	0.0000010000	-0.0000588137	4.8113106893E-9	-0.0000053540	1.1250804095E-9	7.600	27.000
6/21/2022	8:19 PM	0.1835555800	39.300	15.502	17.500	0.0000010000	-0.0000588148	7.3657042570E-9	-0.0000053453	7.2093678194E-10	7.600	27.000
6/21/2022	8:20 PM	0.1810411200	42.200	15.501	17.501	0.0000010000	-0.0000588245	8.3320283627E-9	-0.0000053535	2.4494897428E-10	7.600	26.900
6/21/2022	8:21 PM	0.1785266600	42.200	15.501	17.500	0.0000010000	-0.0000588136	6.5075818552E-9	-0.0000053620	1.2561514854E-9	7.600	26.900
6/21/2022	8:21 PM	0.1760122000	42.200	15.494	17.500	0.0000010000	-0.0000588249	7.2210770625E-9	-0.0000053469	8.3832137633E-10	7.600	27.000
6/21/2022	8:22 PM	0.1734977400	42.200	15.507	17.501	0.0000010000	-0.0000588280	1.0016322116E-8	-0.0000053588	4.7855777343E-10	7.500	26.900
6/21/2022	8:23 PM	0.1709832800	42.200	15.502	17.499	0.0000010000	-0.0000588258	7.0792248353E-9	-0.0000053507	7.5975531083E-10	7.600	26.900
6/21/2022	8:23 PM	0.1684688200	42.200	15.497	17.500	0.0000010000	-0.0000588275	7.1218395033E-9	-0.0000053591	5.0620192023E-10	7.600	26.900
6/21/2022	8:24 PM	0.1659543600	42.200	15.502	17.500	0.0000010000	-0.0000588204	7.2872798498E-9	-0.0000053388	1.5703661856E-9	7.500	26.900
6/21/2022	8:25 PM	0.1634399000	42.200	15.504	17.500	0.0000010000	-0.0000588263	1.0249908248E-8	-0.0000053490	6.6099096785E-10	7.500	26.900
6/21/2022	8:25 PM	0.1609254400	42.200	15.500	17.500	0.0000010000	-0.0000588265	5.7916432735E-9	-0.0000053531	3.0955735648E-10	7.500	26.900
6/21/2022	8:26 PM	0.1584109800	42.200	15.498	17.500	0.0000010000	-0.0000588201	7.8233438564E-9	-0.0000053580	2.2360679775E-10	7.500	26.900
6/21/2022	8:27 PM	0.1558965200	42.200	15.501	17.500	0.0000010000	-0.0000588336	5.1741913946E-9	-0.0000053473	2.2247448714E-10	7.500	26.900
6/21/2022	8:28 PM	0.1533820600	42.200	15.498	17.500	0.0000010000	-0.0000588245	5.8123120097E-9	-0.0000053558	6.0850436627E-10	7.500	26.900
6/21/2022	8:28 PM	0.1508676000	42.200	15.497	17.500	0.0000010000	-0.0000588165	6.4965160617E-9	-0.0000053391	1.2683321446E-9	7.500	26.900
6/21/2022	8:29 PM	0.1483531400	42.200	15.501	17.501	0.0000010000	-0.0000588283	6.5463395060E-9	-0.0000053576	8.2764726786E-10	7.500	26.900
6/21/2022	8:30 PM	0.1458386800	42.200	15.505	17.500	0.0000010000	-0.0000588173	4.9576496269E-9	-0.0000053486	9.7942892290E-10	7.500	26.900
6/21/2022	8:30 PM	0.1433242200	42.200	15.503	17.500	0.0000010000	-0.0000588278	6.0186582596E-9	-0.0000053434	8.3804616516E-10	7.500	26.900
6/21/2022	8:31 PM	0.1408097600	42.200	15.500	17.500	0.0000010000	-0.0000588194	8.2664223671E-9	-0.0000053471	1.0046317653E-9	7.500	26.900
6/21/2022	8:32 PM	0.1382953000	42.200	15.500	17.500	0.0000010000	-0.0000588335	8.2556646301E-9	-0.0000053466	1.4871317955E-9	7.500	26.900
6/21/2022	8:32 PM	0.1357808400	42.200	15.504	17.500	0.0000010000	-0.0000588328	6.2841375174E-9	-0.0000053630	1.1416333328E-9	7.500	26.900
6/21/2022	8:33 PM	0.1332663800	42.200	15.501	17.500	0.0000010000	-0.0000588328	6.8008398135E-9	-0.0000053544	3.2360679775E-10	7.500	26.900
6/21/2022	8:34 PM	0.1307519200	42.200	15.499	17.500	0.0000010000	-0.0000588190	1.1679387058E-8	-0.0000053540	1.1813159295E-9	7.500	26.900
6/21/2022	8:35 PM	0.1282374600	42.200	15.499	17.500	0.0000010000	-0.0000588239	9.6694353782E-9	-0.0000053595	5.3011626335E-10	7.500	26.900
6/21/2022	8:35 PM	0.1257230000	42.200	15.504	17.501	0.0000010000	-0.0000588245	6.3088114300E-9	-0.0000053514	6.4510098534E-10	7.500	26.800
6/21/2022	8:36 PM	0.1232085400	42.200	15.504	17.500	0.0000010000	-0.0000588283	6.2191299861E-9	-0.0000053429	6.2911671436E-10	7.500	26.900
6/21/2022	8:37 PM	0.1206940800	42.200	15.494	17.500	0.0000010000	-0.0000588139	8.0775997188E-9	-0.0000053545	1.4196276202E-9	7.600	26.800
6/21/2022	8:37 PM	0.1181796200	42.200	15.495	17.500	0.0000010000	-0.0000588254	7.8590608976E-9	-0.0000053516	3.0000000000E-10	7.500	26.800
6/21/2022	8:38 PM	0.1156651600	42.200	15.500	17.501	0.0000010000	-0.0000588461	1.1015341916E-8	-0.0000053670	8.2540150734E-10	7.500	26.800
6/21/2022	8:39 PM	0.1131507000	42.200	15.505	17.501	0.0000010000	-0.0000588302	4.0866294323E-9	-0.0000053431	1.0300537619E-9	7.500	26.800
6/21/2022	8:40 PM	0.1106362400	42.200	15.499	17.501	0.0000010000	-0.0000588188	4.2660431167E-9	-0.0000053608	1.0032824530E-9	7.500	26.800
6/21/2022	8:40 PM	0.1081217800	42.200	15.501	17.501	0.0000010000	-0.0000588319	8.1218102237E-9	-0.0000053352	9.4405832340E-10	7.500	26.800
6/21/2022	8:41 PM	0.1056073200	42.200	15.499	17.500	0.0000010000	-0.0000588192	8.6446197661E-9	-0.0000053583	4.6368092477E-10	7.500	26.800
6/21/2022	8:42 PM	0.1030928600	42.200	15.497	17.500	0.0000010000	-0.0000588265	6.2273225374E-9	-0.0000053699	1.0820365039E-9	7.500	26.800
6/21/2022	8:42 PM	0.1005784000	42.200	15.500	17.501	0.0000010000	-0.0000588298	6.5290657684E-9	-0.0000053450	3.9154759474E-10	7.500	26.800
6/21/2022	8:43 PM	0.0980639400	42.200	15.504	17.500	0.0000010000	-0.0000588281	7.8620259095E-9	-0.0000053528	6.5632839974E-10	7.500	26.800
6/21/2022	8:44 PM	0.0955494800	42.200	15.505	17.500	0.0000010000	-0.0000588357	1.2858476481E-8	-0.0000053358	1.7373886409E-9	7.500	26.800
6/21/2022	8:44 PM	0.0930350200	42.200	15.502	17.500	0.0000010000	-0.0000588354	8.0161540507E-9	-0.0000053527	7.7439472766E-10	7.500	26.800
6/21/2022	8:45 PM	0.0905205600	42.200	15.499	17.500	0.0000010000	-0.0000588172	5.7346145893E-9	-0.0000053596	4.9154759474E-10	7.500	26.800
6/21/2022	8:46 PM	0.0880061000	42.200	15.502	17.501	0.0000010000	-0.0000588186	6.9406414307E-9	-0.0000053570	1.5263255747E-9	7.500	26.700
6/21/2022	8:47 PM	0.0854916400	42.200	15.503	17.501	0.0000010000	-0.0000588470	9.5316350823E-9	-0.0000053504	5.2619936850E-10	7.500	26.800
6/21/2022	8:47 PM	0.0829771800	42.200	15.499	17.500	0.0000010000	-0.0000588319	5.1208493360E-9	-0.0000053421	1.0548862463E-9	7.500	26.800
6/21/2022	8:48 PM	0.0804627200	42.200	15.498	17.500	0.0000010000	-0.0000588329	9.9601136429E-9	-0.0000053568	1.4247417859E-9	7.500	26.800
6/21/2022	8:49 PM	0.0779482600	42.200	15.503	17.500	0.0000010000	-0.0000588251	8.6089180031E-9	-0.0000053412	8.6485292704E-10	7.500	26.700
6/21/2022	8:49 PM	0.0754338000	42.200	15.500	17.500	0.0000010000	-0.0000588357	3.7636603874E-9	-0.0000053463	9.6397017595E-10	7.500	26.700
6/21/2022	8:50 PM	0.0729193400	42.200	15.499	17.500	0.0000010000	-0.0000588309	5.6025698828E-9	-0.0000053526	8.5391142906E-10	7.500	26.800
6/21/2022	8:51 PM	0.0704048800	42.200	15.496	17.500	0.0000010000	-0.0000588224	6.0196056541E-9	-0.0000053561	9.3851648071E-10	7.500	26.700
6/21/2022	8:52 PM	0.0678904200	42.200	15.499	17.500	0.0000010000	-0.0000588282	6.5476806041E-9	-0.0000053557	7.4295816944E-10	7.500	26.700
6/21/2022	8:52 PM	0.0653759600	42.200	15.499	17.500	0.0000010000	-0.0000588186	5.9317752240E-9	-0.0000053554	7.2559935005E-10	7.500	26.700
6/21/2022	8:53 PM	0.0628615000	42.200	15.497	17.500	0.0000010000	-0.0000588256	7.4368156140E-9	-0.0000053535	3.7742546282E-10	7.500	26.700
6/21/2022	8:54 PM	0.0603470400	0.900	15.501	17.499	0.0000010000	-0.0000588200	8.6128825898E-9	-0.0000053512	9.5770568927E-10	7.500	26.700
6/21/2022	8:54 PM	0.0578325800	42.200	15.502	17.500	0.0000010000	-0.0000588275	9.7215613312E-9	-0.0000053485	1.2791562463E-9	7.400	26.700
6/21/2022	8:55 PM	0.0553181200	42.200	15.499	17.500	0.0000010000	-0.0000588257	9.8846740156E-9	-0.0000053708	1.2806248475E-9	7.400	26.700
6/21/2022	8:56 PM	0.0528036600	42.200	15.500	17.500	0.0000010000	-0.0000588360	8.2616850682E-9	-0.0000053569	7.5522851952E-10	7.400	26.700
6/21/2022	8:56 PM	0.0502892000	42.200	15.501	17.500	0.0000010000	-0.0000588230	9.7208385952E-9	-0.0000053326	1.8160393026E-9	7.400	26.700
6/21/2022	8:57 PM	0.0477747400	42.200	15.501	17.500	0.0000010000	-0.0000588195	4.3830996919E-9	-0.0000053536	9.3794980865E-10	7.400	26.700
6/21/2022	8:58 PM	0.0452602800	42.200	15.503	17.501	0.0000010000	-0.0000588251	6.8112740436E-9	-0.0000053584	1.8953024635E-9	7.400	26.700
6/21/2022	8:59 PM	0.0427458200	42.200	15.500	17.500	0.0000010000	-0.0000588457	9.7102944581E-9	-0.0000053543	6.8728772252E-10	7.400	26.700
6/21/2022	8:59 PM	0.0402313600	42.200	15.498	17.500	0.0000010000	-0.0000588445	6.7734872873E-9	-0.0000053630	7.2820159556E-10	7.400	26.700
6/21/2022	9:00 PM	0.0377169000	42.200	15.498	17.500	0.0000010000	-0.0000588377	7.2038456328E-9	-0.0000053440	5.2867640737E-10	7.400	26.700
6/21/2022	9:01 PM	0.0352024400	42.200	15.503	17.500	0.0000010000	-0.0000588200	8.0914225303E-9	-0.0000053559	6.3851648071E-10	7.400	26.700
6/21/2022	9:01 PM	0.0326879800	42.200	15.498	17.500	0.0000010000	-0.0000588359	8.1488346376E-9	-0.0000053415	9.3186001849E-10	7.400	26.700
6/21/2022	9:02 PM	0.0301735200	42.200	15.499	17.500	0.0000010000	-0.0000588224	7.6791206868E-9	-0.0000053414	8.4010949186E-10	7.400	26.700
6/21/2022	9:03 PM	0.0276590600	42.200	15.502	17.500	0.0000010000	-0.0000588231	4.7741493586E-9	-0.0000053675	1.3639430989E-9	7.400	26.700
6/21/2022	9:03 PM	0.0251446000	42.200	15.501	17.500	0.0000010000	-0.0000588269	8.4258383691E-9	-0.0000053213	2.3621748310E-9	7.400	26.700
6/21/2022	9:04 PM	0.0226301400	42.200	15.500	17.500	0.0000010000	-0.0000588251	9.6163094569E-9	-0.0000053511	1.0762023181E-9	7.400	26.700
6/21/2022	9:05 PM	0.0201156800	42.200	15.499	17.500	0.0000010000	-0.0000588207	5.0630344881E-9	-0.0000053402	1.1488690047E-9	7.400	26.700
6/21/2022	9:06 PM	0.0176012200	42.200	15.498	17.500	0.0000010000	-0.0000588332	6.7542506387E-9	-0.0000053499	9.1763500472E-10	7.400	26.700
6/21/2022	9:06 PM	0.0150867600	42.200	15.508	17.501	0.0000010000	-0.0000588319	7.9731014042E-9	-0.0000053549	1.7720316450E-9	7.400	26.700
6/21/2022	9:07 PM	0.0125723000	42.200	15.502	17.500	0.0000010000	-0.0000588430	4.6145592269E-9	-0.0000053466	2.2247448714E-10	7.400	26.700
6/21/2022	9:08 PM	0.0100578400	42.200	15.500	17.500	0.0000010000	-0.0000588217	8.0856649304E-9	-0.0000053515	7.2166385809E-10	7.400	26.700
6/21/2022	9:08 PM	0.0075433800	42.200	15.501	17.500	0.0000010000	-0.0000588276	9.9614522051E-9	-0.0000053552	5.5259075049E-10	7.400	26.700
6/21/2022	9:09 PM	0.0050289200	42.200	15.502	17.500	0.0000010000	-0.0000588134	5.6160690586E-9	-0.0000053658	6.1719913269E-10	7.400	26.700
6/21/2022	9:10 PM	0.0025144600	42.200	15.505	17.501	0.0000010000	-0.0000588153	7.9930751579E-9	-0.0000053355	1.9679034837E-9	7.400	26.700
6/21/2022	9:10 PM	0.0000000000	42.200	15.505	17.501	0.0000010000	-0.0000588099	9.0369208327E-9	-0.0000053258	2.2624621238E-9	7.400	26.600
6/21/2022	9:11 PM	-0.0025144600	42.200	15.502	17.500	0.0000010000	-0.0000588143	8.2654596424E-9	-0.0000053519	1.4557877453E-9	7.400	26.700
6/21/2022	9:12 PM	-0.0050289200	42.200	15.498	17.500	0.0000010000	-0.0000588360	1.0100503139E-8	-0.0000053610	6.2911671436E-10	7.400	26.700
6/21/2022	9:13 PM	-0.0075433800	42.200	15.497	17.500	0.0000010000	-0.0000588319	8.4903742516E-9	-0.0000053396	1.2247448714E-9	7.400	26.700
6/21/2022	9:13 PM	-0.0100578400	42.200	15.501	17.500	0.0000010000	-0.0000588240	6.5960092043E-9	-0.0000053466	7.4295816944E-10	7.400	26.700
6/21/2022	9:14 PM	-0.0125723000	42.200	15.499	17.500	0.0000010000	-0.0000588344	8.9826198113E-9	-0.0000053612	2.8058837015E-10	7.400	26.600
6/21/2022	9:15 PM	-0.0150867600	42.200	15.501	17.500	0.0000010000	-0.0000588316	6.9622261692E-9	-0.0000053434	8.3900310986E-10	7.400	26.600
6/21/2022	9:16 PM	-0.0176012200	42.200	15.499	17.500	0.0000010000	-0.0000588173	8.4216188570E-9	-0.0000053452	1.3953874667E-9	7.400	26.600
6/21/2022	9:16 PM	-0.0201156800	42.200	15.501	17.500	0.0000010000	-0.0000588251	5.4858109008E-9	-0.0000053497	1.3953874667E-9	7.400	26.600
6/21/2022	9:17 PM	-0.0226301400	42.200	15.502	17.501	0.0000010000	-0.0000588378	8.1015327832E-9	-0.0000053546	3.5495097568E-10	7.400	26.600
6/21/2022	9:18 PM	-0.0251446000	42.200	15.500	17.501	0.0000010000	-0.0000588253	4.5214015299E-9	-0.0000053573	3.0955735648E-10	7.400	26.600
6/21/2022	9:18 PM	-0.0276590600	42.200	15.501	17.500	0.0000010000	-0.0000588334	1.1493575618E-8	-0.0000053576	4.1068966709E-10	7.400	26.600
6/21/2022	9:19 PM	-0.0301735200	39.000	15.500	17.501	0.0000010000	-0.0000588198	8.9136338938E-9	-0.0000053526	7.8102496759E-10	7.400	26.600
6/21/2022	9:20 PM	-0.0326879800	39.000	15.497	17.500	0.0000010000	-0.0000588237	6.0036904370E-9	-0.0000053741	1.7853428299E-9	7.400	26.600
6/21/2022	9:21 PM	-0.0352024400	39.000	15.501	17.500	0.0000010000	-0.0000588096	3.2338674493E-9	-0.0000053521	9.7831803736E-10	7.400	26.600
6/21/2022	9:21 PM	-0.0377169000	39.000	15.499	17.500	0.0000010000	-0.0000588254	4.7865857800E-9	-0.0000053457	1.6371605431E-9	7.400	26.600
6/21/2022	9:22 PM	-0.0402313600	39.000	15.497	17.500	0.0000010000	-0.0000588248	8.0127213138E-9	-0.0000053505	5.8309518948E-10	7.400	26.600
6/21/2022	9:23 PM	-0.0427458200	39.000	15.499	17.500	0.0000010000	-0.0000588225	6.9101094434E-9	-0.0000053607	1.0934412214E-9	7.400	26.600
6/21/2022	9:23 PM	-0.0452602800	39.000	15.499	17.500	0.0000010000	-0.0000588111	9.7958668669E-9	-0.0000053569	6.6099096785E-10	7.400	26.600
6/21/2022	9:24 PM	-0.0477747400	39.000	15.499	17.500	0.0000010000	-0.0000588434	8.9278642320E-9	-0.0000053625	7.0710678119E-10	7.400	26.600
6/21/2022	9:25 PM	-0.0502892000	39.000	15.499	17.500	0.0000010000	-0.0000588361	5.5450334313E-9	-0.0000053576	1.0232844665E-9	7.400	26.600
6/21/2022	9:26 PM	-0.0528036600	39.000	15.500	17.500	0.0000010000	-0.0000588187	6.9991824256E-9	-0.0000053553	1.2234076132E-9	7.300	26.600
6/21/2022	9:26 PM	-0.0553181200	39.000	15.501	17.500	0.0000010000	-0.0000588380	9.7022537692E-9	-0.0000053517	1.4046790257E-9	7.300	26.600
6/21/2022	9:27 PM	-0.0578325800	39.000	15.501	17.501	0.0000010000	-0.0000588362	9.9062191430E-9	-0.0000053559	8.6988284501E-10	7.300	26.600
6/21/2022	9:28 PM	-0.0603470400	39.000	15.498	17.499	0.0000010000	-0.0000588229	8.7321930619E-9	-0.0000053419	3.3717612453E-9	7.300	26.600
6/21/2022	9:28 PM	-0.0628615000	39.000	15.502	17.500	0.0000010000	-0.0000588306	8.6096781500E-9	-0.0000053606	1.0704262972E-9	7.300	26.600
6/21/2022	9:29 PM	-0.0653759600	39.000	15.500	17.500	0.0000010000	-0.0000588523	7.3124844603E-9	-0.0000053550	3.7742546282E-10	7.300	26.600
6/21/2022	9:30 PM	-0.0678904200	39.000	15.502	17.500	0.0000010000	-0.0000588338	8.5040587876E-9	-0.0000053530	3.2247448714E-10	7.300	26.600
6/21/2022	9:30 PM	-0.0704048800	39.000	15.501	17.499	0.0000010000	-0.0000588322	9.4083716301E-9	-0.0000053601	3.2360679775E-10	7.300	26.600
6/21/2022	9:31 PM	-0.0729193400	39.000	15.499	17.500	0.0000010000	-0.0000588290	7.4674229057E-9	-0.0000053521	1.9382905663E-9	7.300	26.600
6/21/2022	9:32 PM	-0.0754338000	39.000	15.499	17.500	0.0000010000	-0.0000588287	8.7228238165E-9	-0.0000053632	7.4031242374E-10	7.300	26.600
6/21/2022	9:33 PM	-0.0779482600	39.000	15.498	17.499	0.0000010000	-0.0000588217	6.8332032854E-9	-0.0000053171	4.4711086856E-9	7.300	26.600
6/21/2022	9:33 PM	-0.0804627200	39.000	15.500	17.501	0.0000010000	-0.0000588267	5.1285018351E-9	-0.0000053479	1.3472193585E-9	7.300	26.600
6/21/2022	9:34 PM	-0.0829771800	39.000	15.500	17.501	0.0000010000	-0.0000588281	6.2427625520E-9	-0.0000053500	5.1874534837E-10	7.300	26.600
6/21/2022	9:35 PM	-0.0854916400	39.000	15.501	17.500	0.0000010000	-0.0000588297	8.0328820960E-9	-0.0000053398	1.5002878847E-9	7.300	26.600
6/21/2022	9:35 PM	-0.0880061000	39.000	15.500	17.501	0.0000010000	-0.0000588302	9.5584678599E-9	-0.0000053468	8.3631818358E-10	7.300	26.600
6/21/2022	9:36 PM	-0.0905205600	39.000	15.498	17.500	0.0000010000	-0.0000588341	9.8892348078E-9	-0.0000053615	6.6368092477E-10	7.300	26.600
6/21/2022	9:37 PM	-0.0930350200	39.000	15.501	17.499	0.0000010000	-0.0000588420	6.6094756422E-9	-0.0000053570	9.3794980865E-10	7.300	26.600
6/21/2022	9:38 PM	-0.0955494800	39.000	15.499	17.500	0.0000010000	-0.0000588454	8.9569442699E-9	-0.0000053485	2.8708286934E-10	7.300	26.600
6/21/2022	9:38 PM	-0.0980639400	39.000	15.501	17.500	0.0000010000	-0.0000588281	6.7517735559E-9	-0.0000053550	8.2789503962E-10	7.300	26.600
6/21/2022	9:39 PM	-0.1005784000	39.000	15.500	17.500	0.0000010000	-0.0000588210	5.9039162887E-9	-0.0000053628	5.3011626335E-10	7.300	26.600
6/21/2022	9:40 PM	-0.1030928600	39.000	15.499	17.500	0.0000010000	-0.0000588219	7.0176591234E-9	-0.0000053400	7.3851648071E-10	7.300	26.600
6/21/2022	9:40 PM	-0.1056073200	39.000	15.501	17.500	0.0000010000	-0.0000588192	1.1327158516E-8	-0.0000053494	8.0620192023E-10	7.300	26.600
6/21/2022	9:41 PM	-0.1081217800	39.000	15.506	17.500	0.0000010000	-0.0000588256	1.0519694971E-8	-0.0000053502	3.0955735648E-10	7.300	26.600
6/21/2022	9:42 PM	-0.1106362400	39.000	15.503	17.500	0.0000010000	-0.0000588277	4.3618633516E-9	-0.0000053536	5.3166247904E-10	7.300	26.600
6/21/2022	9:43 PM	-0.1131507000	39.000	15.502	17.500	0.0000010000	-0.0000588238	1.0489106994E-8	-0.0000053450	1.1795545314E-9	7.300	26.600
6/21/2022	9:43 PM	-0.1156651600	39.000	15.497	17.500	0.0000010000	-0.0000588519	5.6700423371E-9	-0.0000053469	3.7742546282E-10	7.300	26.600
6/21/2022	9:44 PM	-0.1181796200	39.000	15.502	17.500	0.0000010000	-0.0000588314	7.3205367382E-9	-0.0000053387	1.3297063286E-9	7.300	26.600
6/21/2022	9:45 PM	-0.1206940800	39.000	15.500	17.500	0.0000010000	-0.0000588237	9.0580772138E-9	-0.0000053555	9.3071357894E-10	7.300	26.600
6/21/2022	9:45 PM	-0.1232085400	39.000	15.500	17.500	0.0000010000	-0.0000588344	7.7152347247E-9	-0.0000053563	8.6833489764E-10	7.300	26.600
6/21/2022	9:46 PM	-0.1257230000	39.000	15.499	17.500	0.0000010000	-0.0000588458	8.1094411958E-9	-0.0000053465	5.2867640737E-10	7.300	26.600
6/21/2022	9:47 PM	-0.1282374600	39.000	15.498	17.500	0.0000010000	-0.0000588292	6.2998519837E-9	-0.0000053233	3.1111853256E-9	7.300	26.600
6/21/2022	9:48 PM	-0.1307519200	39.000	15.498	17.500	0.0000010000	-0.0000588315	8.9571362699E-9	-0.0000053652	8.8881944173E-10	7.300	26.500
6/21/2022	9:48 PM	-0.1332663800	39.000	15.503	17.501	0.0000010000	-0.0000588336	1.0703205826E-8	-0.0000053416	1.5636809248E-9	7.300	26.500
6/21/2022	9:49 PM	-0.1357808400	39.000	15.505	17.500	0.0000010000	-0.0000588361	5.3063092680E-9	-0.0000053600	8.5910327436E-10	7.300	26.500
6/21/2022	9:50 PM	-0.1382953000	39.000	15.500	17.500	0.0000010000	-0.0000588428	9.3045032213E-9	-0.0000053452	6.1719913269E-10	7.300	26.500
6/21/2022	9:50 PM	-0.1408097600	39.000	15.501	17.499	0.0000010000	-0.0000588155	7.8300291966E-9	-0.0000038354	1.0519202405E-9	7.300	26.600
6/21/2022	9:51 PM	-0.1433242200	39.000	15.501	17.500	0.0000010000	-0.0000588141	8.7528688400E-9	-0.0000038270	1.6104154189E-9	7.300	26.600
6/21/2022	9:52 PM	-0.1458386800	39.000	15.501	17.500	0.0000010000	-0.0000588058	1.0467033788E-8	-0.0000038239	5.0620192023E-10	7.300	26.500
6/21/2022	9:52 PM	-0.1483531400	39.000	15.499	17.500	0.0000010000	-0.0000588326	7.0108034828E-9	-0.0000038150	1.1540368496E-9	7.300	26.500
6/21/2022	9:53 PM	-0.1508676000	39.000	15.501	17.500	0.0000010000	-0.0000588395	6.4584341415E-9	-0.0000038169	4.1402208188E-10	7.300	26.500
6/21/2022	9:54 PM	-0.1533820600	39.000	15.504	17.500	0.0000010000	-0.0000588321	6.2127801369E-9	-0.0000038124	7.2559935005E-10	7.300	26.500
6/21/2022	9:55 PM	-0.1558965200	39.000	15.502	17.500	0.0000010000	-0.0000588118	8.4040080180E-9	-0.0000038209	1.4658783303E-9	7.300	26.500
6/21/2022	9:55 PM	-0.1584109800	39.000	15.503	17.501	0.0000010000	-0.0000588269	7.6028857290E-9	-0.0000038099	7.6588924377E-10	7.300	26.500
6/21/2022	9:56 PM	-0.1609254400	39.000	15.503	17.500	0.0000010000	-0.0000588181	7.5772544146E-9	-0.0000038113	1.5709181196E-9	7.300	26.500
6/21/2022	9:57 PM	-0.1634399000	39.000	15.505	17.500	0.0000010000	-0.0000588195	8.9402585335E-9	-0.0000038219	1.0000000000E-10	7.300	26.500
6/21/2022	9:57 PM	-0.1659543600	39.000	15.503	17.500	0.0000010000	-0.0000588304	7.9755286727E-9	-0.0000038376	1.9480674750E-9	7.300	26.500
6/21/2022	9:58 PM	-0.1684688200	39.000	15.500	17.500	0.0000010000	-0.0000588094	8.5894068258E-9	-0.0000038366	1.0525282490E-9	7.300	26.500
6/21/2022	9:59 PM	-0.1709832800	39.000	15.498	17.500	0.0000010000	-0.0000588091	1.0136233656E-8	-0.0000038099	7.4833147735E-10	7.300	26.500
6/21/2022	9:59 PM	-0.1734977400	39.000	15.497	17.500	0.0000010000	-0.0000588176	9.9556710354E-9	-0.0000038300	1.0725725623E-9	7.300	26.500
6/21/2022	10:00 PM	-0.1760122000	39.000	15.500	17.500	0.0000010000	-0.0000588341	1.0447141558E-8	-0.0000038128	7.6212327846E-10	7.300	26.500
6/21/2022	10:01 PM	-0.1785266600	39.000	15.500	17.500	0.0000010000	-0.0000588180	9.8785178734E-9	-0.0000038167	6.0415229868E-10	7.300	26.500
6/21/2022	10:02 PM	-0.1810411200	39.000	15.500	17.500	0.0000010000	-0.0000588083	7.9905727383E-9	-0.0000038135	8.0756655164E-10	7.300	26.500
6/21/2022	10:02 PM	-0.1835555800	39.000	15.496	17.500	0.0000010000	-0.0000588142	5.4732933619E-9	-0.0000038218	4.7602787773E-10	7.300	26.500
6/21/2022	10:03 PM	-0.1860700400	39.000	15.501	17.501	0.0000010000	-0.0000588148	4.6367980723E-9	-0.0000038252	8.2739529308E-10	7.300	26.500
6/21/2022	10:04 PM	-0.1885845000	39.000	15.502	17.500	0.0000010000	-0.0000588108	5.1165329225E-9	-0.0000038128	4.7416573868E-10	7.300	26.500
6/21/2022	10:04 PM	-0.1910989600	39.000	15.504	17.500	0.0000010000	-0.0000588101	6.7553832891E-9	-0.0000038125	1.1442591062E-9	7.300	26.500
6/21/2022	10:05 PM	-0.1936134200	39.000	15.502	17.500	0.0000010000	-0.0000588117	5.0250559698E-9	-0.0000038174	9.1763500472E-10	7.300	26.500
6/21/2022	10:06 PM	-0.1961278800	39.000	15.500	17.500	0.0000010000	-0.0000588134	8.4256964024E-9	-0.0000038215	7.0710678119E-10	7.300	26.500
6/21/2022	10:07 PM	-0.1986423400	39.000	15.497	17.500	0.0000010000	-0.0000588154	9.3612022938E-9	-0.0000038236	5.0620192023E-10	7.300	26.500
6/21/2022	10:07 PM	-0.2011568000	39.000	15.502	17.500	0.0000010000	-0.0000588074	7.1806189102E-9	-0.0000038305	9.3794980865E-10	7.300	26.500
6/21/2022	10:08 PM	-0.2036712600	39.000	15.501	17.501	0.0000010000	-0.0000588135	6.6331998168E-9	-0.0000038186	5.4649857042E-10	7.300	26.500
6/21/2022	10:09 PM	-0.2061857200	39.000	15.501	17.500	0.0000010000	-0.0000588210	6.7040998010E-9	-0.0000038229	1.3711048712E-9	7.300	26.500
6/21/2022	10:09 PM	-0.2087001800	39.000	15.501	17.500	0.0000010000	-0.0000588100	6.5299585599E-9	-0.0000038013	2.6301162634E-9	7.300	26.500
6/21/2022	10:10 PM	-0.2112146400	39.000	15.501	17.500	0.0000010000	-0.0000588133	1.0694250879E-8	-0.0000038224	6.6368092477E-10	7.300	26.500
6/21/2022	10:11 PM	-0.2137291000	39.000	15.500	17.500	0.0000010000	-0.0000588171	8.9175590405E-9	-0.0000037941	1.9213462859E-9	7.300	26.500
6/21/2022	10:11 PM	-0.2162435600	39.000	15.502	17.500	0.0000010000	-0.0000588242	1.2088090823E-8	-0.0000038385	1.0730851267E-9	7.300	26.500
6/21/2022	10:12 PM	-0.2187580200	39.000	15.501	17.500	0.0000010000	-0.0000588112	9.6384570168E-9	-0.0000038184	5.8615541191E-10	7.300	26.500
6/21/2022	10:13 PM	-0.2212724800	39.000	15.500	17.500	0.0000010000	-0.0000588181	9.0405400413E-9	-0.0000038325	1.5355758232E-9	7.300	26.500
6/21/2022	10:13 PM	-0.2237869400	39.000	15.500	17.501	0.0000010000	-0.0000588152	7.1587998771E-9	-0.0000037959	1.6698444093E-9	7.300	26.500
6/21/2022	10:14 PM	-0.2263014000	39.000	15.501	17.500	0.0000010000	-0.0000588046	9.2778185168E-9	-0.0000038204	1.1803670365E-9	7.300	26.500
6/21/2022	10:15 PM	-0.2288158600	39.000	15.499	17.500	0.0000010000	-0.0000588199	1.1473095595E-8	-0.0000038047	1.0759023111E-9	7.300	26.500
6/21/2022	10:16 PM	-0.2313303200	39.000	15.500	17.499	0.0000010000	-0.0000588201	9.9845287538E-9	-0.0000038193	5.8309518948E-10	7.300	26.500
6/21/2022	10:16 PM	-0.2338447800	39.000	15.502	17.500	0.0000010000	-0.0000588220	7.4188932118E-9	-0.0000038164	8.3631818358E-10	7.300	26.500
6/21/2022	10:17 PM	-0.2363592400	39.000	15.496	17.500	0.0000010000	-0.0000588113	1.0120098948E-8	-0.0000038220	2.7386127875E-10	7.300	26.500
6/21/2022	10:18 PM	-0.2388737000	39.000	15.497	17.500	0.0000010000	-0.0000588033	1.0297338585E-8	-0.0000038167	8.2739529308E-10	7.300	26.500
6/21/2022	10:18 PM	-0.2413881600	39.000	15.499	17.500	0.0000010000	-0.0000588178	6.1234663998E-9	-0.0000038292	1.8477212477E-9	7.300	26.500
6/21/2022	10:19 PM	-0.2439026200	39.000	15.500	17.501	0.0000010000	-0.0000588196	7.3377398459E-9	-0.0000038164	4.0000000000E-10	7.300	26.500
6/21/2022	10:20 PM	-0.2464170800	40.400	15.502	17.500	0.0000010000	-0.0000588229	7.4183397531E-9	-0.0000038026	9.8358271956E-10	7.300	26.500
6/21/2022	10:21 PM	-0.2489315400	40.400	15.498	17.500	0.0000010000	-0.0000588155	7.9987100784E-9	-0.0000038008	8.1723431537E-10	7.300	26.500
6/21/2022	10:21 PM	-0.2514460000	40.400	15.500	17.499	0.0000010000	-0.0000588047	6.2685217153E-9	-0.0000038395	1.5324452740E-9	7.300	26.500
6/21/2022	10:22 PM	-0.2539604600	40.400	15.498	17.500	0.0000010000	-0.0000588161	7.4966886221E-9	-0.0000038293	1.5263255747E-9	7.300	26.500
6/21/2022	10:23 PM	-0.2564749200	40.400	15.497	17.499	0.0000010000	-0.0000588142	7.3173974458E-9	-0.0000038252	1.1176350047E-9	7.300	26.500
6/21/2022	10:23 PM	-0.2589893800	40.400	15.501	17.500	0.0000010000	-0.0000588111	6.3115603296E-9	-0.0000038278	7.3838830480E-10	7.300	26.500
6/21/2022	10:24 PM	-0.2615038400	40.400	15.501	17.500	0.0000010000	-0.0000588093	9.3848235695E-9	-0.0000038282	8.1414284285E-10	7.300	26.500
6/21/2022	10:25 PM	-0.2640183000	40.400	15.501	17.500	0.0000010000	-0.0000588361	1.0557406460E-8	-0.0000038236	1.4004670273E-9	7.300	26.500
6/21/2022	10:26 PM	-0.2665327600	40.400	15.499	17.500	0.0000010000	-0.0000588141	7.8777256900E-9	-0.0000038289	1.3144957801E-9	7.300	26.500
6/21/2022	10:26 PM	-0.2690472200	40.400	15.499	17.500	0.0000010000	-0.0000588071	7.6077314748E-9	-0.0000038144	4.5355339059E-10	7.300	26.500
6/21/2022	10:27 PM	-0.2715616800	40.400	15.501	17.501	0.0000010000	-0.0000588214	6.1702179902E-9	-0.0000038088	1.0337686373E-9	7.300	26.500
6/21/2022	10:28 PM	-0.2740761400	40.400	15.500	17.500	0.0000010000	-0.0000587986	6.5834101366E-9	-0.0000038197	7.2771912927E-10	7.300	26.500
6/21/2022	10:29 PM	-0.2765906000	40.400	15.502	17.501	0.0000010000	-0.0000588134	4.9231596002E-9	-0.0000038180	1.0770329614E-9	7.200	26.500
6/21/2022	10:29 PM	-0.2791050600	40.400	15.500	17.500	0.0000010000	-0.0000588265	9.9473424361E-9	-0.0000038163	4.7863046408E-10	7.300	26.500
6/21/2022	10:30 PM	-0.2816195200	40.400	15.499	17.500	0.0000010000	-0.0000588122	6.3650408928E-9	-0.0000038060	1.4956692968E-9	7.300	26.500
6/21/2022	10:31 PM	-0.2841339800	40.400	15.502	17.500	0.0000010000	-0.0000587986	8.4340309254E-9	-0.0000038134	7.1237243570E-10	7.200	26.500
6/21/2022	10:31 PM	-0.2866484400	40.400	15.500	17.501	0.0000010000	-0.0000588194	9.5786809964E-9	-0.0000038059	3.7386127875E-10	7.200	26.500
6/21/2022	10:32 PM	-0.2891629000	40.400	15.501	17.500	0.0000010000	-0.0000588045	9.5650669296E-9	-0.0000038274	5.2619936849E-10	7.300	26.500
6/21/2022	10:33 PM	-0.2916773600	40.400	15.501	17.500	0.0000010000	-0.0000588117	1.4084422758E-8	-0.0000038036	1.6111589166E-9	7.200	26.500
6/21/2022	10:33 PM	-0.2941918200	40.400	15.499	17.500	0.0000010000	-0.0000588227	8.0970427389E-9	-0.0000037812	3.2465743575E-9	7.300	26.500
6/21/2022	10:34 PM	-0.2967062800	40.400	15.503	17.500	0.0000010000	-0.0000588240	9.8001967571E-9	-0.0000038303	1.3661637486E-9	7.200	26.500
6/21/2022	10:35 PM	-0.2992207400	40.400	15.502	17.500	0.0000010000	-0.0000588098	9.1939149031E-9	-0.0000038157	3.0955735648E-10	7.200	26.500
6/21/2022	10:36 PM	-0.3017352000	40.400	15.495	17.500	0.0000010000	-0.0000588104	8.5069681189E-9	-0.0000038254	1.0091825995E-9	7.300	26.500
6/21/2022	10:36 PM	-0.3042496600	40.400	15.497	17.500	0.0000010000	-0.0000588163	8.6977046594E-9	-0.0000038069	8.8740730319E-10	7.300	26.500
6/21/2022	10:37 PM	-0.3067641200	40.400	15.502	17.501	0.0000010000	-0.0000588201	7.5606656321E-9	-0.0000037967	3.0876092775E-9	7.200	26.400
6/21/2022	10:38 PM	-0.3092785800	40.400	15.501	17.500	0.0000010000	-0.0000588140	6.5787792698E-9	-0.0000038190	3.9154759474E-10	7.200	26.400
6/21/2022	10:38 PM	-0.3117930400	40.400	15.500	17.500	0.0000010000	-0.0000588149	5.7957039031E-9	-0.0000038063	7.7008771255E-10	7.200	26.500
6/21/2022	10:39 PM	-0.3143075000	40.400	15.503	17.500	0.0000010000	-0.0000588068	7.5437291270E-9	-0.0000038169	7.4295816944E-10	7.200	26.500
6/21/2022	10:40 PM	-0.3168219600	40.400	15.503	17.500	0.0000010000	-0.0000588193	6.7332219161E-9	-0.0000038095	7.2166385809E-10	7.200	26.400
6/21/2022	10:40 PM	-0.3193364200	40.400	15.498	17.500	0.0000010000	-0.0000588235	6.6672336332E-9	-0.0000038136	1.8708286934E-10	7.200	26.400
6/21/2022	10:41 PM	-0.3218508800	40.400	15.498	17.499	0.0000010000	-0.0000587999	5.0151798237E-9	-0.0000037951	1.9912380324E-9	7.300	26.500
6/21/2022	10:42 PM	-0.3243653400	40.400	15.501	17.500	0.0000010000	-0.0000587990	9.3053074432E-9	-0.0000038131	7.9842630675E-10	7.200	26.400
6/21/2022	10:43 PM	-0.3268798000	40.400	15.498	17.500	0.0000010000	-0.0000588063	5.9880247267E-9	-0.0000038020	1.8774983356E-9	7.200	26.400
6/21/2022	10:43 PM	-0.3293942600	40.400	15.498	17.500	0.0000010000	-0.0000588041	9.5775947288E-9	-0.0000038144	3.0955735648E-10	7.200	26.400
6/21/2022	10:44 PM	-0.3319087200	40.400	15.499	17.500	0.0000010000	-0.0000588057	6.8719786595E-9	-0.0000038291	1.0359759433E-9	7.200	26.400
6/21/2022	10:45 PM	-0.3344231800	40.400	15.500	17.500	0.0000010000	-0.0000588109	7.2114570524E-9	-0.0000038115	1.0054736311E-9	7.200	26.400
6/21/2022	10:45 PM	-0.3369376400	40.400	15.498	17.500	0.0000010000	-0.0000588059	8.5526709800E-9	-0.0000038296	1.1250678633E-9	7.200	26.400
6/21/2022	10:46 PM	-0.3394521000	40.400	15.501	17.500	0.0000010000	-0.0000588079	6.3654513988E-9	-0.0000038078	9.0977870193E-10	7.200	26.400
6/21/2022	10:47 PM	-0.3419665600	40.400	15.500	17.500	0.0000010000	-0.0000588141	7.9306540710E-9	-0.0000038136	1.6405411544E-9	7.200	26.400
6/21/2022	10:48 PM	-0.3444810200	40.400	15.500	17.500	0.0000010000	-0.0000588058	6.0533874560E-9	-0.0000038063	1.0573214100E-9	7.200	26.500
6/21/2022	10:48 PM	-0.3469954800	40.400	15.500	17.501	0.0000010000	-0.0000588063	2.8554352452E-9	-0.0000038143	1.0337686373E-9	7.200	26.400
6/21/2022	10:49 PM	-0.3495099400	40.400	15.499	17.500	0.0000010000	-0.0000588072	8.6316599992E-9	-0.0000037952	1.9888194417E-9	7.200	26.400
6/21/2022	10:50 PM	-0.3520244000	40.400	15.500	17.501	0.0000010000	-0.0000588006	8.8570958381E-9	-0.0000038156	1.1070229163E-9	7.200	26.400
6/21/2022	10:50 PM	-0.3545388600	40.400	15.503	17.501	0.0000010000	-0.0000588165	6.5344709633E-9	-0.0000038298	8.5192024052E-10	7.200	26.400
6/21/2022	10:51 PM	-0.3570533200	40.400	15.497	17.500	0.0000010000	-0.0000588128	6.7295117960E-9	-0.0000038104	8.8740730319E-10	7.200	26.400
6/21/2022	10:52 PM	-0.3595677800	40.400	15.500	17.500	0.0000010000	-0.0000588141	7.7241362498E-9	-0.0000038012	1.5392188410E-9	7.200	26.400
6/21/2022	10:53 PM	-0.3620822400	40.400	15.500	17.500	0.0000010000	-0.0000588048	5.8274643820E-9	-0.0000037995	1.8510478998E-9	7.200	26.400
6/21/2022	10:53 PM	-0.3645967000	40.400	15.500	17.500	0.0000010000	-0.0000588124	6.3020450873E-9	-0.0000038156	5.0990195136E-10	7.200	26.400
6/21/2022	10:54 PM	-0.3671111600	40.400	15.499	17.500	0.0000010000	-0.0000588091	4.9554702842E-9	-0.0000038110	3.2247448714E-10	7.200	26.400
6/21/2022	10:55 PM	-0.3696256200	40.400	15.500	17.500	0.0000010000	-0.0000588084	4.3291373170E-9	-0.0000038139	1.3520707091E-9	7.200	26.400
6/21/2022	10:55 PM	-0.3721400800	40.400	15.500	17.500	0.0000010000	-0.0000588032	8.9024655991E-9	-0.0000038323	1.4280502339E-9	7.200	26.400
6/21/2022	10:56 PM	-0.3746545400	40.400	15.501	17.500	0.0000010000	-0.0000588068	8.6407136651E-9	-0.0000038084	2.2247448714E-10	7.200	26.400
6/21/2022	10:57 PM	-0.3771690000	40.400	15.501	17.500	0.0000010000	-0.0000588071	9.0290236687E-9	-0.0000038215	1.3217873034E-9	7.200	26.400
6/21/2022	10:58 PM	-0.3796834600	40.400	15.499	17.500	0.0000010000	-0.0000588044	9.5013679859E-9	-0.0000038139	3.0955735648E-10	7.200	26.400
6/21/2022	10:58 PM	-0.3821979200	40.400	15.502	17.500	0.0000010000	-0.0000588086	8.3188234992E-9	-0.0000038085	2.6346570319E-9	7.200	26.400
6/21/2022	10:59 PM	-0.3847123800	40.400	15.501	17.501	0.0000010000	-0.0000588040	4.3240583429E-9	-0.0000038234	1.1345783582E-9	7.200	26.400
6/21/2022	11:00 PM	-0.3872268400	40.400	15.500	17.501	0.0000010000	-0.0000588163	7.6194021206E-9	-0.0000038126	2.2247448714E-10	7.200	26.400
6/21/2022	11:00 PM	-0.3897413000	40.400	15.499	17.500	0.0000010000	-0.0000588069	7.7690805276E-9	-0.0000038214	5.8615541191E-10	7.200	26.400
6/21/2022	11:01 PM	-0.3922557600	40.400	15.497	17.500	0.0000010000	-0.0000588270	5.0271488388E-9	-0.0000038128	4.1402208188E-10	7.200	26.400
6/21/2022	11:02 PM	-0.3947702200	40.400	15.498	17.500	0.0000010000	-0.0000588132	5.5164661015E-9	-0.0000038140	1.5811388301E-10	7.200	26.400
6/21/2022	11:03 PM	-0.3972846800	40.400	15.502	17.500	0.0000010000	-0.0000588082	6.5356465261E-9	-0.0000038171	5.4649857042E-10	7.200	26.400
6/21/2022	11:03 PM	-0.3997991400	40.400	15.500	17.500	0.0000010000	-0.0000587965	6.1949151943E-9	-0.0000038090	1.6327840858E-9	7.200	26.400
6/21/2022	11:04 PM	-0.3997991400	40.400	15.501	17.500	0.0000010000	-0.0000588057	7.1115970914E-9	-0.0000038145	7.2166385809E-10	7.200	26.400
6/21/2022	11:05 PM	-0.3972846800	40.400	15.499	17.500	0.0000010000	-0.0000588201	7.0930887735E-9	-0.0000038278	8.1723431537E-10	7.200	26.400
6/21/2022	11:05 PM	-0.3947702200	40.400	15.496	17.499	0.0000010000	-0.0000587925	6.8363344438E-9	-0.0000038244	4.8476798574E-10	7.200	26.400
6/21/2022	11:06 PM	-0.3922557600	40.400	15.499	17.500	0.0000010000	-0.0000588085	7.4421027031E-9	-0.0000038269	6.6571333342E-10	7.200	26.400
6/21/2022	11:07 PM	-0.3897413000	40.400	15.497	17.500	0.0000010000	-0.0000588125	6.9441543462E-9	-0.0000038126	9.3874768826E-10	7.200	26.400
6/21/2022	11:08 PM	-0.3872268400	40.400	15.497	17.500	0.0000010000	-0.0000588144	6.8812383768E-9	-0.0000038214	5.1515439249E-10	7.200	26.400
6/21/2022	11:08 PM	-0.3847123800	40.400	15.499	17.500	0.0000010000	-0.0000588042	1.1016178592E-8	-0.0000038282	1.0730851267E-9	7.200	26.400
6/21/2022	11:09 PM	-0.3821979200	40.400	15.499	17.500	0.0000010000	-0.0000588113	7.6124431183E-9	-0.0000038046	9.5012175500E-10	7.200	26.400
6/21/2022	11:10 PM	-0.3796834600	40.400	15.497	17.500	0.0000010000	-0.0000588063	8.2162497992E-9	-0.0000037971	1.8622037586E-9	7.200	26.400
6/21/2022	11:10 PM	-0.3771690000	40.400	15.499	17.500	0.0000010000	-0.0000588209	1.1116336469E-8	-0.0000038039	6.8506723903E-10	7.200	26.400
6/21/2022	11:11 PM	-0.3746545400	40.400	15.499	17.500	0.0000010000	-0.0000588119	6.2097966227E-9	-0.0000038205	9.5166481892E-10	7.200	26.400
6/21/2022	11:12 PM	-0.3721400800	40.400	15.499	17.500	0.0000010000	-0.0000588171	1.1159909303E-8	-0.0000038154	9.9386581434E-10	7.200	26.400
6/21/2022	11:12 PM	-0.3696256200	40.400	15.498	17.500	0.0000010000	-0.0000588033	5.9767276958E-9	-0.0000038146	4.1402208188E-10	7.200	26.400
6/21/2022	11:13 PM	-0.3671111600	40.400	15.502	17.500	0.0000010000	-0.0000588074	6.9958714075E-9	-0.0000038295	9.6397017595E-10	7.200	26.400
6/21/2022	11:14 PM	-0.3645967000	40.400	15.503	17.500	0.0000010000	-0.0000588011	6.8246507273E-9	-0.0000038018	1.6723007958E-9	7.200	26.400
6/21/2022	11:14 PM	-0.3620822400	40.400	15.503	17.500	0.0000010000	-0.0000588043	7.6905716071E-9	-0.0000038185	0.0000000000E+0	7.200	26.400
6/21/2022	11:15 PM	-0.3595677800	40.400	15.499	17.500	0.0000010000	-0.0000588215	6.7230811543E-9	-0.0000038180	6.0620192023E-10	7.200	26.400
6/21/2022	11:16 PM	-0.3570533200	40.400	15.500	17.500	0.0000010000	-0.0000588048	6.0483729429E-9	-0.0000037747	3.5907899320E-9	7.200	26.400
6/21/2022	11:17 PM	-0.3545388600	40.400	15.500	17.500	0.0000010000	-0.0000587974	9.7642340434E-9	-0.0000038205	2.4494897428E-10	7.200	26.400
6/21/2022	11:17 PM	-0.3520244000	40.400	15.501	17.500	0.0000010000	-0.0000588039	4.5784711263E-9	-0.0000038175	4.7863046408E-10	7.200	26.400
6/21/2022	11:18 PM	-0.3495099400	40.400	15.505	17.500	0.0000010000	-0.0000588127	1.4988377961E-8	-0.0000038173	1.1371243210E-9	7.200	26.400
6/21/2022	11:19 PM	-0.3469954800	40.400	15.502	17.500	0.0000010000	-0.0000588156	6.8956930989E-9	-0.0000037947	2.1307275753E-9	7.200	26.400
6/21/2022	11:19 PM	-0.3444810200	42.300	15.500	17.500	0.0000010000	-0.0000588077	6.9966491637E-9	-0.0000038416	1.5408007850E-9	7.200	26.400
6/21/2022	11:20 PM	-0.3419665600	42.300	15.502	17.500	0.0000010000	-0.0000588026	7.3081397149E-9	-0.0000038163	1.6848731055E-9	7.200	26.400
6/21/2022	11:21 PM	-0.3394521000	42.300	15.501	17.500	0.0000010000	-0.0000588068	9.0667188182E-9	-0.0000038323	7.2166385809E-10	7.200	26.400
6/21/2022	11:21 PM	-0.3369376400	42.300	15.497	17.500	0.0000010000	-0.0000588147	8.7391849155E-9	-0.0000038169	6.6571333342E-10	7.200	26.400
6/21/2022	11:22 PM	-0.3344231800	42.300	15.499	17.500	0.0000010000	-0.0000588109	9.0680753378E-9	-0.0000038208	7.2771912927E-10	7.200	26.400
6/21/2022	11:23 PM	-0.3319087200	42.300	15.503	17.500	0.0000010000	-0.0000588087	7.4202701611E-9	-0.0000038059	2.0703293088E-9	7.200	26.400
6/21/2022	11:24 PM	-0.3293942600	42.300	15.504	17.500	0.0000010000	-0.0000588007	9.4785553738E-9	-0.0000038198	4.1402208188E-10	7.200	26.400
6/21/2022	11:24 PM	-0.3268798000	42.300	15.499	17.500	0.0000010000	-0.0000588035	1.0515316237E-8	-0.0000038269	8.9096990597E-10	7.200	26.400
6/21/2022	11:25 PM	-0.3243653400	42.300	15.496	17.500	0.0000010000	-0.0000588143	9.7138446692E-9	-0.0000038015	9.1488424909E-10	7.200	26.400
6/21/2022	11:26 PM	-0.3218508800	42.300	15.500	17.500	0.0000010000	-0.0000588078	6.8852386632E-9	-0.0000038227	7.2093678194E-10	7.200	26.400
6/21/2022	11:27 PM	-0.3193364200	42.300	15.500	17.500	0.0000010000	-0.0000588008	5.8417536397E-9	-0.0000038150	7.3851648071E-10	7.200	26.400
6/21/2022	11:27 PM	-0.3168219600	42.300	15.497	17.500	0.0000010000	-0.0000587915	7.4369544732E-9	-0.0000038069	1.6446120435E-9	7.200	26.400
6/21/2022	11:28 PM	-0.3143075000	42.300	15.500	17.500	0.0000010000	-0.0000588082	1.3500658416E-8	-0.0000038112	1.0677078252E-9	7.200	26.400
6/21/2022	11:29 PM	-0.3117930400	42.300	15.502	17.500	0.0000010000	-0.0000587958	6.8380509960E-9	-0.0000038162	4.6368092477E-10	7.200	26.400
6/21/2022	11:30 PM	-0.3092785800	42.300	15.500	17.500	0.0000010000	-0.0000588147	6.6652199638E-9	-0.0000038232	7.6177874239E-10	7.200	26.400
6/21/2022	11:30 PM	-0.3067641200	42.300	15.498	17.499	0.0000010000	-0.0000588059	7.6998313628E-9	-0.0000038189	2.4494897428E-10	7.200	26.400
6/21/2022	11:31 PM	-0.3042496600	42.300	15.498	17.500	0.0000010000	-0.0000588057	8.2926511962E-9	-0.0000038132	1.1052182095E-9	7.200	26.400
6/21/2022	11:32 PM	-0.3017352000	42.300	15.500	17.501	0.0000010000	-0.0000588092	8.3596619446E-9	-0.0000038097	1.8892916615E-9	7.200	26.400
6/21/2022	11:32 PM	-0.2992207400	42.300	15.501	17.500	0.0000010000	-0.0000588069	9.5195638030E-9	-0.0000038174	1.0021974055E-9	7.200	26.400
6/21/2022	11:33 PM	-0.2967062800	42.300	15.497	17.500	0.0000010000	-0.0000588010	8.4802165903E-9	-0.0000038296	1.0525282490E-9	7.200	26.400
6/21/2022	11:34 PM	-0.2941918200	42.300	15.501	17.500	0.0000010000	-0.0000587975	6.2651458580E-9	-0.0000038084	1.8079469836E-9	7.200	26.400
6/21/2022	11:34 PM	-0.2916773600	42.300	15.504	17.500	0.0000010000	-0.0000588095	6.9483145151E-9	-0.0000038116	9.3794980865E-10	7.200	26.400
6/21/2022	11:35 PM	-0.2891629000	42.300	15.501	17.500	0.0000010000	-0.0000588165	9.8081249630E-9	-0.0000038099	8.2764726786E-10	7.200	26.400
6/21/2022	11:36 PM	-0.2866484400	42.300	15.501	17.500	0.0000010000	-0.0000588104	6.7738638339E-9	-0.0000038235	2.8708286934E-10	7.200	26.400
6/21/2022	11:37 PM	-0.2841339800	42.300	15.503	17.500	0.0000010000	-0.0000587990	6.6630928972E-9	-0.0000037950	2.5865719761E-9	7.200	26.400
6/21/2022	11:37 PM	-0.2816195200	42.300	15.499	17.500	0.0000010000	-0.0000588264	9.0869158280E-9	-0.0000038220	7.0710678119E-10	7.200	26.400
6/21/2022	11:38 PM	-0.2791050600	42.300	15.500	17.500	0.0000010000	-0.0000588019	8.7441182102E-9	-0.0000038173	6.9266988975E-10	7.200	26.400
6/21/2022	11:39 PM	-0.2765906000	42.300	15.500	17.500	0.0000010000	-0.0000588137	8.3352099141E-9	-0.0000038122	8.5166481892E-10	7.200	26.400
6/21/2022	11:39 PM	-0.2740761400	42.300	15.500	17.500	0.0000010000	-0.0000588090	8.4879392010E-9	-0.0000038262	7.4721359550E-10	7.200	26.400
6/21/2022	11:40 PM	-0.2715616800	42.300	15.501	17.500	0.0000010000	-0.0000588128	8.9727188684E-9	-0.0000037774	4.5934922684E-9	7.200	26.400
6/21/2022	11:41 PM	-0.2690472200	42.300	15.498	17.500	0.0000010000	-0.0000588119	5.9674910408E-9	-0.0000038124	8.9526339942E-10	7.200	26.400
6/21/2022	11:42 PM	-0.2665327600	42.300	15.500	17.500	0.0000010000	-0.0000588059	6.4867741660E-9	-0.0000038199	7.9346745639E-10	7.200	26.400
6/21/2022	11:42 PM	-0.2640183000	42.300	15.500	17.500	0.0000010000	-0.0000588202	8.0683876949E-9	-0.0000038188	4.1306485869E-10	7.200	26.400
6/21/2022	11:43 PM	-0.2615038400	42.300	15.500	17.500	0.0000010000	-0.0000588097	6.3654928220E-9	-0.0000038396	1.6155494421E-9	7.200	26.400
6/21/2022	11:44 PM	-0.2589893800	42.300	15.501	17.500	0.0000010000	-0.0000588134	9.3908224989E-9	-0.0000038307	1.4589071543E-9	7.200	26.400
6/21/2022	11:44 PM	-0.2564749200	42.300	15.501	17.500	0.0000010000	-0.0000587907	7.2892038560E-9	-0.0000038190	8.9957081913E-10	7.200	26.400
6/21/2022	11:45 PM	-0.2539604600	42.300	15.500	17.500	0.0000010000	-0.0000588213	5.7794288221E-9	-0.0000038093	2.6627504493E-9	7.200	26.400
6/21/2022	11:46 PM	-0.2514460000	42.300	15.501	17.500	0.0000010000	-0.0000588177	1.0236640689E-8	-0.0000038244	2.9154759474E-10	7.200	26.400
6/21/2022	11:47 PM	-0.2489315400	42.300	15.503	17.501	0.0000010000	-0.0000588029	8.4882977893E-9	-0.0000038069	1.0204573611E-9	7.200	26.300
6/21/2022	11:47 PM	-0.2464170800	42.300	15.499	17.500	0.0000010000	-0.0000588143	6.2148792170E-9	-0.0000038216	5.5259075049E-10	7.200	26.400
6/21/2022	11:48 PM	-0.2439026200	42.300	15.501	17.500	0.0000010000	-0.0000588003	8.0672065993E-9	-0.0000038180	5.7008771255E-10	7.200	26.400
6/21/2022	11:49 PM	-0.2413881600	42.300	15.501	17.500	0.0000010000	-0.0000588014	6.3881835258E-9	-0.0000038242	6.9256219969E-10	7.200	26.400
6/21/2022	11:49 PM	-0.2388737000	42.300	15.501	17.500	0.0000010000	-0.0000588019	6.9600784970E-9	-0.0000038224	7.5717058189E-10	7.200	26.300
6/21/2022	11:50 PM	-0.2363592400	42.300	15.498	17.500	0.0000010000	-0.0000588033	4.0848290279E-9	-0.0000037998	1.8153996291E-9	7.200	26.400
6/21/2022	11:51 PM	-0.2338447800	42.300	15.500	17.500	0.0000010000	-0.0000588058	9.5164208781E-9	-0.0000038134	7.9154759474E-10	7.200	26.400
6/21/2022	11:51 PM	-0.2313303200	42.300	15.503	17.500	0.0000010000	-0.0000588114	8.8760130453E-9	-0.0000037958	2.1614107384E-9	7.200	26.300
6/21/2022	11:52 PM	-0.2288158600	42.300	15.503	17.501	0.0000010000	-0.0000588252	8.3585612119E-9	-0.0000038230	9.3071357894E-10	7.200	26.400
6/21/2022	11:53 PM	-0.2263014000	42.300	15.502	17.500	0.0000010000	-0.0000588127	5.5879817271E-9	-0.0000038194	1.1372230445E-9	7.200	26.400
6/21/2022	11:54 PM	-0.2237869400	42.300	15.499	17.500	0.0000010000	-0.0000588212	6.4212306156E-9	-0.0000038260	6.1719913269E-10	7.200	26.400
6/21/2022	11:54 PM	-0.2212724800	42.300	15.501	17.500	0.0000010000	-0.0000588052	7.7805810270E-9	-0.0000038233	6.0724247288E-10	7.200	26.300
6/21/2022	11:55 PM	-0.2187580200	42.300	15.501	17.500	0.0000010000	-0.0000588202	6.7184840306E-9	-0.0000038207	1.5309881428E-9	7.200	26.400
6/21/2022	11:56 PM	-0.2162435600	42.300	15.498	17.500	0.0000010000	-0.0000587906	7.4455519771E-9	-0.0000038073	1.2277189183E-9	7.200	26.400
6/21/2022	11:56 PM	-0.2137291000	42.300	15.501	17.501	0.0000010000	-0.0000588195	8.7093323621E-9	-0.0000038127	6.9154759474E-10	7.200	26.400
6/21/2022	11:57 PM	-0.2112146400	42.300	15.499	17.500	0.0000010000	-0.0000588116	8.4695483295E-9	-0.0000038118	5.6368092477E-10	7.200	26.300
6/21/2022	11:58 PM	-0.2087001800	42.300	15.499	17.500	0.0000010000	-0.0000588219	6.4432872563E-9	-0.0000038060	1.1488690047E-9	7.200	26.400
6/21/2022	11:58 PM	-0.2061857200	42.300	15.499	17.500	0.0000010000	-0.0000588023	8.5990075650E-9	-0.0000038297	1.1319883720E-9	7.200	26.400
6/21/2022	11:59 PM	-0.2036712600	42.300	15.499	17.500	0.0000010000	-0.0000588072	7.6667643398E-9	-0.0000038095	6.1719913269E-10	7.200	26.300
6/22/2022	12:00 AM	-0.2011568000	42.300	15.501	17.500	0.0000010000	-0.0000588185	9.5135995577E-9	-0.0000038256	1.0532593420E-9	7.200	26.300
6/22/2022	12:01 AM	-0.1986423400	42.300	15.499	17.500	0.0000010000	-0.0000588052	8.6516065702E-9	-0.0000038039	1.3938179790E-9	7.200	26.400
6/22/2022	12:01 AM	-0.1961278800	42.300	15.500	17.500	0.0000010000	-0.0000588070	6.8699747061E-9	-0.0000038105	1.0403124237E-9	7.200	26.400
6/22/2022	12:02 AM	-0.1936134200	42.300	15.500	17.500	0.0000010000	-0.0000588191	9.9625657770E-9	-0.0000038240	6.6368092477E-10	7.200	26.300
6/22/2022	12:03 AM	-0.1910989600	42.300	15.500	17.500	0.0000010000	-0.0000588232	8.5713811993E-9	-0.0000038155	5.8615541191E-10	7.200	26.400
6/22/2022	12:04 AM	-0.1885845000	42.300	15.499	17.500	0.0000010000	-0.0000588103	7.0267828733E-9	-0.0000038252	3.9154759474E-10	7.200	26.300
6/22/2022	12:04 AM	-0.1860700400	42.300	15.501	17.500	0.0000010000	-0.0000588241	5.4007910147E-9	-0.0000038344	1.9853280677E-9	7.200	26.300
6/22/2022	12:05 AM	-0.1835555800	42.300	15.504	17.500	0.0000010000	-0.0000588192	6.6736745883E-9	-0.0000038184	8.3006407546E-10	7.100	26.300
6/22/2022	12:06 AM	-0.1810411200	42.300	15.505	17.501	0.0000010000	-0.0000588128	8.0831635389E-9	-0.0000038150	5.0000000000E-10	7.100	26.300
6/22/2022	12:06 AM	-0.1785266600	42.300	15.500	17.500	0.0000010000	-0.0000588217	1.1756670890E-8	-0.0000038373	1.6327840858E-9	7.200	26.300
6/22/2022	12:07 AM	-0.1760122000	42.300	15.496	17.499	0.0000010000	-0.0000588220	2.0057827717E-9	-0.0000038236	5.4063625993E-10	7.200	26.300
6/22/2022	12:08 AM	-0.1734977400	42.300	15.501	17.499	0.0000010000	-0.0000588155	8.0095239624E-9	-0.0000038012	1.0934412214E-9	7.200	26.300
6/22/2022	12:09 AM	-0.1709832800	42.300	15.498	17.500	0.0000010000	-0.0000587981	6.8335852654E-9	-0.0000038114	3.0000000000E-10	7.200	26.400
6/22/2022	12:09 AM	-0.1684688200	42.300	15.500	17.500	0.0000010000	-0.0000588229	8.8501725651E-9	-0.0000038154	1.2314871487E-9	7.200	26.300
6/22/2022	12:10 AM	-0.1659543600	42.300	15.500	17.500	0.0000010000	-0.0000588173	4.7251154688E-9	-0.0000038098	9.2764726786E-10	7.200	26.300
6/22/2022	12:11 AM	-0.1634399000	42.300	15.498	17.500	0.0000010000	-0.0000588253	8.0232691188E-9	-0.0000037986	2.1847679857E-9	7.200	26.400
6/22/2022	12:11 AM	-0.1609254400	42.300	15.499	17.500	0.0000010000	-0.0000588314	8.0255161031E-9	-0.0000038235	2.0000000000E-10	7.200	26.300
6/22/2022	12:12 AM	-0.1584109800	42.300	15.499	17.500	0.0000010000	-0.0000588189	5.0292345754E-9	-0.0000038092	6.9256219969E-10	7.200	26.300
6/22/2022	12:13 AM	-0.1558965200	42.300	15.499	17.499	0.0000010000	-0.0000588028	8.6721511019E-9	-0.0000038326	1.0759023111E-9	7.200	26.300
6/22/2022	12:13 AM	-0.1533820600	42.300	15.499	17.500	0.0000010000	-0.0000588226	5.7705847553E-9	-0.0000038198	4.4203384502E-10	7.200	26.300
6/22/2022	12:14 AM	-0.1508676000	42.300	15.500	17.500	0.0000010000	-0.0000588133	4.4261025555E-9	-0.0000038131	8.6899195419E-10	7.200	26.300
6/22/2022	12:15 AM	-0.1483531400	42.300	15.500	17.500	0.0000010000	-0.0000588173	9.0045228005E-9	-0.0000037866	3.7217478363E-9	7.200	26.300
6/22/2022	12:16 AM	-0.1458386800	42.300	15.500	17.500	0.0000010000	-0.0000588108	7.0760255745E-9	-0.0000038081	9.9865437593E-10	7.200	26.300
6/22/2022	12:16 AM	-0.1433242200	42.300	15.501	17.500	0.0000010000	-0.0000588111	1.0699045617E-8	-0.0000038138	1.3579474285E-9	7.200	26.300
6/22/2022	12:17 AM	-0.1408097600	42.300	15.500	17.500	0.0000010000	-0.0000588092	6.1138908345E-9	-0.0000038197	2.8708286934E-10	7.200	26.300
6/22/2022	12:18 AM	-0.1382953000	42.300	15.500	17.500	0.0000010000	-0.0000587960	5.1961828803E-9	-0.0000038088	1.0444289329E-9	7.200	26.300
6/22/2022	12:19 AM	-0.1357808400	42.300	15.500	17.500	0.0000010000	-0.0000588198	7.2387711179E-9	-0.0000038259	7.8102496759E-10	7.200	26.400
6/22/2022	12:19 AM	-0.1332663800	44.200	15.501	17.501	0.0000010000	-0.0000588100	7.1312634643E-9	-0.0000038044	1.6309506430E-9	7.100	26.300
6/22/2022	12:20 AM	-0.1307519200	44.200	15.499	17.500	0.0000010000	-0.0000588187	7.0858437221E-9	-0.0000038262	3.5495097568E-10	7.200	26.300
6/22/2022	12:21 AM	-0.1282374600	44.200	15.500	17.500	0.0000010000	-0.0000588089	9.5018093243E-9	-0.0000038386	1.8385969608E-9	7.200	26.300
6/22/2022	12:21 AM	-0.1257230000	44.200	15.501	17.500	0.0000010000	-0.0000588227	8.2231018373E-9	-0.0000038211	3.2360679775E-10	7.200	26.300
6/22/2022	12:22 AM	-0.1232085400	44.200	15.500	17.500	0.0000010000	-0.0000588185	6.8323854080E-9	-0.0000038135	5.8309518948E-10	7.200	26.300
6/22/2022	12:23 AM	-0.1206940800	44.200	15.497	17.500	0.0000010000	-0.0000588316	8.4126643501E-9	-0.0000037981	1.5711062790E-9	7.200	26.300
6/22/2022	12:24 AM	-0.1181796200	44.200	15.500	17.500	0.0000010000	-0.0000588317	8.7419073013E-9	-0.0000038157	4.7602787773E-10	7.200	26.300
6/22/2022	12:24 AM	-0.1156651600	44.200	15.500	17.500	0.0000010000	-0.0000588263	8.0443979553E-9	-0.0000038090	1.6327840858E-9	7.200	26.300
6/22/2022	12:25 AM	-0.1131507000	44.200	15.503	17.500	0.0000010000	-0.0000588145	7.7456316466E-9	-0.0000038086	4.4203384502E-10	7.100	26.300
6/22/2022	12:26 AM	-0.1106362400	44.200	15.501	17.500	0.0000010000	-0.0000588115	5.6105825497E-9	-0.0000038182	8.9379718813E-10	7.200	26.300
6/22/2022	12:27 AM	-0.1081217800	44.200	15.500	17.500	0.0000010000	-0.0000588184	9.1276189841E-9	-0.0000038255	5.8309518948E-10	7.200	26.300
6/22/2022	12:27 AM	-0.1056073200	44.200	15.499	17.500	0.0000010000	-0.0000588191	8.2791670856E-9	-0.0000038146	1.4036009488E-9	7.200	26.300
6/22/2022	12:28 AM	-0.1030928600	44.200	15.500	17.500	0.0000010000	-0.0000588273	5.1171387779E-9	-0.0000038127	3.8708286934E-10	7.100	26.300
6/22/2022	12:29 AM	-0.1005784000	44.200	15.501	17.501	0.0000010000	-0.0000588285	1.0220476538E-8	-0.0000038144	1.0676962334E-9	7.100	26.300
6/22/2022	12:29 AM	-0.0980639400	44.200	15.501	17.500	0.0000010000	-0.0000588280	9.2216958540E-9	-0.0000037981	2.1651074919E-9	7.100	26.300
6/22/2022	12:30 AM	-0.0955494800	44.200	15.500	17.500	0.0000010000	-0.0000588102	1.0270069915E-8	-0.0000038159	5.5259075049E-10	7.100	26.300
6/22/2022	12:31 AM	-0.0930350200	44.200	15.501	17.500	0.0000010000	-0.0000588171	8.4451178526E-9	-0.0000037802	3.3913946794E-9	7.100	26.300
6/22/2022	12:32 AM	-0.0905205600	44.200	15.500	17.500	0.0000010000	-0.0000588225	7.9862840032E-9	-0.0000038163	8.3631818358E-10	7.100	26.300
6/22/2022	12:32 AM	-0.0880061000	44.200	15.499	17.500	0.0000010000	-0.0000587973	1.1099534565E-8	-0.0000038273	3.8708286934E-10	7.100	26.300
6/22/2022	12:33 AM	-0.0854916400	44.200	15.499	17.500	0.0000010000	-0.0000588146	1.0794020990E-8	-0.0000038179	1.0021974055E-9	7.100	26.300
6/22/2022	12:34 AM	-0.0829771800	44.200	15.500	17.500	0.0000010000	-0.0000588177	9.5465184820E-9	-0.0000038300	5.3911649916E-10	7.100	26.300
6/22/2022	12:34 AM	-0.0804627200	44.200	15.500	17.500	0.0000010000	-0.0000588215	1.1456091860E-8	-0.0000038398	1.9285250485E-9	7.100	26.300
6/22/2022	12:35 AM	-0.0779482600	44.200	15.499	17.500	0.0000010000	-0.0000588279	7.6812983172E-9	-0.0000038018	1.0204836823E-9	7.100	26.300
6/22/2022	12:36 AM	-0.0754338000	44.200	15.503	17.500	0.0000010000	-0.0000588092	6.9691972491E-9	-0.0000038183	7.6212327846E-10	7.100	26.300
6/22/2022	12:37 AM	-0.0729193400	44.200	15.500	17.500	0.0000010000	-0.0000588240	7.2546806973E-9	-0.0000038184	4.4966147775E-10	7.100	26.300
6/22/2022	12:37 AM	-0.0704048800	44.200	15.500	17.500	0.0000010000	-0.0000588283	6.1875520638E-9	-0.0000038210	3.2247448714E-10	7.100	26.300
6/22/2022	12:38 AM	-0.0678904200	44.200	15.500	17.500	0.0000010000	-0.0000588248	8.9269012855E-9	-0.0000038253	4.7602787773E-10	7.100	26.300
6/22/2022	12:39 AM	-0.0653759600	44.200	15.502	17.500	0.0000010000	-0.0000588155	1.0407953332E-8	-0.0000038191	3.8708286934E-10	7.100	26.300
6/22/2022	12:39 AM	-0.0628615000	44.200	15.501	17.501	0.0000010000	-0.0000588200	7.0970565198E-9	-0.0000038035	5.3011626335E-10	7.100	26.300
6/22/2022	12:40 AM	-0.0603470400	44.200	15.501	17.500	0.0000010000	-0.0000588019	8.9746474959E-9	-0.0000038346	9.0593994213E-10	7.100	26.300
6/22/2022	12:41 AM	-0.0578325800	44.200	15.499	17.499	0.0000010000	-0.0000588281	7.6869815895E-9	-0.0000038287	3.9633576589E-10	7.100	26.300
6/22/2022	12:42 AM	-0.0553181200	44.200	15.499	17.500	0.0000010000	-0.0000588294	1.0116994941E-8	-0.0000038095	3.7742546282E-10	7.100	26.300
6/22/2022	12:42 AM	-0.0528036600	44.200	15.499	17.500	0.0000010000	-0.0000588271	9.4411784738E-9	-0.0000038155	8.5355339059E-10	7.100	26.300
6/22/2022	12:43 AM	-0.0502892000	44.200	15.497	17.500	0.0000010000	-0.0000588150	4.6777949660E-9	-0.0000038142	6.2179480778E-10	7.100	26.300
6/22/2022	12:44 AM	-0.0477747400	44.200	15.494	17.500	0.0000010000	-0.0000587995	1.1910600775E-8	-0.0000038182	3.5495097568E-10	7.100	26.300
6/22/2022	12:45 AM	-0.0452602800	44.200	15.500	17.500	0.0000010000	-0.0000588237	9.2526049488E-9	-0.0000038166	1.3000000000E-9	7.100	26.300
6/22/2022	12:45 AM	-0.0427458200	44.200	15.499	17.499	0.0000010000	-0.0000588300	7.9660456614E-9	-0.0000038261	1.2474226377E-9	7.100	26.300
6/22/2022	12:46 AM	-0.0402313600	44.200	15.499	17.501	0.0000010000	-0.0000588144	7.8377222396E-9	-0.0000038108	1.0629209048E-9	7.100	26.300
6/22/2022	12:47 AM	-0.0377169000	44.200	15.500	17.500	0.0000010000	-0.0000588242	6.9993340018E-9	-0.0000038354	1.2483314774E-9	7.100	26.300
6/22/2022	12:47 AM	-0.0352024400	44.200	15.498	17.500	0.0000010000	-0.0000588247	8.0638868377E-9	-0.0000038160	1.0066157946E-9	7.100	26.300
6/22/2022	12:48 AM	-0.0326879800	44.200	15.496	17.500	0.0000010000	-0.0000587998	1.1315865661E-8	-0.0000038178	1.1380062113E-9	7.200	26.300
6/22/2022	12:49 AM	-0.0301735200	44.200	15.499	17.500	0.0000010000	-0.0000588185	5.9865540780E-9	-0.0000038211	4.0000000000E-10	7.100	26.300
6/22/2022	12:50 AM	-0.0276590600	44.200	15.502	17.500	0.0000010000	-0.0000588242	8.7047550351E-9	-0.0000038208	9.4844891052E-10	7.100	26.300
6/22/2022	12:50 AM	-0.0251446000	44.200	15.503	17.500	0.0000010000	-0.0000588109	9.7668972429E-9	-0.0000038202	5.9777253643E-10	7.100	26.300
6/22/2022	12:51 AM	-0.0226301400	44.200	15.499	17.500	0.0000010000	-0.0000588260	9.1641280138E-9	-0.0000038121	1.4692998236E-9	7.100	26.300
6/22/2022	12:52 AM	-0.0201156800	44.200	15.500	17.500	0.0000010000	-0.0000588273	8.4083438315E-9	-0.0000038177	4.7855777343E-10	7.100	26.300
6/22/2022	12:52 AM	-0.0176012200	44.200	15.500	17.500	0.0000010000	-0.0000588191	9.5179148123E-9	-0.0000038139	9.7258598040E-10	7.100	26.300
6/22/2022	12:53 AM	-0.0150867600	44.200	15.500	17.500	0.0000010000	-0.0000588222	9.2372470773E-9	-0.0000038219	4.3011626335E-10	7.100	26.300
6/22/2022	12:54 AM	-0.0125723000	44.200	15.500	17.500	0.0000010000	-0.0000588091	8.9184253549E-9	-0.0000038190	5.2867640737E-10	7.100	26.300
6/22/2022	12:55 AM	-0.0100578400	44.200	15.501	17.500	0.0000010000	-0.0000588104	5.7483770256E-9	-0.0000038138	8.9206987131E-10	7.100	26.300
6/22/2022	12:55 AM	-0.0075433800	44.200	15.501	17.500	0.0000010000	-0.0000588134	5.0002234869E-9	-0.0000038074	1.2915475947E-9	7.100	26.300
6/22/2022	12:56 AM	-0.0050289200	44.200	15.499	17.500	0.0000010000	-0.0000588260	5.6971610027E-9	-0.0000038237	6.3385391260E-10	7.100	26.300
6/22/2022	12:57 AM	-0.0025144600	44.200	15.497	17.500	0.0000010000	-0.0000588120	6.0067707824E-9	-0.0000038208	5.4649857042E-10	7.100	26.300
6/22/2022	12:57 AM	0.0000000000	44.200	15.501	17.500	0.0000010000	-0.0000588179	6.6670826413E-9	-0.0000038102	2.0000000000E-10	7.100	26.300
6/22/2022	12:58 AM	0.0025144600	44.200	15.499	17.500	0.0000010000	-0.0000588156	8.2270534770E-9	-0.0000038172	1.1788289045E-9	7.100	26.300
6/22/2022	12:59 AM	0.0050289200	44.200	15.503	17.501	0.0000010000	-0.0000588265	9.0681967512E-9	-0.0000038146	9.9753483738E-10	7.100	26.300
6/22/2022	12:59 AM	0.0075433800	44.200	15.497	17.500	0.0000010000	-0.0000588317	1.1006525703E-8	-0.0000038252	6.3011626335E-10	7.100	26.300
6/22/2022	1:00 AM	0.0100578400	44.200	15.496	17.500	0.0000010000	-0.0000588362	1.0717262168E-8	-0.0000038091	1.8507141400E-9	7.100	26.300
6/22/2022	1:01 AM	0.0125723000	44.200	15.501	17.500	0.0000010000	-0.0000588059	9.8894909246E-9	-0.0000038249	6.6099096785E-10	7.100	26.300
6/22/2022	1:02 AM	0.0150867600	44.200	15.502	17.500	0.0000010000	-0.0000588264	8.2100801521E-9	-0.0000038171	1.1788289045E-9	7.100	26.300
6/22/2022	1:02 AM	0.0176012200	44.200	15.497	17.499	0.0000010000	-0.0000588256	9.2339473185E-9	-0.0000038217	8.7732541278E-10	7.100	26.300
6/22/2022	1:03 AM	0.0201156800	44.200	15.500	17.500	0.0000010000	-0.0000588159	9.1861338127E-9	-0.0000038261	1.3511126801E-9	7.100	26.300
6/22/2022	1:04 AM	0.0226301400	44.200	15.500	17.500	0.0000010000	-0.0000588445	1.1400430967E-8	-0.0000038366	1.3735874275E-9	7.100	26.300
6/22/2022	1:04 AM	0.0251446000	44.200	15.499	17.500	0.0000010000	-0.0000588287	1.1738474071E-8	-0.0000038175	9.3794980865E-10	7.100	26.300
6/22/2022	1:05 AM	0.0276590600	44.200	15.502	17.500	0.0000010000	-0.0000587950	6.3716687724E-9	-0.0000038317	8.9206987131E-10	7.100	26.300
6/22/2022	1:06 AM	0.0301735200	44.200	15.498	17.500	0.0000010000	-0.0000588319	1.2086597633E-8	-0.0000038075	1.2747548784E-9	7.100	26.300
6/22/2022	1:07 AM	0.0326879800	44.200	15.499	17.500	0.0000010000	-0.0000588312	1.2834695860E-8	-0.0000038431	1.6309506430E-9	7.100	26.300
6/22/2022	1:07 AM	0.0352024400	44.200	15.501	17.500	0.0000010000	-0.0000588221	1.1603509652E-8	-0.0000038117	1.4212612158E-9	7.100	26.300
6/22/2022	1:08 AM	0.0377169000	44.200	15.500	17.501	0.0000010000	-0.0000588361	6.4297487585E-9	-0.0000038246	4.1068966709E-10	7.100	26.300
6/22/2022	1:09 AM	0.0402313600	44.200	15.498	17.500	0.0000010000	-0.0000588292	3.5498955949E-9	-0.0000038200	3.5355339059E-10	7.100	26.300
6/22/2022	1:09 AM	0.0427458200	44.200	15.496	17.500	0.0000010000	-0.0000588149	7.6306375675E-9	-0.0000038179	3.2247448714E-10	7.100	26.300
6/22/2022	1:10 AM	0.0452602800	44.200	15.501	17.500	0.0000010000	-0.0000588257	6.5108250701E-9	-0.0000038321	8.9379718813E-10	7.100	26.300
6/22/2022	1:11 AM	0.0477747400	44.200	15.501	17.500	0.0000010000	-0.0000588227	8.0626083354E-9	-0.0000038183	8.2958126833E-10	7.100	26.300
6/22/2022	1:12 AM	0.0502892000	44.200	15.499	17.500	0.0000010000	-0.0000588104	8.7156693528E-9	-0.0000038302	1.1086041933E-9	7.100	26.300
6/22/2022	1:12 AM	0.0528036600	44.200	15.501	17.500	0.0000010000	-0.0000588321	8.0431346732E-9	-0.0000038312	1.6442049363E-9	7.100	26.300
6/22/2022	1:13 AM	0.0553181200	44.200	15.501	17.500	0.0000010000	-0.0000588215	4.7997060506E-9	-0.0000038302	1.3493292341E-9	7.100	26.300
6/22/2022	1:14 AM	0.0578325800	44.200	15.499	17.501	0.0000010000	-0.0000588215	9.6160904543E-9	-0.0000038251	8.4010949186E-10	7.100	26.300
6/22/2022	1:14 AM	0.0603470400	44.200	15.500	17.500	0.0000010000	-0.0000588114	1.0704251380E-8	-0.0000038210	3.7416573868E-10	7.100	26.300
6/22/2022	1:15 AM	0.0628615000	44.200	15.501	17.500	0.0000010000	-0.0000588276	8.5915436715E-9	-0.0000037957	3.0191058279E-9	7.100	26.300
6/22/2022	1:16 AM	0.0653759600	44.200	15.498	17.500	0.0000010000	-0.0000588177	8.9406774791E-9	-0.0000038231	4.3011626335E-10	7.100	26.300
6/22/2022	1:17 AM	0.0678904200	44.200	15.502	17.500	0.0000010000	-0.0000588165	8.7233211733E-9	-0.0000038028	1.0147301372E-9	7.100	26.300
6/22/2022	1:17 AM	0.0704048800	44.200	15.506	17.501	0.0000010000	-0.0000588338	1.0970679204E-8	-0.0000038030	1.1751372269E-9	7.100	26.300
6/22/2022	1:18 AM	0.0729193400	44.200	15.495	17.499	0.0000010000	-0.0000588217	8.5818414747E-9	-0.0000038228	1.3679711233E-9	7.100	26.300
6/22/2022	1:19 AM	0.0754338000	44.200	15.497	17.501	0.0000010000	-0.0000588226	6.8472241254E-9	-0.0000038115	9.2736184955E-10	7.100	26.300
6/22/2022	1:19 AM	0.0779482600	38.400	15.498	17.500	0.0000010000	-0.0000588247	4.5522054766E-9	-0.0000038185	2.8708286934E-10	7.100	26.300
6/22/2022	1:20 AM	0.0804627200	38.400	15.502	17.500	0.0000010000	-0.0000588268	7.2875410166E-9	-0.0000038193	4.9154759474E-10	7.100	26.300
6/22/2022	1:21 AM	0.0829771800	38.400	15.499	17.500	0.0000010000	-0.0000588162	8.9725856158E-9	-0.0000038144	7.6278691088E-10	7.100	26.300
6/22/2022	1:21 AM	0.0854916400	38.400	15.499	17.500	0.0000010000	-0.0000588248	1.0661347376E-8	-0.0000038034	1.0465143440E-9	7.100	26.300
6/22/2022	1:22 AM	0.0880061000	38.400	15.497	17.500	0.0000010000	-0.0000588223	9.0197113201E-9	-0.0000038256	5.4063625993E-10	7.100	26.300
6/22/2022	1:23 AM	0.0905205600	38.400	15.500	17.500	0.0000010000	-0.0000588326	7.2662083301E-9	-0.0000038192	2.0000000000E-10	7.100	26.300
6/22/2022	1:24 AM	0.0930350200	38.400	15.501	17.500	0.0000010000	-0.0000588287	4.1800009385E-9	-0.0000038123	1.3838352503E-9	7.100	26.300
6/22/2022	1:24 AM	0.0955494800	38.400	15.499	17.500	0.0000010000	-0.0000588233	6.7652081932E-9	-0.0000038280	7.0710678119E-10	7.100	26.300
6/22/2022	1:25 AM	0.0980639400	38.400	15.502	17.501	0.0000010000	-0.0000588112	1.2767130198E-8	-0.0000037935	3.3688487340E-9	7.100	26.300
6/22/2022	1:26 AM	0.1005784000	38.400	15.499	17.500	0.0000010000	-0.0000588373	6.7461434146E-9	-0.0000038193	7.1763500472E-10	7.100	26.300
6/22/2022	1:26 AM	0.1030928600	38.400	15.502	17.500	0.0000010000	-0.0000588219	6.4273179925E-9	-0.0000038284	1.0000000000E-10	7.100	26.300
6/22/2022	1:27 AM	0.1056073200	38.400	15.500	17.500	0.0000010000	-0.0000588197	8.2323324266E-9	-0.0000038069	1.7425828080E-9	7.100	26.300
6/22/2022	1:28 AM	0.1081217800	38.400	15.503	17.500	0.0000010000	-0.0000588211	2.7313989472E-9	-0.0000038115	1.3331809275E-9	7.100	26.300
6/22/2022	1:29 AM	0.1106362400	38.400	15.502	17.500	0.0000010000	-0.0000588233	1.1319789613E-8	-0.0000038183	1.5261067444E-9	7.100	26.300
6/22/2022	1:29 AM	0.1131507000	38.400	15.500	17.500	0.0000010000	-0.0000588294	9.9056048744E-9	-0.0000038013	1.8617272002E-9	7.100	26.300
6/22/2022	1:30 AM	0.1156651600	38.400	15.500	17.500	0.0000010000	-0.0000588096	1.0318184931E-8	-0.0000038345	1.3194792169E-9	7.100	26.300
6/22/2022	1:31 AM	0.1181796200	38.400	15.500	17.500	0.0000010000	-0.0000588282	8.1101684730E-9	-0.0000038253	7.2771912927E-10	7.100	26.300
6/22/2022	1:31 AM	0.1206940800	38.400	15.503	17.500	0.0000010000	-0.0000588208	6.2027259825E-9	-0.0000038251	4.9664022582E-10	7.100	26.300
6/22/2022	1:32 AM	0.1232085400	38.400	15.500	17.500	0.0000010000	-0.0000588403	6.9111550431E-9	-0.0000038159	8.0415229868E-10	7.100	26.300
6/22/2022	1:33 AM	0.1257230000	38.400	15.502	17.500	0.0000010000	-0.0000588374	1.0240098978E-8	-0.0000038203	2.0000000000E-10	7.100	26.300
6/22/2022	1:34 AM	0.1282374600	38.400	15.500	17.500	0.0000010000	-0.0000588291	6.8422890621E-9	-0.0000038259	4.7416573868E-10	7.100	26.300
6/22/2022	1:34 AM	0.1307519200	38.400	15.500	17.500	0.0000010000	-0.0000588237	9.2113032580E-9	-0.0000038154	8.5166481892E-10	7.100	26.300
6/22/2022	1:35 AM	0.1332663800	38.400	15.501	17.500	0.0000010000	-0.0000588303	3.0139503271E-9	-0.0000038187	7.2771912927E-10	7.100	26.300
6/22/2022	1:36 AM	0.1357808400	38.400	15.499	17.500	0.0000010000	-0.0000588238	5.4874333337E-9	-0.0000038149	2.2247448714E-10	7.100	26.300
6/22/2022	1:36 AM	0.1382953000	38.400	15.501	17.500	0.0000010000	-0.0000588165	6.7922023218E-9	-0.0000038358	1.2120124021E-9	7.100	26.300
6/22/2022	1:37 AM	0.1408097600	38.400	15.499	17.500	0.0000010000	-0.0000588387	8.9406645236E-9	-0.0000053560	1.4198561699E-9	7.100	26.300
6/22/2022	1:38 AM	0.1433242200	38.400	15.501	17.500	0.0000010000	-0.0000588137	7.4754620410E-9	-0.0000053528	4.9154759474E-10	7.100	26.300
6/22/2022	1:38 AM	0.1458386800	38.400	15.493	17.499	0.0000010000	-0.0000588117	1.2507607599E-8	-0.0000053530	4.9664022582E-10	7.100	26.300
6/22/2022	1:39 AM	0.1483531400	38.400	15.505	17.500	0.0000010000	-0.0000588151	5.8124792838E-9	-0.0000053435	1.1540368496E-9	7.100	26.300
6/22/2022	1:40 AM	0.1508676000	38.400	15.503	17.500	0.0000010000	-0.0000588073	7.3555324042E-9	-0.0000053531	4.5495097568E-10	7.100	26.300
6/22/2022	1:41 AM	0.1533820600	38.400	15.503	17.501	0.0000010000	-0.0000588198	9.3122402340E-9	-0.0000053676	9.6602540378E-10	7.100	26.300
6/22/2022	1:41 AM	0.1558965200	38.400	15.500	17.500	0.0000010000	-0.0000588269	9.2831608129E-9	-0.0000053612	7.7631558048E-10	7.100	26.300
6/22/2022	1:42 AM	0.1584109800	38.400	15.501	17.500	0.0000010000	-0.0000588235	6.6454045057E-9	-0.0000053611	8.6163530729E-10	7.100	26.300
6/22/2022	1:43 AM	0.1609254400	38.400	15.497	17.500	0.0000010000	-0.0000588168	4.8775516542E-9	-0.0000053493	6.9154759474E-10	7.100	26.300
6/22/2022	1:43 AM	0.1634399000	38.400	15.497	17.500	0.0000010000	-0.0000588215	6.8413793600E-9	-0.0000053476	1.0841646071E-9	7.100	26.300
6/22/2022	1:44 AM	0.1659543600	38.400	15.500	17.499	0.0000010000	-0.0000588239	6.0765726132E-9	-0.0000053691	1.2358917175E-9	7.100	26.300
6/22/2022	1:45 AM	0.1684688200	38.400	15.501	17.500	0.0000010000	-0.0000588094	5.8862739830E-9	-0.0000053500	2.1322542258E-9	7.100	26.300
6/22/2022	1:46 AM	0.1709832800	38.400	15.499	17.500	0.0000010000	-0.0000588174	7.8212114441E-9	-0.0000053142	4.2791147388E-9	7.100	26.300
6/22/2022	1:46 AM	0.1734977400	38.400	15.501	17.500	0.0000010000	-0.0000588173	9.2476073867E-9	-0.0000053635	7.2166385809E-10	7.100	26.300
6/22/2022	1:47 AM	0.1760122000	38.400	15.501	17.500	0.0000010000	-0.0000588150	9.1068118633E-9	-0.0000053446	8.0710678119E-10	7.100	26.300
6/22/2022	1:48 AM	0.1785266600	38.400	15.502	17.499	0.0000010000	-0.0000588100	6.1801988283E-9	-0.0000053605	2.4494897428E-10	7.100	26.300
6/22/2022	1:48 AM	0.1810411200	38.400	15.501	17.500	0.0000010000	-0.0000588055	7.0416621372E-9	-0.0000053565	1.3717493657E-9	7.100	26.300
6/22/2022	1:49 AM	0.1835555800	38.400	15.501	17.500	0.0000010000	-0.0000588174	8.2346853099E-9	-0.0000053582	9.6863274407E-10	7.100	26.300
6/22/2022	1:50 AM	0.1860700400	38.400	15.500	17.500	0.0000010000	-0.0000588122	7.3849350753E-9	-0.0000053360	2.1823845024E-9	7.100	26.300
6/22/2022	1:51 AM	0.1885845000	38.400	15.498	17.500	0.0000010000	-0.0000588204	7.2289903250E-9	-0.0000053658	1.1945549533E-9	7.100	26.300
6/22/2022	1:51 AM	0.1910989600	38.400	15.497	17.500	0.0000010000	-0.0000588043	5.7481259739E-9	-0.0000053574	1.7080202489E-9	7.100	26.300
6/22/2022	1:52 AM	0.1936134200	38.400	15.499	17.499	0.0000010000	-0.0000588126	6.8775914376E-9	-0.0000053261	2.8762504262E-9	7.100	26.300
6/22/2022	1:53 AM	0.1961278800	38.400	15.496	17.500	0.0000010000	-0.0000588220	8.1969450931E-9	-0.0000053659	2.9154759474E-10	7.100	26.300
6/22/2022	1:54 AM	0.1986423400	38.400	15.500	17.500	0.0000010000	-0.0000588117	6.7731853619E-9	-0.0000053562	8.4833147735E-10	7.100	26.300
6/22/2022	1:54 AM	0.2011568000	38.400	15.500	17.500	0.0000010000	-0.0000588207	8.9611128594E-9	-0.0000053642	5.3851648071E-10	7.100	26.300
6/22/2022	1:55 AM	0.2036712600	38.400	15.500	17.500	0.0000010000	-0.0000587939	8.0944070323E-9	-0.0000053612	8.2739529308E-10	7.100	26.300
6/22/2022	1:56 AM	0.2061857200	38.400	15.500	17.500	0.0000010000	-0.0000588191	5.1515289374E-9	-0.0000053663	1.5215124055E-9	7.100	26.300
6/22/2022	1:56 AM	0.2087001800	38.400	15.500	17.500	0.0000010000	-0.0000588142	9.8459040954E-9	-0.0000053622	2.0635727778E-9	7.100	26.300
6/22/2022	1:57 AM	0.2112146400	38.400	15.499	17.500	0.0000010000	-0.0000588209	1.0609455928E-8	-0.0000053554	1.1918747669E-9	7.100	26.300
6/22/2022	1:58 AM	0.2137291000	38.400	15.500	17.500	0.0000010000	-0.0000587960	9.5380915769E-9	-0.0000053679	1.0825982435E-9	7.100	26.300
6/22/2022	1:59 AM	0.2162435600	38.400	15.499	17.500	0.0000010000	-0.0000588085	6.0576546784E-9	-0.0000053208	2.9143263565E-9	7.100	26.300
6/22/2022	1:59 AM	0.2187580200	38.400	15.500	17.500	0.0000010000	-0.0000588215	9.3192115638E-9	-0.0000053614	5.3385391260E-10	7.100	26.300
6/22/2022	2:00 AM	0.2212724800	38.400	15.500	17.500	0.0000010000	-0.0000588004	4.2358712390E-9	-0.0000053524	8.9379718813E-10	7.100	26.300
6/22/2022	2:01 AM	0.2237869400	38.400	15.498	17.500	0.0000010000	-0.0000588286	7.4968813893E-9	-0.0000053609	7.1863190045E-10	7.100	26.300
6/22/2022	2:01 AM	0.2263014000	38.400	15.500	17.500	0.0000010000	-0.0000588069	8.3294795230E-9	-0.0000053637	8.9526339942E-10	7.100	26.300
6/22/2022	2:02 AM	0.2288158600	38.400	15.499	17.500	0.0000010000	-0.0000588202	5.7731672104E-9	-0.0000053510	8.6332495807E-10	7.100	26.300
6/22/2022	2:03 AM	0.2313303200	38.400	15.497	17.500	0.0000010000	-0.0000588306	9.9271433473E-9	-0.0000053552	2.0244600341E-9	7.100	26.300
6/22/2022	2:04 AM	0.2338447800	38.400	15.496	17.499	0.0000010000	-0.0000588318	9.1053391942E-9	-0.0000053595	7.8036765891E-10	7.100	26.300
6/22/2022	2:04 AM	0.2363592400	38.400	15.497	17.500	0.0000010000	-0.0000588128	7.8770930673E-9	-0.0000053426	7.7017805882E-10	7.100	26.300
6/22/2022	2:05 AM	0.2388737000	38.400	15.501	17.500	0.0000010000	-0.0000588312	5.4778712758E-9	-0.0000053513	6.1719913269E-10	7.100	26.300
6/22/2022	2:06 AM	0.2413881600	38.400	15.501	17.500	0.0000010000	-0.0000588218	9.4715789546E-9	-0.0000053491	1.1070229163E-9	7.100	26.300
6/22/2022	2:06 AM	0.2439026200	38.400	15.501	17.500	0.0000010000	-0.0000588058	8.1564267324E-9	-0.0000053024	5.2958125136E-9	7.100	26.300
6/22/2022	2:07 AM	0.2464170800	38.400	15.499	17.500	0.0000010000	-0.0000588178	7.6042855737E-9	-0.0000053508	5.3851648071E-10	7.100	26.300
6/22/2022	2:08 AM	0.2489315400	38.400	15.497	17.500	0.0000010000	-0.0000588247	7.8350156114E-9	-0.0000053641	1.2444647224E-9	7.100	26.300
6/22/2022	2:08 AM	0.2514460000	38.400	15.497	17.500	0.0000010000	-0.0000588025	5.5348806294E-9	-0.0000053351	1.9011085298E-9	7.100	26.300
6/22/2022	2:09 AM	0.2539604600	38.400	15.499	17.500	0.0000010000	-0.0000588266	1.0651239431E-8	-0.0000053423	1.1171366312E-9	7.100	26.300
6/22/2022	2:10 AM	0.2564749200	38.400	15.501	17.500	0.0000010000	-0.0000588050	1.0926639325E-8	-0.0000053694	1.5161980478E-9	7.100	26.300
6/22/2022	2:11 AM	0.2589893800	38.400	15.499	17.500	0.0000010000	-0.0000588218	8.4833648524E-9	-0.0000053330	1.0398790721E-9	7.100	26.200
6/22/2022	2:11 AM	0.2615038400	38.400	15.497	17.500	0.0000010000	-0.0000588157	7.0206150309E-9	-0.0000053392	1.3913322412E-9	7.100	26.200
6/22/2022	2:12 AM	0.2640183000	38.400	15.497	17.500	0.0000010000	-0.0000588176	7.3899187731E-9	-0.0000053563	4.7602787773E-10	7.100	26.200
6/22/2022	2:13 AM	0.2665327600	38.400	15.494	17.500	0.0000010000	-0.0000588128	9.4943226482E-9	-0.0000053529	4.4966147775E-10	7.100	26.300
6/22/2022	2:13 AM	0.2690472200	38.400	15.500	17.500	0.0000010000	-0.0000588025	8.5591111917E-9	-0.0000053498	3.3911649916E-10	7.100	26.200
6/22/2022	2:14 AM	0.2715616800	38.400	15.500	17.500	0.0000010000	-0.0000588199	7.4647409060E-9	-0.0000053547	3.0955735648E-10	7.100	26.200
6/22/2022	2:15 AM	0.2740761400	38.400	15.501	17.500	0.0000010000	-0.0000588067	6.5851066093E-9	-0.0000053388	1.7544214786E-9	7.100	26.200
6/22/2022	2:16 AM	0.2765906000	38.400	15.502	17.500	0.0000010000	-0.0000588145	5.1542947461E-9	-0.0000053429	8.4010949186E-10	7.100	26.300
6/22/2022	2:16 AM	0.2791050600	38.400	15.501	17.500	0.0000010000	-0.0000588101	7.7931819773E-9	-0.0000053594	1.8708286934E-10	7.100	26.200
6/22/2022	2:17 AM	0.2816195200	38.400	15.502	17.501	0.0000010000	-0.0000588156	1.0777823215E-8	-0.0000053526	3.0000000000E-10	7.100	26.200
6/22/2022	2:18 AM	0.2841339800	38.400	15.501	17.501	0.0000010000	-0.0000588234	8.7506558853E-9	-0.0000053637	1.3281563660E-9	7.100	26.200
6/22/2022	2:18 AM	0.2866484400	38.400	15.500	17.500	0.0000010000	-0.0000588222	5.9380434672E-9	-0.0000053586	8.9569989342E-10	7.100	26.300
6/22/2022	2:19 AM	0.2891629000	38.400	15.499	17.500	0.0000010000	-0.0000588140	8.1432669538E-9	-0.0000053569	7.8366965395E-10	7.100	26.200
6/22/2022	2:20 AM	0.2916773600	40.000	15.496	17.500	0.0000010000	-0.0000588265	9.3929782967E-9	-0.0000053455	1.0147301372E-9	7.100	26.300
6/22/2022	2:20 AM	0.2941918200	40.000	15.499	17.500	0.0000010000	-0.0000588168	8.9108945625E-9	-0.0000053563	4.7863046408E-10	7.100	26.300
6/22/2022	2:21 AM	0.2967062800	40.000	15.501	17.500	0.0000010000	-0.0000588201	3.3962500591E-9	-0.0000053617	1.2247448714E-10	7.100	26.200
6/22/2022	2:22 AM	0.2992207400	40.000	15.501	17.500	0.0000010000	-0.0000588123	5.8902712700E-9	-0.0000053319	2.2632146032E-9	7.100	26.200
6/22/2022	2:23 AM	0.3017352000	40.000	15.501	17.500	0.0000010000	-0.0000588210	7.8947869189E-9	-0.0000053499	6.3851648071E-10	7.100	26.200
6/22/2022	2:23 AM	0.3042496600	40.000	15.499	17.500	0.0000010000	-0.0000588116	1.0780828246E-8	-0.0000053517	9.1203127704E-10	7.100	26.200
6/22/2022	2:24 AM	0.3067641200	40.000	15.500	17.500	0.0000010000	-0.0000588150	5.1826629132E-9	-0.0000053632	7.5522851952E-10	7.100	26.200
6/22/2022	2:25 AM	0.3092785800	40.000	15.501	17.500	0.0000010000	-0.0000588055	5.5020589001E-9	-0.0000053275	2.5608983634E-9	7.100	26.200
6/22/2022	2:25 AM	0.3117930400	40.000	15.499	17.500	0.0000010000	-0.0000587914	7.5698368981E-9	-0.0000053557	9.4124180247E-10	7.100	26.200
6/22/2022	2:26 AM	0.3143075000	40.000	15.501	17.500	0.0000010000	-0.0000588233	6.6074034050E-9	-0.0000053175	4.3376072839E-9	7.100	26.200
6/22/2022	2:27 AM	0.3168219600	40.000	15.501	17.500	0.0000010000	-0.0000588191	3.7188463943E-9	-0.0000053464	1.8708286934E-10	7.100	26.200
6/22/2022	2:27 AM	0.3193364200	40.000	15.500	17.500	0.0000010000	-0.0000588047	7.6760304420E-9	-0.0000053687	1.3579474285E-9	7.100	26.200
6/22/2022	2:28 AM	0.3218508800	40.000	15.503	17.501	0.0000010000	-0.0000588056	6.5762348097E-9	-0.0000053514	5.0990195136E-10	7.000	26.200
6/22/2022	2:29 AM	0.3243653400	40.000	15.504	17.500	0.0000010000	-0.0000588058	7.1857148985E-9	-0.0000053635	1.1543203767E-9	7.000	26.200
6/22/2022	2:30 AM	0.3268798000	40.000	15.502	17.500	0.0000010000	-0.0000588109	6.3106650933E-9	-0.0000053590	3.2247448714E-10	7.100	26.200
6/22/2022	2:30 AM	0.3293942600	40.000	15.500	17.500	0.0000010000	-0.0000588012	8.0724722698E-9	-0.0000053469	1.4095815835E-9	7.100	26.200
6/22/2022	2:31 AM	0.3319087200	40.000	15.501	17.500	0.0000010000	-0.0000588043	6.7579146680E-9	-0.0000053493	3.0955735648E-10	7.100	26.200
6/22/2022	2:32 AM	0.3344231800	40.000	15.499	17.500	0.0000010000	-0.0000588015	9.1415209622E-9	-0.0000053262	2.5879710609E-9	7.100	26.200
6/22/2022	2:32 AM	0.3369376400	40.000	15.502	17.500	0.0000010000	-0.0000588180	4.9205109753E-9	-0.0000053446	9.9865437593E-10	7.000	26.200
6/22/2022	2:33 AM	0.3394521000	40.000	15.505	17.500	0.0000010000	-0.0000588080	7.1599047882E-9	-0.0000053581	1.3474192049E-9	7.000	26.200
6/22/2022	2:34 AM	0.3419665600	40.000	15.502	17.500	0.0000010000	-0.0000588032	9.2690191580E-9	-0.0000053466	4.0000000000E-10	7.000	26.200
6/22/2022	2:35 AM	0.3444810200	40.000	15.498	17.500	0.0000010000	-0.0000587898	1.0873974483E-8	-0.0000053573	2.8708286934E-10	7.100	26.200
6/22/2022	2:35 AM	0.3469954800	40.000	15.499	17.500	0.0000010000	-0.0000588120	1.0929247055E-8	-0.0000053468	5.6431580324E-10	7.100	26.200
6/22/2022	2:36 AM	0.3495099400	40.000	15.500	17.500	0.0000010000	-0.0000588035	6.8979228781E-9	-0.0000053470	5.1166727360E-10	7.100	26.200
6/22/2022	2:37 AM	0.3520244000	40.000	15.501	17.500	0.0000010000	-0.0000588003	6.6580396288E-9	-0.0000053217	3.6116203021E-9	7.000	26.200
6/22/2022	2:37 AM	0.3545388600	40.000	15.499	17.499	0.0000010000	-0.0000587904	7.4620574252E-9	-0.0000053624	2.9154759474E-10	7.100	26.200
6/22/2022	2:38 AM	0.3570533200	40.000	15.502	17.500	0.0000010000	-0.0000587826	1.2935833194E-8	-0.0000053519	1.8708286934E-10	7.000	26.200
6/22/2022	2:39 AM	0.3595677800	40.000	15.500	17.501	0.0000010000	-0.0000587872	1.0618357614E-8	-0.0000053369	6.4510098534E-10	7.000	26.200
6/22/2022	2:40 AM	0.3620822400	40.000	15.499	17.500	0.0000010000	-0.0000588045	8.4413580961E-9	-0.0000053520	3.9154759474E-10	7.000	26.200
6/22/2022	2:40 AM	0.3645967000	40.000	15.501	17.500	0.0000010000	-0.0000587962	6.7122693945E-9	-0.0000053313	1.4614737087E-9	7.000	26.200
6/22/2022	2:41 AM	0.3671111600	40.000	15.498	17.500	0.0000010000	-0.0000587998	6.0936364433E-9	-0.0000053650	1.6407868650E-9	7.000	26.200
6/22/2022	2:42 AM	0.3696256200	40.000	15.499	17.501	0.0000010000	-0.0000587798	8.2610152016E-9	-0.0000053551	3.2247448714E-10	7.000	26.200
6/22/2022	2:42 AM	0.3721400800	40.000	15.499	17.500	0.0000010000	-0.0000588004	1.1823098542E-8	-0.0000053423	8.6732341138E-10	7.000	26.200
6/22/2022	2:43 AM	0.3746545400	40.000	15.501	17.500	0.0000010000	-0.0000588092	1.0422560950E-8	-0.0000053418	1.2277857565E-9	7.000	26.200
6/22/2022	2:44 AM	0.3771690000	40.000	15.505	17.501	0.0000010000	-0.0000588045	7.5470291864E-9	-0.0000053690	1.3217873034E-9	7.000	26.200
6/22/2022	2:44 AM	0.3796834600	40.000	15.502	17.500	0.0000010000	-0.0000588004	6.8750773100E-9	-0.0000053531	9.6863274407E-10	7.000	26.200
6/22/2022	2:45 AM	0.3821979200	40.000	15.499	17.500	0.0000010000	-0.0000587963	6.2195055350E-9	-0.0000053516	4.4203384502E-10	7.000	26.200
6/22/2022	2:46 AM	0.3847123800	40.000	15.501	17.500	0.0000010000	-0.0000588023	5.4622086394E-9	-0.0000053636	1.3496831821E-9	7.000	26.200
6/22/2022	2:47 AM	0.3872268400	40.000	15.498	17.500	0.0000010000	-0.0000587892	9.1136731145E-9	-0.0000053587	9.0349945473E-10	7.000	26.200
6/22/2022	2:47 AM	0.3897413000	40.000	15.502	17.501	0.0000010000	-0.0000587976	8.2877172161E-9	-0.0000053446	1.7534251302E-9	7.000	26.200
6/22/2022	2:48 AM	0.3922557600	40.000	15.496	17.499	0.0000010000	-0.0000587979	6.9015671287E-9	-0.0000053540	3.7742546282E-10	7.100	26.200
6/22/2022	2:49 AM	0.3947702200	40.000	15.498	17.500	0.0000010000	-0.0000588036	7.1461529449E-9	-0.0000053371	7.9346745639E-10	7.000	26.200
6/22/2022	2:50 AM	0.3972846800	40.000	15.501	17.500	0.0000010000	-0.0000588141	7.4987688039E-9	-0.0000053512	4.7855777343E-10	7.000	26.200
6/22/2022	2:50 AM	0.3997991400	40.000	15.500	17.500	0.0000010000	-0.0000587940	1.2339388995E-8	-0.0000053629	9.3794980865E-10	7.000	26.200
