! User Name:	Aditya 
! Sample Name:	FGT_CPS_Device  4_FC8T_
! Sample ID:	FGT/CrPS4
! Date:	6/27/2022	Time:	3:06 AM
! Current Source:	Keithley 224 Current Source
! Voltmeter V1:	Keithley 182 Degital voltmeter
! Voltmeter V2:	Keithley 2182A  NanoVoltmeter
! V1 (volts):	Rxx Device 1
! V2 (volts):	Rxy Device 1
! Max Field (Tesla):0.000000	! Data points (0_maxT:75.000000	! Average Number:5.000000	
! Comments:	FGT/CrPS4 device was made in glove using flaking and dry transfering of flakes. 
! 
! 
! 
! 
Data	Time	Magnetic Field (T)	Helium Level (%)	VTI Temperature (K)	Sample Temparture (K)	Current (A) 	Voltage-1(V)	Std. of V1	Voltage-2 (V)	Std. of V2	VTI  Heater Power (%)	Sample Heater Power (%)
6/27/2022	3:08 AM	0.3997991400	52.000	52.780	54.994	0.0000010000	-0.0000614863	5.1349590924E-9	-0.0000061035	3.9154759474E-10	6.700	27.800
6/27/2022	3:09 AM	0.3972846800	100.000	7.993	9.999	0.0000010000	-0.0000614922	1.0301791369E-8	-0.0000060926	7.2662678582E-10	5.100	20.800
6/27/2022	3:10 AM	0.3947702200	100.000	8.003	10.000	0.0000010000	-0.0000614879	1.4796496772E-8	-0.0000060915	0.0000000000E+0	5.000	20.800
6/27/2022	3:10 AM	0.3922557600	100.000	8.003	9.999	0.0000010000	-0.0000614841	1.7194691315E-8	-0.0000060810	1.1545918207E-9	5.100	20.900
6/27/2022	3:11 AM	0.3897413000	100.000	8.003	9.999	0.0000010000	-0.0000614763	8.0506523235E-9	-0.0000061047	6.5076379411E-10	5.100	20.800
6/27/2022	3:12 AM	0.3872268400	100.000	7.999	10.001	0.0000010000	-0.0000614671	8.7115445530E-9	-0.0000061086	7.6278691088E-10	5.000	20.800
6/27/2022	3:12 AM	0.3847123800	100.000	7.992	10.000	0.0000010000	-0.0000614787	6.2291616495E-9	-0.0000060990	1.7178248595E-9	5.000	20.800
6/27/2022	3:13 AM	0.3821979200	100.000	7.998	10.000	0.0000010000	-0.0000614711	8.7065838255E-9	-0.0000060823	2.0009185841E-9	5.000	20.800
6/27/2022	3:14 AM	0.3796834600	100.000	7.991	10.001	0.0000010000	-0.0000614682	6.8600538739E-9	-0.0000061001	7.3876119024E-10	5.000	20.800
6/27/2022	3:15 AM	0.3771690000	100.000	8.004	9.999	0.0000010000	-0.0000614483	8.0203006011E-9	-0.0000060448	4.5869963606E-9	5.000	20.800
6/27/2022	3:15 AM	0.3746545400	100.000	8.000	10.000	0.0000010000	-0.0000614648	6.9676373671E-9	-0.0000061048	2.2247448714E-10	5.000	20.700
6/27/2022	3:16 AM	0.3721400800	100.000	8.000	10.000	0.0000010000	-0.0000614672	1.2542523072E-8	-0.0000061020	8.2739529308E-10	5.000	20.700
6/27/2022	3:17 AM	0.3696256200	100.000	8.010	10.003	0.0000010000	-0.0000614669	6.2100755395E-9	-0.0000060911	2.9154759474E-10	5.000	20.700
6/27/2022	3:18 AM	0.3671111600	100.000	8.019	10.002	0.0000010000	-0.0000614516	5.9581377994E-9	-0.0000061043	4.7602787773E-10	4.900	20.700
6/27/2022	3:18 AM	0.3645967000	100.000	8.001	10.000	0.0000010000	-0.0000614593	8.9039748447E-9	-0.0000060799	8.8740730319E-10	5.000	20.700
6/27/2022	3:19 AM	0.3620822400	100.000	8.000	10.000	0.0000010000	-0.0000614549	6.7227212367E-9	-0.0000060930	9.7258598040E-10	5.000	20.700
6/27/2022	3:20 AM	0.3595677800	100.000	8.000	10.001	0.0000010000	-0.0000614456	8.0674322044E-9	-0.0000060951	5.7416573868E-10	5.000	20.700
6/27/2022	3:20 AM	0.3570533200	100.000	8.002	10.001	0.0000010000	-0.0000614535	9.3984170392E-9	-0.0000060995	1.0095832013E-9	5.000	20.700
6/27/2022	3:21 AM	0.3545388600	100.000	8.001	10.000	0.0000010000	-0.0000614724	6.2851595918E-9	-0.0000061091	8.4031242374E-10	5.000	20.700
6/27/2022	3:22 AM	0.3520244000	100.000	8.001	10.000	0.0000010000	-0.0000614572	6.2313993117E-9	-0.0000060922	7.7879184514E-10	5.000	20.700
6/27/2022	3:22 AM	0.3495099400	100.000	8.000	10.001	0.0000010000	-0.0000614669	7.3388810812E-9	-0.0000061002	6.3385391260E-10	5.000	20.700
6/27/2022	3:23 AM	0.3469954800	100.000	8.001	10.000	0.0000010000	-0.0000614558	8.6805467583E-9	-0.0000061032	4.2360679775E-10	4.900	20.700
6/27/2022	3:24 AM	0.3444810200	100.000	8.002	10.001	0.0000010000	-0.0000614549	7.1627296250E-9	-0.0000060969	4.9664022582E-10	4.900	20.700
6/27/2022	3:25 AM	0.3419665600	100.000	7.993	9.999	0.0000010000	-0.0000614747	1.1870222503E-8	-0.0000060782	4.2505385736E-9	5.000	20.700
6/27/2022	3:25 AM	0.3394521000	100.000	7.999	9.999	0.0000010000	-0.0000614610	5.5814552728E-9	-0.0000061098	3.9154759474E-10	4.900	20.700
6/27/2022	3:26 AM	0.3369376400	100.000	7.995	10.001	0.0000010000	-0.0000614424	7.7983541153E-9	-0.0000060887	1.0841646071E-9	4.900	20.600
6/27/2022	3:27 AM	0.3344231800	100.000	8.012	9.999	0.0000010000	-0.0000614537	8.4883883015E-9	-0.0000060991	1.8708286934E-10	4.900	20.700
6/27/2022	3:27 AM	0.3319087200	100.000	8.011	10.002	0.0000010000	-0.0000614412	7.5396630921E-9	-0.0000060967	5.5355339059E-10	4.900	20.600
6/27/2022	3:28 AM	0.3293942600	100.000	7.999	10.000	0.0000010000	-0.0000614495	8.1395255807E-9	-0.0000060906	6.6571333342E-10	4.900	20.600
6/27/2022	3:29 AM	0.3268798000	100.000	7.999	10.000	0.0000010000	-0.0000614481	8.0485023204E-9	-0.0000060826	1.8571086543E-9	4.900	20.600
6/27/2022	3:29 AM	0.3243653400	100.000	7.999	10.001	0.0000010000	-0.0000614672	9.3735311567E-9	-0.0000060937	9.3851648071E-10	4.900	20.600
6/27/2022	3:30 AM	0.3218508800	100.000	7.996	9.999	0.0000010000	-0.0000614494	6.5445665690E-9	-0.0000060904	4.5495097568E-10	4.800	20.700
6/27/2022	3:31 AM	0.3193364200	100.000	8.004	10.002	0.0000010000	-0.0000614465	1.0515669869E-8	-0.0000060918	9.0710678119E-10	4.800	20.600
6/27/2022	3:32 AM	0.3168219600	100.000	7.998	10.001	0.0000010000	-0.0000614465	6.3349369560E-9	-0.0000060915	5.8615541191E-10	4.800	20.600
6/27/2022	3:32 AM	0.3143075000	100.000	7.993	10.000	0.0000010000	-0.0000614484	8.6473648919E-9	-0.0000060869	8.9058906193E-10	4.800	20.600
6/27/2022	3:33 AM	0.3117930400	100.000	7.989	9.999	0.0000010000	-0.0000614312	9.5750785155E-9	-0.0000060937	2.0000000000E-10	4.900	20.700
6/27/2022	3:34 AM	0.3092785800	100.000	8.002	10.000	0.0000010000	-0.0000614495	5.8522721432E-9	-0.0000060940	6.0620192023E-10	4.800	20.600
6/27/2022	3:34 AM	0.3067641200	100.000	7.999	10.000	0.0000010000	-0.0000614272	1.1040241385E-8	-0.0000060851	1.0565563235E-9	4.800	20.500
6/27/2022	3:35 AM	0.3042496600	100.000	8.000	9.999	0.0000010000	-0.0000614418	9.6883624546E-9	-0.0000060861	4.5355339059E-10	4.800	20.500
6/27/2022	3:36 AM	0.3017352000	100.000	7.999	10.001	0.0000010000	-0.0000614394	1.1127664214E-8	-0.0000061116	7.3385391260E-10	4.800	20.600
6/27/2022	3:36 AM	0.2992207400	100.000	8.001	10.000	0.0000010000	-0.0000614402	8.2207380800E-9	-0.0000060901	2.5811388301E-10	4.800	20.600
6/27/2022	3:37 AM	0.2967062800	100.000	8.005	10.001	0.0000010000	-0.0000614391	9.9276922100E-9	-0.0000060761	1.5452822726E-9	4.800	20.500
6/27/2022	3:38 AM	0.2941918200	100.000	8.001	10.001	0.0000010000	-0.0000614532	5.1149807750E-9	-0.0000061242	2.1448412551E-9	4.800	20.600
6/27/2022	3:39 AM	0.2916773600	100.000	8.000	10.000	0.0000010000	-0.0000614577	8.4437345070E-9	-0.0000060868	5.5355339059E-10	4.800	20.600
6/27/2022	3:39 AM	0.2891629000	100.000	8.007	9.999	0.0000010000	-0.0000614355	8.5762637611E-9	-0.0000060957	6.8728772252E-10	4.800	20.500
6/27/2022	3:40 AM	0.2866484400	100.000	8.002	9.999	0.0000010000	-0.0000614530	8.5553777906E-9	-0.0000060526	5.2880463689E-9	4.800	20.600
6/27/2022	3:41 AM	0.2841339800	100.000	7.997	10.000	0.0000010000	-0.0000614313	7.9541848475E-9	-0.0000060939	2.2247448714E-10	4.800	20.600
6/27/2022	3:42 AM	0.2816195200	100.000	7.990	10.000	0.0000010000	-0.0000614449	9.3714634054E-9	-0.0000060826	1.0875260192E-9	4.800	20.500
6/27/2022	3:42 AM	0.2791050600	100.000	7.994	10.000	0.0000010000	-0.0000614404	6.3462500142E-9	-0.0000060949	6.3066409390E-10	4.800	20.500
6/27/2022	3:43 AM	0.2765906000	100.000	8.000	9.999	0.0000010000	-0.0000614384	7.7923308322E-9	-0.0000060785	1.0444293616E-9	4.800	20.500
6/27/2022	3:44 AM	0.2740761400	100.000	7.998	9.999	0.0000010000	-0.0000614442	9.4771260272E-9	-0.0000061010	7.0710678119E-10	4.800	20.600
6/27/2022	3:44 AM	0.2715616800	100.000	7.991	9.999	0.0000010000	-0.0000614422	7.0002765891E-9	-0.0000060980	8.2739529308E-10	4.900	20.600
6/27/2022	3:45 AM	0.2690472200	100.000	8.004	10.000	0.0000010000	-0.0000614473	7.6332705292E-9	-0.0000060789	1.0441161403E-9	4.800	20.500
6/27/2022	3:46 AM	0.2665327600	100.000	7.997	10.000	0.0000010000	-0.0000614429	8.7532985522E-9	-0.0000061024	6.6571333342E-10	4.800	20.500
6/27/2022	3:47 AM	0.2640183000	100.000	7.995	10.001	0.0000010000	-0.0000614433	9.7621407343E-9	-0.0000060845	1.3639430989E-9	4.900	20.500
6/27/2022	3:47 AM	0.2615038400	100.000	7.999	10.001	0.0000010000	-0.0000614423	9.5936536088E-9	-0.0000061033	4.7602787773E-10	4.800	20.500
6/27/2022	3:48 AM	0.2589893800	100.000	7.998	9.999	0.0000010000	-0.0000614487	8.4692223726E-9	-0.0000060879	1.3636809248E-9	4.800	20.500
6/27/2022	3:49 AM	0.2564749200	100.000	8.000	10.000	0.0000010000	-0.0000614492	1.3594217126E-8	-0.0000061102	2.1033152219E-9	4.900	20.500
6/27/2022	3:49 AM	0.2539604600	100.000	8.007	10.001	0.0000010000	-0.0000614414	7.6409419142E-9	-0.0000060669	2.4162469644E-9	4.800	20.500
6/27/2022	3:50 AM	0.2514460000	100.000	8.004	10.001	0.0000010000	-0.0000614528	7.8764699917E-9	-0.0000060865	9.2195444573E-10	4.900	20.500
6/27/2022	3:51 AM	0.2489315400	100.000	7.998	10.000	0.0000010000	-0.0000614419	6.6118116447E-9	-0.0000060848	3.3911649916E-10	4.900	20.500
6/27/2022	3:51 AM	0.2464170800	100.000	7.999	10.000	0.0000010000	-0.0000614529	7.8330951760E-9	-0.0000061144	8.1889390100E-10	4.900	20.500
6/27/2022	3:52 AM	0.2439026200	100.000	7.994	9.999	0.0000010000	-0.0000614534	5.2043370231E-9	-0.0000060939	2.2247448714E-10	4.900	20.500
6/27/2022	3:53 AM	0.2413881600	100.000	8.002	10.001	0.0000010000	-0.0000614668	1.1510619932E-8	-0.0000061032	9.1203127704E-10	4.900	20.500
6/27/2022	3:54 AM	0.2388737000	100.000	8.004	10.000	0.0000010000	-0.0000614337	4.8566426049E-9	-0.0000060892	1.2447058924E-9	4.900	20.500
6/27/2022	3:54 AM	0.2363592400	100.000	7.998	10.000	0.0000010000	-0.0000614391	7.0222755149E-9	-0.0000060967	4.3870225316E-10	4.900	20.500
6/27/2022	3:55 AM	0.2338447800	100.000	7.998	10.000	0.0000010000	-0.0000614378	9.0457454613E-9	-0.0000060826	1.7928037960E-9	4.900	20.500
6/27/2022	3:56 AM	0.2313303200	100.000	8.001	10.000	0.0000010000	-0.0000614821	1.0207306243E-8	-0.0000061023	9.4005583283E-10	4.900	20.500
6/27/2022	3:57 AM	0.2288158600	100.000	8.005	10.000	0.0000010000	-0.0000614350	6.7003319439E-9	-0.0000061138	1.0894284674E-9	4.900	20.500
6/27/2022	3:57 AM	0.2263014000	100.100	8.008	10.001	0.0000010000	-0.0000614286	5.7675543776E-9	-0.0000061083	7.2771912927E-10	4.900	20.500
6/27/2022	3:58 AM	0.2237869400	100.100	8.003	9.999	0.0000010000	-0.0000614505	1.0267964905E-8	-0.0000060917	2.0060204222E-9	4.900	20.500
6/27/2022	3:59 AM	0.2212724800	100.100	8.004	10.001	0.0000010000	-0.0000614193	1.1478270294E-8	-0.0000061058	8.8102496759E-10	4.900	20.400
6/27/2022	3:59 AM	0.2187580200	100.100	8.002	10.001	0.0000010000	-0.0000614393	1.1163187478E-8	-0.0000060894	8.3900310986E-10	4.900	20.400
6/27/2022	4:00 AM	0.2162435600	100.100	7.996	10.000	0.0000010000	-0.0000614307	6.2435667017E-9	-0.0000061074	1.1000000000E-9	4.900	20.500
6/27/2022	4:01 AM	0.2137291000	100.100	8.008	10.001	0.0000010000	-0.0000614254	9.1649959878E-9	-0.0000060959	8.8740730319E-10	4.900	20.500
6/27/2022	4:01 AM	0.2112146400	100.100	8.000	9.999	0.0000010000	-0.0000614502	5.9194294625E-9	-0.0000061036	1.1813159295E-9	4.900	20.500
6/27/2022	4:02 AM	0.2087001800	100.100	7.998	10.000	0.0000010000	-0.0000614205	7.2386295288E-9	-0.0000060896	1.6443919026E-9	4.900	20.500
6/27/2022	4:03 AM	0.2061857200	100.100	7.988	9.998	0.0000010000	-0.0000614903	5.8441634391E-9	-0.0000060662	4.5301270189E-9	5.000	20.500
6/27/2022	4:04 AM	0.2036712600	100.100	8.003	9.999	0.0000010000	-0.0000614048	1.6150128321E-8	-0.0000060991	8.1503668683E-10	4.900	20.500
6/27/2022	4:04 AM	0.2011568000	100.100	7.999	10.000	0.0000010000	-0.0000614464	9.6183610261E-9	-0.0000060984	4.5495097568E-10	4.900	20.500
6/27/2022	4:05 AM	0.1986423400	100.100	8.002	10.001	0.0000010000	-0.0000614280	7.1419924503E-9	-0.0000060855	1.0233345472E-9	4.900	20.500
6/27/2022	4:06 AM	0.1961278800	100.100	7.991	10.001	0.0000010000	-0.0000614261	7.6577035612E-9	-0.0000060529	4.8513156073E-9	4.900	20.500
6/27/2022	4:06 AM	0.1936134200	100.100	8.000	9.999	0.0000010000	-0.0000614481	4.3683078666E-9	-0.0000060864	8.5040782741E-10	5.000	20.500
6/27/2022	4:07 AM	0.1910989600	100.100	8.002	10.000	0.0000010000	-0.0000614457	6.7244213003E-9	-0.0000061031	5.7416573868E-10	4.900	20.500
6/27/2022	4:08 AM	0.1885845000	100.100	7.990	9.999	0.0000010000	-0.0000614467	4.7470152477E-9	-0.0000061180	1.5263146811E-9	5.000	20.500
6/27/2022	4:09 AM	0.1860700400	100.100	7.998	9.999	0.0000010000	-0.0000614329	9.0784200994E-9	-0.0000060808	1.2560528920E-9	5.000	20.500
6/27/2022	4:09 AM	0.1835555800	100.100	8.001	10.001	0.0000010000	-0.0000614398	1.0221653519E-8	-0.0000060984	4.9154759474E-10	5.000	20.500
6/27/2022	4:10 AM	0.1810411200	100.100	8.005	10.001	0.0000010000	-0.0000614422	7.5786376126E-9	-0.0000060907	4.7602787773E-10	4.900	20.500
6/27/2022	4:11 AM	0.1785266600	100.100	8.006	10.002	0.0000010000	-0.0000614416	8.4771333360E-9	-0.0000060843	8.8881944173E-10	4.900	20.400
6/27/2022	4:11 AM	0.1760122000	100.100	7.995	10.000	0.0000010000	-0.0000614519	1.0444222976E-8	-0.0000060440	5.1871435495E-9	5.000	20.400
6/27/2022	4:12 AM	0.1734977400	100.100	7.995	9.998	0.0000010000	-0.0000614341	1.0772781660E-8	-0.0000060972	5.5259075049E-10	5.000	20.500
6/27/2022	4:13 AM	0.1709832800	100.100	7.998	9.999	0.0000010000	-0.0000614414	1.0991101660E-8	-0.0000060784	2.1771134415E-9	5.000	20.500
6/27/2022	4:13 AM	0.1684688200	100.100	8.001	10.001	0.0000010000	-0.0000614555	9.3345635925E-9	-0.0000061099	5.4649857042E-10	5.000	20.400
6/27/2022	4:14 AM	0.1659543600	100.100	8.000	9.998	0.0000010000	-0.0000614424	5.8559060354E-9	-0.0000060925	9.4471840095E-10	5.000	20.500
6/27/2022	4:15 AM	0.1634399000	100.100	8.001	10.001	0.0000010000	-0.0000614547	4.0356116139E-9	-0.0000060831	1.2247448714E-9	5.000	20.400
6/27/2022	4:16 AM	0.1609254400	100.100	7.998	10.000	0.0000010000	-0.0000614312	5.7488036772E-9	-0.0000060704	4.0265622122E-9	5.000	20.400
6/27/2022	4:16 AM	0.1584109800	100.100	7.992	9.999	0.0000010000	-0.0000614343	8.4366410184E-9	-0.0000061111	1.1250678633E-9	5.000	20.500
6/27/2022	4:17 AM	0.1558965200	100.100	8.006	10.001	0.0000010000	-0.0000614467	5.5091323089E-9	-0.0000061304	2.8086955265E-9	5.000	20.400
6/27/2022	4:18 AM	0.1533820600	100.100	8.000	10.000	0.0000010000	-0.0000614403	1.1616225933E-8	-0.0000060897	9.4124180247E-10	5.000	20.400
6/27/2022	4:18 AM	0.1508676000	100.100	7.995	10.000	0.0000010000	-0.0000614481	4.7156355860E-9	-0.0000061039	7.0415229868E-10	5.000	20.500
6/27/2022	4:19 AM	0.1483531400	100.100	8.004	10.001	0.0000010000	-0.0000614635	9.5657910187E-9	-0.0000060930	2.7386127875E-10	5.000	20.400
6/27/2022	4:20 AM	0.1458386800	100.100	8.012	10.002	0.0000010000	-0.0000614538	6.1243236400E-9	-0.0000061031	5.8615541191E-10	5.000	20.500
6/27/2022	4:20 AM	0.1433242200	100.100	8.000	10.000	0.0000010000	-0.0000614557	6.0683781328E-9	-0.0000061108	1.1648486002E-9	5.000	20.400
6/27/2022	4:21 AM	0.1408097600	100.100	8.000	9.999	0.0000010000	-0.0000614636	1.0545328616E-8	-0.0000061101	8.3900310986E-10	5.000	20.400
6/27/2022	4:22 AM	0.1382953000	100.100	8.000	10.000	0.0000010000	-0.0000614609	8.3029761016E-9	-0.0000061072	6.2179480778E-10	5.000	20.400
6/27/2022	4:23 AM	0.1357808400	100.100	8.000	9.999	0.0000010000	-0.0000614698	1.3339126599E-8	-0.0000060970	5.8615541191E-10	5.000	20.400
6/27/2022	4:23 AM	0.1332663800	100.100	8.002	10.000	0.0000010000	-0.0000614579	9.9965490708E-9	-0.0000060954	1.0000000000E-10	5.000	20.500
6/27/2022	4:24 AM	0.1307519200	100.100	8.011	9.999	0.0000010000	-0.0000614663	1.7634049544E-8	-0.0000060936	5.8615541191E-10	5.100	20.500
6/27/2022	4:25 AM	0.1282374600	100.100	7.994	10.001	0.0000010000	-0.0000614463	5.2135201519E-9	-0.0000060898	7.8190908485E-10	5.000	20.400
6/27/2022	4:25 AM	0.1257230000	100.100	7.996	10.001	0.0000010000	-0.0000614596	6.6003484186E-9	-0.0000061033	7.2929262470E-10	5.000	20.400
6/27/2022	4:26 AM	0.1232085400	100.100	8.006	10.001	0.0000010000	-0.0000614683	1.4151198823E-8	-0.0000061045	6.9698482070E-10	5.000	20.400
6/27/2022	4:27 AM	0.1206940800	100.100	7.998	9.999	0.0000010000	-0.0000614591	5.9656195365E-9	-0.0000060977	3.3911649916E-10	5.100	20.500
6/27/2022	4:28 AM	0.1181796200	100.100	8.008	10.000	0.0000010000	-0.0000614166	1.4593944128E-8	-0.0000061142	1.4561525868E-9	5.000	20.400
6/27/2022	4:28 AM	0.1156651600	100.100	7.959	9.994	0.0000010000	-0.0000613988	7.8328821262E-9	-0.0000060826	1.8392527131E-9	5.200	20.500
6/27/2022	4:29 AM	0.1131507000	100.100	8.008	10.001	0.0000010000	-0.0000614193	5.8073387592E-9	-0.0000060991	1.8124568960E-9	5.100	20.500
6/27/2022	4:30 AM	0.1106362400	100.100	7.994	9.999	0.0000010000	-0.0000614134	1.1149432895E-8	-0.0000060880	2.8708286934E-10	5.100	20.500
6/27/2022	4:30 AM	0.1081217800	100.100	8.010	10.001	0.0000010000	-0.0000613933	7.1580276451E-9	-0.0000060912	1.6402875850E-9	5.100	20.500
6/27/2022	4:31 AM	0.1056073200	100.100	7.997	9.999	0.0000010000	-0.0000614304	1.2305558225E-8	-0.0000061055	9.1763500472E-10	5.100	20.500
6/27/2022	4:32 AM	0.1030928600	100.100	7.994	9.999	0.0000010000	-0.0000614054	7.7224464651E-9	-0.0000060891	4.5355339059E-10	5.100	20.500
6/27/2022	4:33 AM	0.1005784000	100.100	7.997	9.999	0.0000010000	-0.0000614093	8.4043045130E-9	-0.0000060911	1.3735874275E-9	5.100	20.500
6/27/2022	4:33 AM	0.0980639400	100.100	8.000	10.000	0.0000010000	-0.0000614196	6.4580189826E-9	-0.0000060813	7.3754220353E-10	5.100	20.400
6/27/2022	4:34 AM	0.0955494800	100.100	7.999	10.001	0.0000010000	-0.0000614063	6.2577667465E-9	-0.0000060937	2.8058837015E-10	5.100	20.400
6/27/2022	4:35 AM	0.0930350200	100.100	7.999	10.000	0.0000010000	-0.0000614087	1.0520965786E-8	-0.0000061090	6.1237243570E-10	5.100	20.500
6/27/2022	4:35 AM	0.0905205600	100.100	7.999	10.000	0.0000010000	-0.0000614136	1.3114223190E-8	-0.0000061156	1.1850047376E-9	5.100	20.400
6/27/2022	4:36 AM	0.0880061000	100.100	8.003	10.001	0.0000010000	-0.0000614194	1.3889819826E-8	-0.0000060925	4.7863046408E-10	5.100	20.400
6/27/2022	4:37 AM	0.0854916400	100.100	8.011	10.001	0.0000010000	-0.0000613964	1.2482653333E-8	-0.0000061038	9.4425345123E-10	5.100	20.400
6/27/2022	4:38 AM	0.0829771800	100.100	8.007	10.002	0.0000010000	-0.0000614058	7.3183968618E-9	-0.0000061025	7.3851648071E-10	5.100	20.500
6/27/2022	4:38 AM	0.0804627200	100.100	7.993	9.998	0.0000010000	-0.0000614268	1.2181113467E-8	-0.0000060968	6.2179480778E-10	5.200	20.500
6/27/2022	4:39 AM	0.0779482600	100.100	7.997	10.000	0.0000010000	-0.0000614017	1.1021970906E-8	-0.0000060897	1.5984484079E-9	5.200	20.400
6/27/2022	4:40 AM	0.0754338000	100.100	7.997	9.999	0.0000010000	-0.0000614057	9.7421303391E-9	-0.0000061015	2.8708286934E-10	5.200	20.500
6/27/2022	4:40 AM	0.0729193400	100.100	7.999	10.002	0.0000010000	-0.0000614065	1.2785639781E-8	-0.0000060940	1.3148788802E-9	5.100	20.400
6/27/2022	4:41 AM	0.0704048800	100.100	8.006	10.000	0.0000010000	-0.0000614042	6.1297283478E-9	-0.0000061043	1.1769054214E-9	5.200	20.500
6/27/2022	4:42 AM	0.0678904200	100.100	8.000	9.999	0.0000010000	-0.0000614087	9.2943116921E-9	-0.0000060847	9.6810783693E-10	5.100	20.500
6/27/2022	4:42 AM	0.0653759600	100.100	8.001	10.001	0.0000010000	-0.0000614108	6.4069249554E-9	-0.0000060766	1.4318112053E-9	5.100	20.500
6/27/2022	4:43 AM	0.0628615000	100.100	8.005	10.001	0.0000010000	-0.0000613980	1.0447944486E-8	-0.0000060924	1.2858986263E-9	5.100	20.400
6/27/2022	4:44 AM	0.0603470400	100.100	7.993	9.998	0.0000010000	-0.0000613966	9.2383185719E-9	-0.0000060822	8.5166481892E-10	5.200	20.500
6/27/2022	4:45 AM	0.0578325800	100.100	7.995	10.001	0.0000010000	-0.0000613978	1.0074977603E-8	-0.0000061031	6.7925092342E-10	5.100	20.400
6/27/2022	4:45 AM	0.0553181200	100.100	7.991	10.000	0.0000010000	-0.0000613946	1.0211440991E-8	-0.0000060895	7.8579944521E-10	5.100	20.500
6/27/2022	4:46 AM	0.0528036600	100.100	8.005	10.002	0.0000010000	-0.0000614051	9.0880590219E-9	-0.0000060803	1.2216013566E-9	5.100	20.400
6/27/2022	4:47 AM	0.0502892000	100.100	7.996	9.999	0.0000010000	-0.0000614136	5.4708424808E-9	-0.0000060879	7.6278691088E-10	5.200	20.500
6/27/2022	4:48 AM	0.0477747400	100.100	7.991	10.000	0.0000010000	-0.0000614123	1.3490135886E-8	-0.0000060991	4.9154759474E-10	5.100	20.400
6/27/2022	4:48 AM	0.0452602800	100.100	7.999	10.000	0.0000010000	-0.0000614105	7.2775508137E-9	-0.0000061020	1.4684078243E-9	5.200	20.400
6/27/2022	4:49 AM	0.0427458200	100.100	8.007	10.001	0.0000010000	-0.0000614111	5.9770708306E-9	-0.0000061006	1.1606601718E-9	5.100	20.500
6/27/2022	4:50 AM	0.0402313600	100.100	8.001	9.999	0.0000010000	-0.0000614117	1.1085268365E-8	-0.0000060850	1.0564005218E-9	5.200	20.500
6/27/2022	4:50 AM	0.0377169000	100.100	7.991	9.999	0.0000010000	-0.0000614076	1.1464781581E-8	-0.0000060844	1.3522077665E-9	5.200	20.400
6/27/2022	4:51 AM	0.0352024400	100.100	7.994	10.000	0.0000010000	-0.0000613991	6.3870740449E-9	-0.0000060930	8.2540150734E-10	5.200	20.500
6/27/2022	4:52 AM	0.0326879800	100.100	7.995	10.000	0.0000010000	-0.0000613946	1.2202792566E-8	-0.0000060888	1.2607961060E-9	5.200	20.500
6/27/2022	4:53 AM	0.0301735200	100.100	8.016	10.001	0.0000010000	-0.0000613807	6.3781569346E-9	-0.0000060830	2.8708286934E-10	5.100	20.500
6/27/2022	4:53 AM	0.0276590600	100.100	8.002	10.000	0.0000010000	-0.0000613845	1.0232554975E-8	-0.0000060889	2.5811388301E-10	5.200	20.500
6/27/2022	4:54 AM	0.0251446000	100.100	7.995	10.000	0.0000010000	-0.0000613941	1.0261621907E-8	-0.0000060908	2.0000000000E-10	5.200	20.500
6/27/2022	4:55 AM	0.0226301400	100.100	8.006	10.000	0.0000010000	-0.0000613834	1.1104452667E-8	-0.0000060736	1.3493292341E-9	5.200	20.500
6/27/2022	4:56 AM	0.0201156800	100.100	8.003	10.000	0.0000010000	-0.0000613953	5.6703099267E-9	-0.0000060880	1.1741663363E-9	5.200	20.500
6/27/2022	4:56 AM	0.0176012200	100.100	7.999	10.000	0.0000010000	-0.0000613962	9.0260122452E-9	-0.0000060997	1.2683321446E-9	5.200	20.400
6/27/2022	4:57 AM	0.0150867600	100.200	8.000	10.000	0.0000010000	-0.0000614074	5.8770711653E-9	-0.0000060872	1.2456232619E-9	5.200	20.500
6/27/2022	4:58 AM	0.0125723000	100.200	7.995	10.000	0.0000010000	-0.0000613797	1.2057106445E-8	-0.0000060754	1.7936726953E-9	5.200	20.500
6/27/2022	4:58 AM	0.0100578400	100.200	7.991	10.001	0.0000010000	-0.0000613843	1.0711753059E-8	-0.0000060906	7.2559935005E-10	5.200	20.400
6/27/2022	4:59 AM	0.0075433800	100.200	8.008	10.002	0.0000010000	-0.0000613884	9.4615444292E-9	-0.0000060893	1.7848647380E-9	5.100	20.400
6/27/2022	5:00 AM	0.0050289200	100.200	7.994	10.001	0.0000010000	-0.0000613978	9.6079490294E-9	-0.0000060538	4.7230116713E-9	5.200	20.400
6/27/2022	5:01 AM	0.0025144600	100.200	8.004	10.002	0.0000010000	-0.0000614038	1.1660753799E-8	-0.0000060916	2.2247448714E-10	5.100	20.400
6/27/2022	5:01 AM	0.0000000000	100.200	7.999	9.999	0.0000010000	-0.0000614011	7.0204709880E-9	-0.0000060980	8.6522066420E-10	5.200	20.400
6/27/2022	5:02 AM	-0.0025144600	100.200	7.997	9.999	0.0000010000	-0.0000613923	8.5440613332E-9	-0.0000060923	1.2247448714E-10	5.200	20.500
6/27/2022	5:03 AM	-0.0050289200	100.200	8.008	10.000	0.0000010000	-0.0000614012	6.5677606601E-9	-0.0000060914	3.2247448714E-10	5.200	20.500
6/27/2022	5:04 AM	-0.0075433800	100.200	7.987	9.999	0.0000010000	-0.0000613959	9.6297062247E-9	-0.0000060953	5.5355339059E-10	5.200	20.400
6/27/2022	5:04 AM	-0.0100578400	100.200	8.009	10.000	0.0000010000	-0.0000613912	7.8594659081E-9	-0.0000060843	1.1039933485E-9	5.200	20.400
6/27/2022	5:05 AM	-0.0125723000	100.200	7.988	10.000	0.0000010000	-0.0000614048	7.1294892344E-9	-0.0000060614	2.9313000567E-9	5.200	20.500
6/27/2022	5:06 AM	-0.0150867600	100.200	7.999	10.000	0.0000010000	-0.0000614018	9.3870722868E-9	-0.0000061136	9.6695398029E-10	5.200	20.400
6/27/2022	5:06 AM	-0.0176012200	100.200	7.998	10.001	0.0000010000	-0.0000613973	1.0007488448E-8	-0.0000060868	8.1723431537E-10	5.200	20.500
6/27/2022	5:07 AM	-0.0201156800	100.200	8.005	10.000	0.0000010000	-0.0000613995	7.9269609635E-9	-0.0000060861	1.6571976231E-9	5.200	20.400
6/27/2022	5:08 AM	-0.0226301400	100.200	8.001	10.000	0.0000010000	-0.0000614099	6.7446936744E-9	-0.0000060940	2.1037772006E-9	5.200	20.500
6/27/2022	5:08 AM	-0.0251446000	100.200	7.994	10.001	0.0000010000	-0.0000613812	8.1916373712E-9	-0.0000060891	9.9386581434E-10	5.200	20.400
6/27/2022	5:09 AM	-0.0276590600	100.200	8.000	10.000	0.0000010000	-0.0000613863	8.4453458992E-9	-0.0000061151	1.4558083583E-9	5.200	20.400
6/27/2022	5:10 AM	-0.0301735200	100.200	8.006	10.002	0.0000010000	-0.0000613997	8.0455630609E-9	-0.0000060939	1.7298296836E-9	5.100	20.400
6/27/2022	5:11 AM	-0.0326879800	100.200	8.008	10.002	0.0000010000	-0.0000614076	6.9155467872E-9	-0.0000060894	1.3474192049E-9	5.100	20.400
6/27/2022	5:11 AM	-0.0352024400	100.200	8.001	9.999	0.0000010000	-0.0000614260	1.1138221632E-8	-0.0000060901	8.9418965053E-10	5.200	20.400
6/27/2022	5:12 AM	-0.0377169000	100.200	7.995	10.000	0.0000010000	-0.0000614160	7.9092749637E-9	-0.0000061094	1.4702274052E-9	5.200	20.400
6/27/2022	5:13 AM	-0.0402313600	100.200	7.997	10.001	0.0000010000	-0.0000614302	9.2713726429E-9	-0.0000061039	1.0888194417E-9	5.200	20.400
6/27/2022	5:13 AM	-0.0427458200	100.200	7.999	10.000	0.0000010000	-0.0000614286	6.6914076591E-9	-0.0000060998	1.3297063286E-9	5.200	20.400
6/27/2022	5:14 AM	-0.0452602800	100.200	8.001	10.000	0.0000010000	-0.0000614072	1.1001595586E-8	-0.0000061106	7.6923276251E-10	5.200	20.400
6/27/2022	5:15 AM	-0.0477747400	100.200	8.003	10.001	0.0000010000	-0.0000614162	9.5989971829E-9	-0.0000060915	2.2360679775E-10	5.200	20.400
6/27/2022	5:15 AM	-0.0502892000	100.200	8.009	10.001	0.0000010000	-0.0000613981	1.1346490631E-8	-0.0000061012	2.5495097568E-10	5.200	20.400
6/27/2022	5:16 AM	-0.0528036600	100.200	7.997	10.000	0.0000010000	-0.0000614130	1.0196541021E-8	-0.0000060905	1.0021974055E-9	5.200	20.400
6/27/2022	5:17 AM	-0.0553181200	100.200	8.000	9.999	0.0000010000	-0.0000614145	1.2183589688E-8	-0.0000061075	8.7033943988E-10	5.200	20.400
6/27/2022	5:18 AM	-0.0578325800	100.200	7.999	10.000	0.0000010000	-0.0000614114	1.0905956265E-8	-0.0000060879	1.1000000000E-9	5.200	20.400
6/27/2022	5:18 AM	-0.0603470400	100.200	8.001	10.001	0.0000010000	-0.0000614123	6.6104026934E-9	-0.0000060930	3.9154759474E-10	5.200	20.400
6/27/2022	5:19 AM	-0.0628615000	100.200	8.001	9.999	0.0000010000	-0.0000614306	5.9825881493E-9	-0.0000060934	4.9664022582E-10	5.200	20.500
6/27/2022	5:20 AM	-0.0653759600	100.200	8.008	10.000	0.0000010000	-0.0000614102	8.6253607408E-9	-0.0000061011	3.0955735648E-10	5.200	20.400
6/27/2022	5:20 AM	-0.0678904200	100.200	7.989	10.000	0.0000010000	-0.0000614108	1.1815906241E-8	-0.0000060808	2.1871838754E-9	5.200	20.500
6/27/2022	5:21 AM	-0.0704048800	100.200	8.008	10.001	0.0000010000	-0.0000614204	1.0730044461E-8	-0.0000060895	2.2360679775E-10	5.200	20.400
6/27/2022	5:22 AM	-0.0729193400	100.200	7.997	9.999	0.0000010000	-0.0000613972	5.7604611426E-9	-0.0000060949	2.2247448714E-10	5.200	20.400
6/27/2022	5:22 AM	-0.0754338000	100.200	7.997	10.000	0.0000010000	-0.0000614219	9.4721634887E-9	-0.0000061089	8.9379718813E-10	5.200	20.400
6/27/2022	5:23 AM	-0.0779482600	100.200	8.006	10.001	0.0000010000	-0.0000614177	5.7421414300E-9	-0.0000061075	9.7197490278E-10	5.200	20.400
6/27/2022	5:24 AM	-0.0804627200	100.200	7.994	9.999	0.0000010000	-0.0000613982	7.6635691087E-9	-0.0000060983	6.9774951497E-10	5.200	20.500
6/27/2022	5:25 AM	-0.0829771800	100.200	8.001	9.999	0.0000010000	-0.0000614062	6.7976470380E-9	-0.0000061036	8.9379718813E-10	5.200	20.400
6/27/2022	5:25 AM	-0.0854916400	100.200	8.012	10.000	0.0000010000	-0.0000614225	6.8069766454E-9	-0.0000060901	1.3539918022E-9	5.200	20.400
6/27/2022	5:26 AM	-0.0880061000	100.200	8.005	10.000	0.0000010000	-0.0000614078	8.6286165175E-9	-0.0000060853	1.0300537619E-9	5.200	20.400
6/27/2022	5:27 AM	-0.0905205600	100.200	7.985	9.998	0.0000010000	-0.0000614430	8.9091921747E-9	-0.0000060980	1.2577635312E-9	5.200	20.400
6/27/2022	5:27 AM	-0.0930350200	100.200	8.013	10.002	0.0000010000	-0.0000614152	6.3861072393E-9	-0.0000061091	8.8740730319E-10	5.200	20.400
6/27/2022	5:28 AM	-0.0955494800	100.200	8.000	9.999	0.0000010000	-0.0000614166	6.7909533667E-9	-0.0000060512	5.6571573154E-9	5.200	20.400
6/27/2022	5:29 AM	-0.0980639400	100.200	8.006	10.001	0.0000010000	-0.0000614196	6.7209552606E-9	-0.0000060981	1.1477512681E-9	5.200	20.400
6/27/2022	5:29 AM	-0.1005784000	100.200	8.009	10.000	0.0000010000	-0.0000614119	9.4652441018E-9	-0.0000060820	8.5355339059E-10	5.200	20.400
6/27/2022	5:30 AM	-0.1030928600	100.200	7.993	9.999	0.0000010000	-0.0000614193	1.0541299880E-8	-0.0000061082	1.2950784271E-9	5.200	20.400
6/27/2022	5:31 AM	-0.1056073200	100.200	8.012	10.001	0.0000010000	-0.0000614092	9.3584234979E-9	-0.0000060912	1.3987213931E-9	5.200	20.400
6/27/2022	5:32 AM	-0.1081217800	100.200	7.989	9.999	0.0000010000	-0.0000614100	1.2448580442E-8	-0.0000060887	6.9154759474E-10	5.200	20.400
6/27/2022	5:32 AM	-0.1106362400	100.200	8.004	10.001	0.0000010000	-0.0000614177	9.6322646406E-9	-0.0000061110	7.7631558048E-10	5.200	20.400
6/27/2022	5:33 AM	-0.1131507000	100.200	7.998	10.000	0.0000010000	-0.0000614099	9.9089659770E-9	-0.0000061051	1.4696938457E-9	5.200	20.400
6/27/2022	5:34 AM	-0.1156651600	100.200	8.000	9.999	0.0000010000	-0.0000614109	8.3940152387E-9	-0.0000060988	7.2093678194E-10	5.200	20.400
6/27/2022	5:34 AM	-0.1181796200	100.200	7.989	9.998	0.0000010000	-0.0000614238	4.9422091173E-9	-0.0000060992	1.4213373913E-9	5.200	20.400
6/27/2022	5:35 AM	-0.1206940800	100.200	8.010	10.001	0.0000010000	-0.0000614295	7.5743282920E-9	-0.0000061050	5.0990195136E-10	5.200	20.400
6/27/2022	5:36 AM	-0.1232085400	100.200	8.006	10.000	0.0000010000	-0.0000614014	8.9480583869E-9	-0.0000060913	4.4203384502E-10	5.200	20.400
6/27/2022	5:37 AM	-0.1257230000	100.200	8.012	10.000	0.0000010000	-0.0000614113	7.5018840599E-9	-0.0000060965	1.7435382820E-9	5.200	20.400
6/27/2022	5:37 AM	-0.1282374600	100.200	7.998	9.998	0.0000010000	-0.0000614129	8.1394839868E-9	-0.0000061027	2.2247448714E-10	5.300	20.500
6/27/2022	5:38 AM	-0.1307519200	100.200	7.996	9.999	0.0000010000	-0.0000614028	1.2855490600E-8	-0.0000061068	9.3802257380E-10	5.200	20.400
6/27/2022	5:39 AM	-0.1332663800	100.200	7.990	10.001	0.0000010000	-0.0000614123	1.0831250415E-8	-0.0000060986	3.8708286934E-10	5.200	20.400
6/27/2022	5:39 AM	-0.1357808400	100.200	7.992	10.000	0.0000010000	-0.0000614072	6.3781736965E-9	-0.0000060936	1.0342685620E-9	5.200	20.400
6/27/2022	5:40 AM	-0.1382953000	100.200	8.002	10.002	0.0000010000	-0.0000614256	6.2719164625E-9	-0.0000060844	1.1300537619E-9	5.200	20.400
6/27/2022	5:41 AM	-0.1408097600	100.200	8.011	10.000	0.0000010000	-0.0000614031	8.0938799813E-9	-0.0000048831	1.9322432663E-7	5.300	20.400
6/27/2022	5:41 AM	-0.1433242200	100.200	7.999	9.999	0.0000010000	-0.0000613873	9.0196153448E-9	-0.0000045854	1.1812006585E-9	5.200	20.400
6/27/2022	5:42 AM	-0.1458386800	100.200	7.997	10.000	0.0000010000	-0.0000613980	1.4607470045E-8	-0.0000045706	3.0909662843E-9	5.200	20.400
6/27/2022	5:43 AM	-0.1483531400	100.200	7.999	9.999	0.0000010000	-0.0000614141	1.0140578377E-8	-0.0000045824	1.4525839046E-9	5.200	20.400
6/27/2022	5:44 AM	-0.1508676000	100.200	8.006	10.001	0.0000010000	-0.0000614061	7.2303634870E-9	-0.0000045810	1.1191948626E-9	5.200	20.400
6/27/2022	5:44 AM	-0.1533820600	100.200	7.999	9.998	0.0000010000	-0.0000613922	8.8477328424E-9	-0.0000045953	6.5355339059E-10	5.300	20.500
6/27/2022	5:45 AM	-0.1558965200	100.200	7.987	9.999	0.0000010000	-0.0000614196	9.9606927044E-9	-0.0000045938	5.5355339059E-10	5.200	20.400
6/27/2022	5:46 AM	-0.1584109800	100.200	8.001	10.000	0.0000010000	-0.0000613987	1.1548491185E-8	-0.0000045942	1.4778050923E-9	5.200	20.400
6/27/2022	5:47 AM	-0.1609254400	100.200	8.008	10.000	0.0000010000	-0.0000613988	9.6782723792E-9	-0.0000045807	9.8881944173E-10	5.200	20.400
6/27/2022	5:47 AM	-0.1634399000	100.200	7.995	9.999	0.0000010000	-0.0000614002	1.1128928994E-8	-0.0000045710	4.3622903283E-9	5.300	20.500
6/27/2022	5:48 AM	-0.1659543600	100.200	7.989	10.000	0.0000010000	-0.0000614034	8.3765723637E-9	-0.0000045869	4.3911649916E-10	5.300	20.400
6/27/2022	5:49 AM	-0.1684688200	100.200	8.013	10.001	0.0000010000	-0.0000614135	9.8619012406E-9	-0.0000045856	5.9328478957E-10	5.200	20.400
6/27/2022	5:49 AM	-0.1709832800	100.200	8.008	10.000	0.0000010000	-0.0000614226	6.6693883054E-9	-0.0000046005	7.6667942348E-10	5.200	20.400
6/27/2022	5:50 AM	-0.1734977400	100.200	7.989	9.999	0.0000010000	-0.0000614095	1.0027316231E-8	-0.0000045814	1.1817810823E-9	5.300	20.400
6/27/2022	5:51 AM	-0.1760122000	100.200	8.002	9.999	0.0000010000	-0.0000614238	9.6921187007E-9	-0.0000045760	1.3307227851E-9	5.300	20.400
6/27/2022	5:52 AM	-0.1785266600	100.200	7.998	10.000	0.0000010000	-0.0000614193	9.7309130689E-9	-0.0000045984	5.3385391260E-10	5.300	20.400
6/27/2022	5:52 AM	-0.1810411200	100.200	7.986	10.000	0.0000010000	-0.0000614055	8.0913194045E-9	-0.0000045830	4.2247448714E-10	5.300	20.400
6/27/2022	5:53 AM	-0.1835555800	100.200	8.009	10.001	0.0000010000	-0.0000614107	1.1068258890E-8	-0.0000046003	9.3851648071E-10	5.200	20.400
6/27/2022	5:54 AM	-0.1860700400	100.200	7.992	9.998	0.0000010000	-0.0000614196	1.3650878474E-8	-0.0000045429	5.5794288336E-9	5.300	20.400
6/27/2022	5:54 AM	-0.1885845000	100.200	7.994	10.000	0.0000010000	-0.0000614275	7.9969399747E-9	-0.0000045954	2.2247448714E-10	5.300	20.400
6/27/2022	5:55 AM	-0.1910989600	100.200	8.011	10.001	0.0000010000	-0.0000614119	6.4171989814E-9	-0.0000045918	2.0000000000E-10	5.200	20.400
6/27/2022	5:56 AM	-0.1936134200	100.200	8.005	9.998	0.0000010000	-0.0000614070	8.0536813677E-9	-0.0000045863	1.0077358852E-9	5.300	20.400
6/27/2022	5:56 AM	-0.1961278800	100.200	8.004	10.002	0.0000010000	-0.0000613997	1.0894158192E-8	-0.0000045965	7.7631558048E-10	5.200	20.400
6/27/2022	5:57 AM	-0.1986423400	100.200	7.989	10.000	0.0000010000	-0.0000614067	8.5386594743E-9	-0.0000045983	1.2560725392E-9	5.300	20.400
6/27/2022	5:58 AM	-0.2011568000	100.200	8.001	10.001	0.0000010000	-0.0000613951	9.6752969622E-9	-0.0000045940	6.9154759474E-10	5.200	20.400
6/27/2022	5:59 AM	-0.2036712600	100.200	7.996	9.999	0.0000010000	-0.0000613879	3.4595902829E-9	-0.0000045749	1.7445961649E-9	5.300	20.400
6/27/2022	5:59 AM	-0.2061857200	100.200	7.999	10.000	0.0000010000	-0.0000613938	4.8482812164E-9	-0.0000045867	4.1402208188E-10	5.300	20.400
6/27/2022	6:00 AM	-0.2087001800	100.200	8.000	10.001	0.0000010000	-0.0000614029	5.8724915532E-9	-0.0000046059	7.8102496759E-10	5.200	20.400
6/27/2022	6:01 AM	-0.2112146400	100.200	8.001	10.000	0.0000010000	-0.0000613846	6.9504353144E-9	-0.0000045886	7.0397754210E-10	5.300	20.400
6/27/2022	6:02 AM	-0.2137291000	100.200	7.997	9.999	0.0000010000	-0.0000613883	8.5589133195E-9	-0.0000045955	1.6384208607E-9	5.300	20.400
6/27/2022	6:02 AM	-0.2162435600	100.200	7.999	10.001	0.0000010000	-0.0000613978	1.9471996127E-8	-0.0000045780	1.6616282153E-9	5.200	20.400
6/27/2022	6:03 AM	-0.2187580200	100.200	8.009	10.000	0.0000010000	-0.0000614014	1.1748212386E-8	-0.0000045748	1.2423728323E-9	5.300	20.400
6/27/2022	6:04 AM	-0.2212724800	100.200	7.991	9.999	0.0000010000	-0.0000613989	8.5894544729E-9	-0.0000045859	2.5933393652E-9	5.300	20.400
6/27/2022	6:04 AM	-0.2237869400	100.200	8.000	10.002	0.0000010000	-0.0000613976	9.6617538274E-9	-0.0000045952	9.6205775687E-10	5.200	20.400
6/27/2022	6:05 AM	-0.2263014000	100.200	7.983	9.999	0.0000010000	-0.0000614003	6.2123071192E-9	-0.0000045782	1.0215838363E-9	5.300	20.400
6/27/2022	6:06 AM	-0.2288158600	100.200	7.991	10.001	0.0000010000	-0.0000613914	5.2486248069E-9	-0.0000045880	4.9664022582E-10	5.200	20.400
6/27/2022	6:06 AM	-0.2313303200	100.200	8.000	10.001	0.0000010000	-0.0000614049	4.6821748403E-9	-0.0000045847	7.4295816944E-10	5.300	20.400
6/27/2022	6:07 AM	-0.2338447800	100.200	7.991	10.000	0.0000010000	-0.0000613991	9.3927678907E-9	-0.0000045905	7.3166247904E-10	5.300	20.400
6/27/2022	6:08 AM	-0.2363592400	100.200	7.998	10.001	0.0000010000	-0.0000614064	9.9039674395E-9	-0.0000045850	5.8615541191E-10	5.300	20.400
6/27/2022	6:09 AM	-0.2388737000	100.200	7.997	9.999	0.0000010000	-0.0000614049	1.5994090589E-8	-0.0000045831	2.0557607216E-9	5.300	20.400
6/27/2022	6:09 AM	-0.2413881600	100.200	7.991	9.999	0.0000010000	-0.0000614131	7.5180461305E-9	-0.0000045910	2.4494897428E-10	5.200	20.400
6/27/2022	6:10 AM	-0.2439026200	100.200	7.992	10.000	0.0000010000	-0.0000613975	6.6237904743E-9	-0.0000045888	3.0955735648E-10	5.300	20.400
6/27/2022	6:11 AM	-0.2464170800	100.200	8.008	10.001	0.0000010000	-0.0000614139	7.1258852425E-9	-0.0000045944	7.2559935005E-10	5.200	20.400
6/27/2022	6:12 AM	-0.2489315400	100.200	8.006	9.999	0.0000010000	-0.0000613926	1.0873844789E-8	-0.0000045855	7.0710678119E-10	5.300	20.400
6/27/2022	6:12 AM	-0.2514460000	100.200	7.981	9.999	0.0000010000	-0.0000613911	8.7943434783E-9	-0.0000046007	1.2423728323E-9	5.300	20.400
6/27/2022	6:13 AM	-0.2539604600	100.200	7.994	10.000	0.0000010000	-0.0000613898	1.0477465070E-8	-0.0000045928	2.8708286934E-10	5.300	20.400
6/27/2022	6:14 AM	-0.2564749200	100.200	7.993	9.999	0.0000010000	-0.0000613813	8.9953353877E-9	-0.0000045831	9.0801965128E-10	5.300	20.400
6/27/2022	6:14 AM	-0.2589893800	100.200	8.008	10.001	0.0000010000	-0.0000613849	1.2190447904E-8	-0.0000045867	5.5355339059E-10	5.300	20.400
6/27/2022	6:15 AM	-0.2615038400	100.200	7.994	10.001	0.0000010000	-0.0000614104	1.0676839408E-8	-0.0000045967	8.9526339942E-10	5.200	20.400
6/27/2022	6:16 AM	-0.2640183000	100.200	8.004	9.999	0.0000010000	-0.0000613899	9.2837660979E-9	-0.0000045901	4.5355339059E-10	5.300	20.400
6/27/2022	6:17 AM	-0.2665327600	100.200	7.998	10.000	0.0000010000	-0.0000613928	9.4702519374E-9	-0.0000045842	6.9774951497E-10	5.300	20.400
6/27/2022	6:17 AM	-0.2690472200	100.200	8.011	10.002	0.0000010000	-0.0000613837	1.2196457110E-8	-0.0000045865	8.3784666345E-10	5.300	20.400
6/27/2022	6:18 AM	-0.2715616800	100.200	7.997	10.000	0.0000010000	-0.0000613950	6.6028448449E-9	-0.0000046014	1.0300537619E-9	5.300	20.400
6/27/2022	6:19 AM	-0.2740761400	100.200	7.988	9.998	0.0000010000	-0.0000613889	7.7364217162E-9	-0.0000045867	3.5811388301E-10	5.300	20.400
6/27/2022	6:19 AM	-0.2765906000	100.200	8.012	10.001	0.0000010000	-0.0000614137	6.9965825193E-9	-0.0000045985	8.4010949186E-10	5.200	20.300
6/27/2022	6:20 AM	-0.2791050600	100.200	8.005	10.001	0.0000010000	-0.0000613942	6.6301625581E-9	-0.0000045868	4.1402208188E-10	5.300	20.400
6/27/2022	6:21 AM	-0.2816195200	100.200	7.990	10.000	0.0000010000	-0.0000613968	6.6742807389E-9	-0.0000045780	1.9900763699E-9	5.300	20.400
6/27/2022	6:22 AM	-0.2841339800	100.200	7.998	9.999	0.0000010000	-0.0000613887	6.8844763926E-9	-0.0000045737	1.4245187380E-9	5.300	20.400
6/27/2022	6:22 AM	-0.2866484400	100.200	7.987	9.999	0.0000010000	-0.0000613814	6.1312145902E-9	-0.0000045772	8.5166481892E-10	5.300	20.400
6/27/2022	6:23 AM	-0.2891629000	100.200	8.003	10.001	0.0000010000	-0.0000613864	8.9359281439E-9	-0.0000045887	7.7008771255E-10	5.200	20.400
6/27/2022	6:24 AM	-0.2916773600	100.200	8.003	10.002	0.0000010000	-0.0000613854	1.1790691000E-8	-0.0000045918	1.1707877060E-9	5.200	20.400
6/27/2022	6:24 AM	-0.2941918200	100.200	7.996	9.999	0.0000010000	-0.0000614016	1.3187333107E-8	-0.0000045991	7.8144554330E-10	5.300	20.400
6/27/2022	6:25 AM	-0.2967062800	100.200	7.994	10.000	0.0000010000	-0.0000613902	1.3387996238E-8	-0.0000045901	9.9753483738E-10	5.300	20.400
6/27/2022	6:26 AM	-0.2992207400	100.200	8.017	10.001	0.0000010000	-0.0000613762	9.2302420070E-9	-0.0000045622	3.1963095434E-9	5.200	20.400
6/27/2022	6:27 AM	-0.3017352000	100.200	7.994	9.998	0.0000010000	-0.0000613883	8.4999263969E-9	-0.0000045958	1.3381186870E-9	5.300	20.400
6/27/2022	6:27 AM	-0.3042496600	100.200	7.992	10.000	0.0000010000	-0.0000613761	9.4649242753E-9	-0.0000045743	1.4558237748E-9	5.300	20.400
6/27/2022	6:28 AM	-0.3067641200	100.200	8.006	10.002	0.0000010000	-0.0000613844	9.8705081652E-9	-0.0000045780	8.2540150734E-10	5.200	20.300
6/27/2022	6:29 AM	-0.3092785800	100.200	8.015	10.003	0.0000010000	-0.0000613842	9.9748284463E-9	-0.0000045948	1.2913281926E-9	5.200	20.400
6/27/2022	6:29 AM	-0.3117930400	100.200	8.003	9.998	0.0000010000	-0.0000613915	8.5901635706E-9	-0.0000045928	4.7863046408E-10	5.300	20.400
6/27/2022	6:30 AM	-0.3143075000	100.200	7.986	9.998	0.0000010000	-0.0000613851	6.8783581119E-9	-0.0000045968	1.1690287121E-9	5.300	20.400
6/27/2022	6:31 AM	-0.3168219600	100.200	8.012	10.001	0.0000010000	-0.0000613537	1.1361061469E-8	-0.0000045909	4.5495097568E-10	5.300	20.400
6/27/2022	6:31 AM	-0.3193364200	100.200	8.001	10.001	0.0000010000	-0.0000613773	1.0358860388E-8	-0.0000045855	0.0000000000E+0	5.300	20.400
6/27/2022	6:32 AM	-0.3218508800	100.200	7.993	10.000	0.0000010000	-0.0000613738	7.4209542877E-9	-0.0000045958	4.9154759474E-10	5.300	20.400
6/27/2022	6:33 AM	-0.3243653400	100.200	7.996	9.999	0.0000010000	-0.0000613695	5.7597472974E-9	-0.0000045850	8.2540150734E-10	5.300	20.400
6/27/2022	6:34 AM	-0.3268798000	100.200	8.000	9.999	0.0000010000	-0.0000613691	8.0336535741E-9	-0.0000045749	4.9664022582E-10	5.300	20.400
6/27/2022	6:34 AM	-0.3293942600	100.200	8.008	10.002	0.0000010000	-0.0000613810	9.0867033597E-9	-0.0000045869	1.3977349804E-9	5.300	20.400
6/27/2022	6:35 AM	-0.3319087200	100.200	7.999	9.999	0.0000010000	-0.0000613744	9.4915545837E-9	-0.0000045976	4.4203384502E-10	5.300	20.400
6/27/2022	6:36 AM	-0.3344231800	100.200	7.988	9.999	0.0000010000	-0.0000613698	9.4058696270E-9	-0.0000045808	1.3574781129E-9	5.300	20.400
6/27/2022	6:36 AM	-0.3369376400	100.200	8.003	9.999	0.0000010000	-0.0000613797	8.1476279756E-9	-0.0000045877	1.2247448714E-10	5.300	20.400
6/27/2022	6:37 AM	-0.3394521000	100.200	7.990	9.999	0.0000010000	-0.0000613772	8.1984692040E-9	-0.0000045807	1.5291318655E-9	5.300	20.300
6/27/2022	6:38 AM	-0.3419665600	100.200	8.009	10.001	0.0000010000	-0.0000613854	5.8895256143E-9	-0.0000045390	4.1866768877E-9	5.300	20.400
6/27/2022	6:38 AM	-0.3444810200	100.200	7.997	9.999	0.0000010000	-0.0000613796	7.7026866547E-9	-0.0000046003	1.0000000000E-9	5.300	20.400
6/27/2022	6:39 AM	-0.3469954800	100.200	8.011	10.002	0.0000010000	-0.0000613663	5.8757874357E-9	-0.0000045786	8.1763500472E-10	5.200	20.300
6/27/2022	6:40 AM	-0.3495099400	100.200	7.994	9.998	0.0000010000	-0.0000613803	7.6774009662E-9	-0.0000045887	9.1089452027E-10	5.300	20.400
6/27/2022	6:41 AM	-0.3520244000	100.200	7.991	9.999	0.0000010000	-0.0000613783	8.4784127123E-9	-0.0000045847	6.1719913269E-10	5.300	20.400
6/27/2022	6:41 AM	-0.3545388600	100.200	7.990	9.999	0.0000010000	-0.0000613680	6.9552307531E-9	-0.0000045882	1.2852647610E-9	5.300	20.400
6/27/2022	6:42 AM	-0.3570533200	100.200	7.993	10.000	0.0000010000	-0.0000613730	8.1222822640E-9	-0.0000045914	2.4494897428E-10	5.300	20.400
6/27/2022	6:43 AM	-0.3595677800	100.200	8.001	9.999	0.0000010000	-0.0000613731	1.2576263458E-8	-0.0000045798	9.4425345123E-10	5.300	20.400
6/27/2022	6:43 AM	-0.3620822400	100.200	8.002	9.999	0.0000010000	-0.0000613719	7.2162186076E-9	-0.0000045850	8.5355339059E-10	5.300	20.400
6/27/2022	6:44 AM	-0.3645967000	100.200	7.996	9.999	0.0000010000	-0.0000613811	7.4857816329E-9	-0.0000045930	1.7298789425E-9	5.300	20.400
6/27/2022	6:45 AM	-0.3671111600	100.200	8.006	10.001	0.0000010000	-0.0000613713	4.6853839305E-9	-0.0000045836	3.8708286934E-10	5.300	20.400
6/27/2022	6:45 AM	-0.3696256200	100.200	7.996	10.000	0.0000010000	-0.0000613781	8.9168902899E-9	-0.0000045940	1.0368220677E-9	5.300	20.400
6/27/2022	6:46 AM	-0.3721400800	100.200	8.002	9.999	0.0000010000	-0.0000613756	1.1446449914E-8	-0.0000046012	1.0132114528E-9	5.300	20.400
6/27/2022	6:47 AM	-0.3746545400	100.200	7.987	9.998	0.0000010000	-0.0000613902	6.8980782017E-9	-0.0000045338	5.3492990195E-9	5.300	20.400
6/27/2022	6:48 AM	-0.3771690000	100.200	8.006	10.000	0.0000010000	-0.0000613875	8.4247872069E-9	-0.0000045905	2.0000000000E-10	5.300	20.300
6/27/2022	6:48 AM	-0.3796834600	100.200	7.992	10.000	0.0000010000	-0.0000613816	1.0245066971E-8	-0.0000045910	1.0770329614E-9	5.300	20.400
6/27/2022	6:49 AM	-0.3821979200	100.200	8.004	9.998	0.0000010000	-0.0000613871	4.8628890070E-9	-0.0000045838	4.7855777343E-10	5.300	20.400
6/27/2022	6:50 AM	-0.3847123800	100.200	8.002	10.001	0.0000010000	-0.0000613722	1.1492132426E-8	-0.0000045996	8.5495097568E-10	5.300	20.300
6/27/2022	6:51 AM	-0.3872268400	100.200	8.000	10.001	0.0000010000	-0.0000613814	8.3130139028E-9	-0.0000045579	2.4014792319E-9	5.300	20.300
6/27/2022	6:51 AM	-0.3897413000	100.200	8.010	10.001	0.0000010000	-0.0000613738	8.5728902383E-9	-0.0000045718	8.9707115638E-10	5.300	20.400
6/27/2022	6:52 AM	-0.3922557600	100.200	8.007	10.000	0.0000010000	-0.0000613666	7.2389533924E-9	-0.0000045866	1.0000000000E-10	5.300	20.400
6/27/2022	6:53 AM	-0.3947702200	100.200	7.983	9.999	0.0000010000	-0.0000613858	7.7921106422E-9	-0.0000045798	9.0710678119E-10	5.300	20.300
6/27/2022	6:53 AM	-0.3972846800	100.200	8.002	9.999	0.0000010000	-0.0000613661	7.5609991492E-9	-0.0000045759	9.2736184955E-10	5.300	20.400
6/27/2022	6:54 AM	-0.3997991400	100.200	7.998	9.999	0.0000010000	-0.0000613777	9.5954031204E-9	-0.0000045839	1.2364328047E-9	5.300	20.400
6/27/2022	6:55 AM	-0.3997991400	100.200	7.999	10.000	0.0000010000	-0.0000613551	7.4315700040E-9	-0.0000046049	1.3450005124E-9	5.300	20.400
6/27/2022	6:56 AM	-0.3972846800	100.200	7.995	10.001	0.0000010000	-0.0000613690	7.0555716722E-9	-0.0000045941	1.0000000000E-10	5.300	20.400
6/27/2022	6:56 AM	-0.3947702200	100.200	8.010	10.002	0.0000010000	-0.0000613613	6.6249189271E-9	-0.0000045879	1.1817810823E-9	5.300	20.300
6/27/2022	6:57 AM	-0.3922557600	100.200	7.991	9.999	0.0000010000	-0.0000613678	6.6798582149E-9	-0.0000045615	2.7379735593E-9	5.300	20.400
6/27/2022	6:58 AM	-0.3897413000	100.200	8.015	10.001	0.0000010000	-0.0000613751	6.8626246975E-9	-0.0000045768	9.4124180247E-10	5.300	20.400
6/27/2022	6:58 AM	-0.3872268400	100.200	7.989	9.998	0.0000010000	-0.0000613632	1.0085619814E-8	-0.0000045885	1.1401754251E-9	5.300	20.300
6/27/2022	6:59 AM	-0.3847123800	100.200	8.007	10.001	0.0000010000	-0.0000613552	1.1285082144E-8	-0.0000045958	8.4031242374E-10	5.300	20.400
6/27/2022	7:00 AM	-0.3821979200	100.200	7.993	9.999	0.0000010000	-0.0000613777	7.0903802612E-9	-0.0000045785	5.9406747484E-10	5.300	20.300
6/27/2022	7:01 AM	-0.3796834600	100.200	7.990	10.000	0.0000010000	-0.0000613653	9.9668986187E-9	-0.0000045913	5.6368092477E-10	5.300	20.400
6/27/2022	7:01 AM	-0.3771690000	100.200	7.993	10.000	0.0000010000	-0.0000613626	1.4508160862E-8	-0.0000045836	5.6368092477E-10	5.300	20.400
6/27/2022	7:02 AM	-0.3746545400	100.200	7.984	10.000	0.0000010000	-0.0000613663	8.4622774380E-9	-0.0000045924	1.2160784598E-9	5.300	20.300
6/27/2022	7:03 AM	-0.3721400800	100.200	8.012	10.001	0.0000010000	-0.0000613676	7.2937954120E-9	-0.0000045835	2.8708286934E-10	5.300	20.300
6/27/2022	7:03 AM	-0.3696256200	100.200	7.993	9.998	0.0000010000	-0.0000613882	6.6598621683E-9	-0.0000045758	1.1039933485E-9	5.400	20.400
6/27/2022	7:04 AM	-0.3671111600	100.200	8.006	10.000	0.0000010000	-0.0000613822	1.2098126143E-8	-0.0000045942	2.0000000000E-10	5.300	20.400
6/27/2022	7:05 AM	-0.3645967000	100.200	8.005	10.000	0.0000010000	-0.0000613652	8.2099261318E-9	-0.0000045778	6.9154759474E-10	5.300	20.300
6/27/2022	7:06 AM	-0.3620822400	100.200	7.997	10.000	0.0000010000	-0.0000613481	6.5030924195E-9	-0.0000045974	1.2282385631E-9	5.300	20.400
6/27/2022	7:06 AM	-0.3595677800	100.200	8.000	10.001	0.0000010000	-0.0000613656	7.3931507277E-9	-0.0000045619	2.9439032066E-9	5.300	20.400
6/27/2022	7:07 AM	-0.3570533200	100.200	8.004	9.999	0.0000010000	-0.0000613660	1.2244020998E-8	-0.0000045927	4.8708286934E-10	5.300	20.300
6/27/2022	7:08 AM	-0.3545388600	100.200	8.004	9.999	0.0000010000	-0.0000613823	6.0534009900E-9	-0.0000046047	9.9753483738E-10	5.300	20.400
6/27/2022	7:09 AM	-0.3520244000	100.200	7.993	10.001	0.0000010000	-0.0000613692	6.9850010203E-9	-0.0000045602	4.6234090303E-9	5.300	20.400
6/27/2022	7:09 AM	-0.3495099400	100.200	7.999	9.999	0.0000010000	-0.0000613799	7.5536462267E-9	-0.0000046093	1.3695552452E-9	5.400	20.400
6/27/2022	7:10 AM	-0.3469954800	100.200	8.004	10.001	0.0000010000	-0.0000613789	1.5095014122E-8	-0.0000045866	1.1477512681E-9	5.300	20.400
6/27/2022	7:11 AM	-0.3444810200	100.200	7.995	10.000	0.0000010000	-0.0000613736	7.9696445714E-9	-0.0000045805	5.2867640737E-10	5.300	20.400
6/27/2022	7:11 AM	-0.3419665600	100.200	7.984	10.000	0.0000010000	-0.0000613781	1.0676420562E-8	-0.0000045689	1.8392527131E-9	5.300	20.300
6/27/2022	7:12 AM	-0.3394521000	100.200	8.009	10.001	0.0000010000	-0.0000613747	6.5047961658E-9	-0.0000045966	5.0620192023E-10	5.300	20.400
6/27/2022	7:13 AM	-0.3369376400	100.200	8.010	10.000	0.0000010000	-0.0000613605	9.7937660146E-9	-0.0000045484	4.3912702082E-9	5.300	20.400
6/27/2022	7:13 AM	-0.3344231800	100.200	7.988	9.999	0.0000010000	-0.0000613866	1.1373409806E-8	-0.0000045785	7.0710678119E-10	5.300	20.300
6/27/2022	7:14 AM	-0.3319087200	100.200	7.989	9.998	0.0000010000	-0.0000613824	8.5763046201E-9	-0.0000046001	6.4288186875E-10	5.400	20.400
6/27/2022	7:15 AM	-0.3293942600	100.200	8.002	10.001	0.0000010000	-0.0000613858	7.1059583586E-9	-0.0000046097	1.6736192646E-9	5.300	20.300
6/27/2022	7:16 AM	-0.3268798000	100.200	7.991	9.999	0.0000010000	-0.0000613773	9.5155871006E-9	-0.0000045788	1.3315881612E-9	5.300	20.400
6/27/2022	7:16 AM	-0.3243653400	100.200	8.006	10.002	0.0000010000	-0.0000613804	7.6691556909E-9	-0.0000045890	3.7742546282E-10	5.300	20.300
6/27/2022	7:17 AM	-0.3218508800	100.200	8.007	10.000	0.0000010000	-0.0000613906	1.4259932672E-8	-0.0000045894	1.6276472679E-9	5.300	20.400
6/27/2022	7:18 AM	-0.3193364200	100.200	8.007	10.001	0.0000010000	-0.0000613852	9.9104989052E-9	-0.0000045869	4.0000000000E-10	5.300	20.400
6/27/2022	7:18 AM	-0.3168219600	100.200	8.000	10.000	0.0000010000	-0.0000613896	1.0571912893E-8	-0.0000046049	1.5767784444E-9	5.300	20.400
6/27/2022	7:19 AM	-0.3143075000	100.200	8.004	9.999	0.0000010000	-0.0000613913	9.9143079788E-9	-0.0000045772	7.4031242374E-10	5.400	20.400
6/27/2022	7:20 AM	-0.3117930400	100.200	8.017	10.002	0.0000010000	-0.0000613865	8.7057223605E-9	-0.0000045918	6.0850436627E-10	5.300	20.400
6/27/2022	7:20 AM	-0.3092785800	100.200	7.985	9.999	0.0000010000	-0.0000613847	1.1573759095E-8	-0.0000045955	2.8708286934E-10	5.300	20.400
6/27/2022	7:21 AM	-0.3067641200	100.200	8.016	10.002	0.0000010000	-0.0000613732	1.3961416985E-8	-0.0000045895	2.4494897428E-10	5.300	20.400
6/27/2022	7:22 AM	-0.3042496600	100.200	8.000	10.000	0.0000010000	-0.0000613659	3.3546771004E-9	-0.0000045920	7.4031242374E-10	5.300	20.400
6/27/2022	7:23 AM	-0.3017352000	100.200	8.000	10.001	0.0000010000	-0.0000613603	1.1906512534E-8	-0.0000045683	1.6426737936E-9	5.300	20.400
6/27/2022	7:24 AM	-0.2992207400	100.200	8.005	10.000	0.0000010000	-0.0000613553	6.8174144622E-9	-0.0000045841	3.8708286934E-10	5.300	20.400
6/27/2022	7:24 AM	-0.2967062800	100.200	8.003	10.001	0.0000010000	-0.0000613796	8.5734522929E-9	-0.0000045918	3.3665006978E-9	5.300	20.400
6/27/2022	7:25 AM	-0.2941918200	100.200	8.000	10.000	0.0000010000	-0.0000613778	9.0122744572E-9	-0.0000045888	8.3631818358E-10	5.300	20.400
6/27/2022	7:26 AM	-0.2916773600	100.200	8.004	10.001	0.0000010000	-0.0000613698	1.0844332948E-8	-0.0000045966	4.5355339059E-10	5.300	20.300
6/27/2022	7:26 AM	-0.2891629000	100.200	8.000	10.001	0.0000010000	-0.0000613705	1.0678814317E-8	-0.0000045847	9.3186001849E-10	5.300	20.300
6/27/2022	7:27 AM	-0.2866484400	100.200	8.004	10.000	0.0000010000	-0.0000613665	9.5636189635E-9	-0.0000046009	1.2160784598E-9	5.300	20.400
6/27/2022	7:28 AM	-0.2841339800	100.200	8.004	10.002	0.0000010000	-0.0000613717	6.7622880164E-9	-0.0000045863	2.0299711017E-9	5.300	20.400
6/27/2022	7:29 AM	-0.2816195200	100.200	8.002	10.002	0.0000010000	-0.0000613865	7.1523905627E-9	-0.0000045816	1.2153457437E-9	5.300	20.300
6/27/2022	7:29 AM	-0.2791050600	100.200	7.993	9.999	0.0000010000	-0.0000613729	6.0933977830E-9	-0.0000045927	5.8309518948E-10	5.300	20.400
6/27/2022	7:30 AM	-0.2765906000	100.200	8.008	10.002	0.0000010000	-0.0000613871	1.3845020994E-8	-0.0000045899	9.1414284285E-10	5.200	20.300
6/27/2022	7:31 AM	-0.2740761400	100.200	8.019	9.999	0.0000010000	-0.0000613832	8.7863965343E-9	-0.0000045659	2.9226807130E-9	5.400	20.400
6/27/2022	7:32 AM	-0.2715616800	100.200	7.987	9.999	0.0000010000	-0.0000613875	4.7447388997E-9	-0.0000045936	5.1515439249E-10	5.300	20.400
6/27/2022	7:32 AM	-0.2690472200	100.200	7.987	9.999	0.0000010000	-0.0000613942	3.8731104095E-9	-0.0000045844	4.1402208188E-10	5.300	20.400
6/27/2022	7:33 AM	-0.2665327600	100.200	8.007	10.000	0.0000010000	-0.0000613845	8.1834714236E-9	-0.0000045852	1.2657929533E-9	5.300	20.400
6/27/2022	7:34 AM	-0.2640183000	100.200	8.015	10.002	0.0000010000	-0.0000613840	8.8481794773E-9	-0.0000045855	6.3245553203E-10	5.300	20.300
6/27/2022	7:34 AM	-0.2615038400	100.200	7.986	9.999	0.0000010000	-0.0000613824	1.2031332181E-8	-0.0000045841	6.3429646484E-10	5.300	20.400
6/27/2022	7:35 AM	-0.2589893800	100.200	7.995	10.000	0.0000010000	-0.0000613930	7.7221443322E-9	-0.0000046012	4.3870225316E-10	5.300	20.300
6/27/2022	7:36 AM	-0.2564749200	100.200	7.991	9.997	0.0000010000	-0.0000613743	1.4049854443E-8	-0.0000045835	1.4929717404E-9	5.300	20.400
6/27/2022	7:37 AM	-0.2539604600	100.200	8.003	10.000	0.0000010000	-0.0000613698	9.9128444753E-9	-0.0000045886	3.0000000000E-10	5.300	20.400
6/27/2022	7:37 AM	-0.2514460000	100.200	7.997	9.999	0.0000010000	-0.0000613812	7.7129261540E-9	-0.0000045999	4.4966147775E-10	5.300	20.400
6/27/2022	7:38 AM	-0.2489315400	100.200	7.998	9.999	0.0000010000	-0.0000613820	6.9641057004E-9	-0.0000045713	1.4747548784E-9	5.300	20.400
6/27/2022	7:39 AM	-0.2464170800	100.200	8.006	10.001	0.0000010000	-0.0000613783	8.6329257769E-9	-0.0000045866	1.0144781624E-9	5.300	20.400
6/27/2022	7:39 AM	-0.2439026200	100.200	7.988	9.999	0.0000010000	-0.0000613791	7.4755468706E-9	-0.0000045866	1.3511126801E-9	5.300	20.400
6/27/2022	7:40 AM	-0.2413881600	100.200	8.015	10.002	0.0000010000	-0.0000613757	7.9095565791E-9	-0.0000045934	3.0955735648E-10	5.300	20.300
6/27/2022	7:41 AM	-0.2388737000	100.200	8.000	9.999	0.0000010000	-0.0000613696	6.7644020554E-9	-0.0000045736	1.4359590038E-9	5.300	20.400
6/27/2022	7:42 AM	-0.2363592400	100.200	8.007	10.000	0.0000010000	-0.0000613746	6.3084269933E-9	-0.0000045921	9.1763500472E-10	5.300	20.300
6/27/2022	7:42 AM	-0.2338447800	100.200	7.992	9.998	0.0000010000	-0.0000613737	9.2959021784E-9	-0.0000045748	9.0801965128E-10	5.300	20.400
6/27/2022	7:43 AM	-0.2313303200	100.200	8.012	10.002	0.0000010000	-0.0000613813	6.8616733588E-9	-0.0000045973	1.2467344941E-9	5.300	20.300
6/27/2022	7:44 AM	-0.2288158600	100.200	8.005	10.000	0.0000010000	-0.0000613851	8.5360759956E-9	-0.0000045817	3.0955735648E-10	5.300	20.400
6/27/2022	7:44 AM	-0.2263014000	100.200	7.985	9.998	0.0000010000	-0.0000613828	7.5326211749E-9	-0.0000045779	1.3938179790E-9	5.300	20.300
6/27/2022	7:45 AM	-0.2237869400	100.200	7.995	10.001	0.0000010000	-0.0000614011	8.8347989892E-9	-0.0000045960	3.5355339059E-10	5.300	20.300
6/27/2022	7:46 AM	-0.2212724800	100.200	8.000	10.000	0.0000010000	-0.0000613934	6.3564067960E-9	-0.0000046022	6.3011626335E-10	5.300	20.400
6/27/2022	7:47 AM	-0.2187580200	100.200	8.000	10.000	0.0000010000	-0.0000613909	7.2586079329E-9	-0.0000045871	1.2514889173E-9	5.300	20.300
6/27/2022	7:47 AM	-0.2162435600	100.200	7.994	10.000	0.0000010000	-0.0000613878	6.9345876574E-9	-0.0000046007	5.3851648071E-10	5.300	20.300
6/27/2022	7:48 AM	-0.2137291000	100.200	8.006	9.999	0.0000010000	-0.0000613971	7.3034368260E-9	-0.0000045997	6.0850436627E-10	5.300	20.300
6/27/2022	7:49 AM	-0.2112146400	100.200	7.994	10.001	0.0000010000	-0.0000613972	1.1547900828E-8	-0.0000045897	8.6023252670E-10	5.300	20.300
6/27/2022	7:49 AM	-0.2087001800	100.200	8.001	10.000	0.0000010000	-0.0000613952	9.3139516922E-9	-0.0000045953	1.5336221609E-9	5.300	20.400
6/27/2022	7:50 AM	-0.2061857200	100.200	8.007	10.001	0.0000010000	-0.0000613666	9.5925129777E-9	-0.0000045963	1.0215838363E-9	5.300	20.300
6/27/2022	7:51 AM	-0.2036712600	100.200	8.004	10.001	0.0000010000	-0.0000613778	1.2634566117E-8	-0.0000045871	8.6345534195E-10	5.300	20.300
6/27/2022	7:51 AM	-0.2011568000	100.200	8.002	10.000	0.0000010000	-0.0000613993	9.0179744508E-9	-0.0000045876	1.3217873034E-9	5.300	20.400
6/27/2022	7:52 AM	-0.1986423400	100.200	8.008	10.001	0.0000010000	-0.0000613877	7.3830939540E-9	-0.0000045960	5.8615541191E-10	5.300	20.400
6/27/2022	7:53 AM	-0.1961278800	100.200	7.999	9.999	0.0000010000	-0.0000613719	9.2708729901E-9	-0.0000045926	8.3832137633E-10	5.300	20.300
6/27/2022	7:54 AM	-0.1936134200	100.200	8.006	10.001	0.0000010000	-0.0000613857	8.8428816076E-9	-0.0000045944	1.3511126801E-9	5.300	20.400
6/27/2022	7:54 AM	-0.1910989600	100.200	7.996	9.999	0.0000010000	-0.0000613863	8.3916028024E-9	-0.0000046020	1.0800683287E-9	5.300	20.300
6/27/2022	7:55 AM	-0.1885845000	100.200	8.006	10.000	0.0000010000	-0.0000613950	7.3236398004E-9	-0.0000045828	3.9154759474E-10	5.300	20.400
6/27/2022	7:56 AM	-0.1860700400	100.200	7.999	10.001	0.0000010000	-0.0000613733	8.5862466329E-9	-0.0000045876	3.6742346142E-10	5.300	20.300
6/27/2022	7:56 AM	-0.1835555800	100.200	8.005	10.001	0.0000010000	-0.0000613892	7.9568868368E-9	-0.0000045903	4.7602787773E-10	5.300	20.300
6/27/2022	7:57 AM	-0.1810411200	100.100	7.996	10.001	0.0000010000	-0.0000613926	1.1376611059E-8	-0.0000045909	2.9154759474E-10	5.300	20.400
6/27/2022	7:58 AM	-0.1785266600	100.100	8.005	10.000	0.0000010000	-0.0000614004	7.0544617147E-9	-0.0000045822	1.7939577232E-9	5.300	20.300
6/27/2022	7:59 AM	-0.1760122000	100.100	8.006	10.000	0.0000010000	-0.0000613815	7.6377332628E-9	-0.0000045704	1.7884970516E-9	5.300	20.400
6/27/2022	7:59 AM	-0.1734977400	100.100	7.991	9.998	0.0000010000	-0.0000613878	1.0917562754E-8	-0.0000045762	6.5076379411E-10	5.300	20.300
6/27/2022	8:00 AM	-0.1709832800	100.100	7.994	9.999	0.0000010000	-0.0000613788	1.1574434200E-8	-0.0000046010	1.0924716621E-9	5.300	20.300
6/27/2022	8:01 AM	-0.1684688200	100.100	7.996	10.001	0.0000010000	-0.0000613907	1.0099868274E-8	-0.0000045907	9.0471787406E-10	5.300	20.300
6/27/2022	8:01 AM	-0.1659543600	100.100	7.996	9.998	0.0000010000	-0.0000613809	6.1602285362E-9	-0.0000045883	6.5897105616E-10	5.400	20.400
6/27/2022	8:02 AM	-0.1634399000	100.100	8.004	10.002	0.0000010000	-0.0000613696	9.4573147882E-9	-0.0000045815	4.7434164903E-10	5.300	20.300
6/27/2022	8:03 AM	-0.1609254400	100.100	8.001	9.999	0.0000010000	-0.0000613710	1.3843237337E-8	-0.0000045998	3.9154759474E-10	5.300	20.400
6/27/2022	8:04 AM	-0.1584109800	100.100	8.007	9.999	0.0000010000	-0.0000613802	9.5868579538E-9	-0.0000046017	9.1547532151E-10	5.300	20.400
6/27/2022	8:04 AM	-0.1558965200	100.100	7.988	9.998	0.0000010000	-0.0000613955	1.1123940817E-8	-0.0000045884	3.4519675235E-10	5.300	20.400
6/27/2022	8:05 AM	-0.1533820600	100.100	7.991	9.999	0.0000010000	-0.0000613759	7.4903524267E-9	-0.0000045862	1.6723580968E-9	5.300	20.300
6/27/2022	8:06 AM	-0.1508676000	100.100	8.005	10.002	0.0000010000	-0.0000613776	9.2008318327E-9	-0.0000045866	1.5699153136E-9	5.200	20.200
6/27/2022	8:06 AM	-0.1483531400	100.100	8.010	10.000	0.0000010000	-0.0000613794	6.0705032773E-9	-0.0000045797	1.5042316452E-9	5.300	20.300
6/27/2022	8:07 AM	-0.1458386800	100.100	7.986	10.000	0.0000010000	-0.0000613869	1.0073944507E-8	-0.0000045935	8.0756655164E-10	5.300	20.400
6/27/2022	8:08 AM	-0.1433242200	100.100	8.001	10.001	0.0000010000	-0.0000614025	9.1688285175E-9	-0.0000045775	1.0398790721E-9	5.300	20.300
6/27/2022	8:09 AM	-0.1408097600	100.100	8.003	10.001	0.0000010000	-0.0000613919	9.9717081161E-9	-0.0000045991	4.1402208188E-10	5.300	20.300
6/27/2022	8:09 AM	-0.1382953000	100.100	7.997	10.000	0.0000010000	-0.0000613922	1.0799041171E-8	-0.0000045998	6.9774951497E-10	5.300	20.300
6/27/2022	8:10 AM	-0.1357808400	100.100	8.000	10.001	0.0000010000	-0.0000613914	7.2735189517E-9	-0.0000045790	5.8309518948E-10	5.300	20.300
6/27/2022	8:11 AM	-0.1332663800	100.100	8.000	10.000	0.0000010000	-0.0000613716	5.7326090892E-9	-0.0000045986	5.4649857042E-10	5.300	20.300
6/27/2022	8:11 AM	-0.1307519200	100.100	8.002	10.002	0.0000010000	-0.0000613971	5.2640953177E-9	-0.0000046053	1.5225821027E-9	5.300	20.300
6/27/2022	8:12 AM	-0.1282374600	100.100	8.000	10.000	0.0000010000	-0.0000613789	4.1268784317E-9	-0.0000045824	7.2559935005E-10	5.300	20.300
6/27/2022	8:13 AM	-0.1257230000	100.100	7.993	10.001	0.0000010000	-0.0000613734	9.5510837906E-9	-0.0000045765	1.3707702431E-9	5.300	20.300
6/27/2022	8:14 AM	-0.1232085400	100.100	8.011	10.001	0.0000010000	-0.0000613878	5.0964427259E-9	-0.0000045915	1.7185261360E-9	5.300	20.300
6/27/2022	8:14 AM	-0.1206940800	100.100	7.989	9.999	0.0000010000	-0.0000613874	9.0141585535E-9	-0.0000046005	1.0066157946E-9	5.300	20.300
6/27/2022	8:15 AM	-0.1181796200	100.100	7.997	9.999	0.0000010000	-0.0000613941	8.3874284737E-9	-0.0000045865	5.0990195136E-10	5.300	20.300
6/27/2022	8:16 AM	-0.1156651600	100.100	8.006	10.001	0.0000010000	-0.0000613878	7.5732741686E-9	-0.0000045866	7.3851648071E-10	5.300	20.300
6/27/2022	8:16 AM	-0.1131507000	100.100	8.005	10.000	0.0000010000	-0.0000613777	1.0267439863E-8	-0.0000045845	1.1309512316E-9	5.300	20.300
6/27/2022	8:17 AM	-0.1106362400	100.100	7.994	10.001	0.0000010000	-0.0000613812	7.9956965111E-9	-0.0000045638	2.5608983634E-9	5.300	20.300
6/27/2022	8:18 AM	-0.1081217800	100.100	8.001	10.000	0.0000010000	-0.0000613985	9.2134730299E-9	-0.0000046047	6.7185085508E-10	5.300	20.300
6/27/2022	8:18 AM	-0.1056073200	100.100	7.994	10.000	0.0000010000	-0.0000614058	1.2866802707E-8	-0.0000045764	1.1870828693E-9	5.300	20.300
6/27/2022	8:19 AM	-0.1030928600	100.100	7.991	9.999	0.0000010000	-0.0000614078	7.3516540259E-9	-0.0000045817	1.5093031240E-9	5.300	20.300
6/27/2022	8:20 AM	-0.1005784000	100.100	8.000	10.001	0.0000010000	-0.0000614066	1.1526558699E-8	-0.0000045869	3.4519675235E-10	5.300	20.300
6/27/2022	8:21 AM	-0.0980639400	100.100	7.990	9.998	0.0000010000	-0.0000613860	8.6336331121E-9	-0.0000046043	9.6397017595E-10	5.300	20.400
6/27/2022	8:21 AM	-0.0955494800	100.100	8.011	10.001	0.0000010000	-0.0000613965	9.5379120799E-9	-0.0000045984	1.1426687794E-9	5.300	20.300
6/27/2022	8:22 AM	-0.0930350200	100.100	8.008	10.000	0.0000010000	-0.0000613983	1.0815002582E-8	-0.0000045983	7.8190908485E-10	5.300	20.300
6/27/2022	8:23 AM	-0.0905205600	100.100	8.003	10.000	0.0000010000	-0.0000614000	8.9089062385E-9	-0.0000045978	7.9753972477E-10	5.300	20.300
6/27/2022	8:23 AM	-0.0880061000	100.100	7.989	9.999	0.0000010000	-0.0000614078	1.0032437452E-8	-0.0000045844	1.4874436926E-9	5.300	20.300
6/27/2022	8:24 AM	-0.0854916400	100.100	7.993	10.000	0.0000010000	-0.0000614121	6.1617065396E-9	-0.0000045857	8.1547532152E-10	5.300	20.400
6/27/2022	8:25 AM	-0.0829771800	100.100	7.996	10.001	0.0000010000	-0.0000614000	7.3378488032E-9	-0.0000046038	8.3011626335E-10	5.300	20.300
6/27/2022	8:26 AM	-0.0804627200	100.100	7.989	9.999	0.0000010000	-0.0000614022	8.1314444158E-9	-0.0000045913	7.8880488828E-10	5.300	20.400
6/27/2022	8:26 AM	-0.0779482600	100.100	8.013	10.002	0.0000010000	-0.0000613952	7.5578369872E-9	-0.0000045866	8.8190908485E-10	5.300	20.300
6/27/2022	8:27 AM	-0.0754338000	100.100	7.997	9.999	0.0000010000	-0.0000614123	5.6633159425E-9	-0.0000045997	6.8506723903E-10	5.300	20.300
6/27/2022	8:28 AM	-0.0729193400	100.100	8.004	10.002	0.0000010000	-0.0000613840	8.1083965054E-9	-0.0000045907	1.0711883953E-9	5.300	20.300
6/27/2022	8:28 AM	-0.0704048800	100.100	8.007	10.000	0.0000010000	-0.0000613922	8.4771149335E-9	-0.0000045968	6.3851648071E-10	5.300	20.400
6/27/2022	8:29 AM	-0.0678904200	100.100	7.981	9.999	0.0000010000	-0.0000613991	1.1538945693E-8	-0.0000045885	4.9664022582E-10	5.300	20.300
6/27/2022	8:30 AM	-0.0653759600	100.100	8.006	10.002	0.0000010000	-0.0000614156	1.2071780639E-8	-0.0000046058	6.2179480778E-10	5.200	20.300
6/27/2022	8:30 AM	-0.0628615000	100.100	7.998	9.999	0.0000010000	-0.0000614047	5.0121939737E-9	-0.0000045915	3.7742546282E-10	5.300	20.300
6/27/2022	8:31 AM	-0.0603470400	100.100	7.988	9.997	0.0000010000	-0.0000613933	9.1566415162E-9	-0.0000045999	9.9386581434E-10	5.300	20.400
6/27/2022	8:32 AM	-0.0578325800	100.100	7.987	9.999	0.0000010000	-0.0000614006	9.7558834875E-9	-0.0000046046	9.9386581434E-10	5.300	20.300
6/27/2022	8:32 AM	-0.0553181200	100.100	8.009	10.000	0.0000010000	-0.0000614034	5.2161469780E-9	-0.0000045895	1.2247448714E-9	5.300	20.300
6/27/2022	8:33 AM	-0.0528036600	100.100	7.989	10.000	0.0000010000	-0.0000614097	7.9291641977E-9	-0.0000046026	1.3919772427E-9	5.300	20.300
6/27/2022	8:34 AM	-0.0502892000	100.100	8.002	9.999	0.0000010000	-0.0000614085	8.2245934575E-9	-0.0000045566	3.9368368865E-9	5.300	20.400
6/27/2022	8:35 AM	-0.0477747400	100.100	7.988	9.999	0.0000010000	-0.0000613877	1.0575479755E-8	-0.0000045960	3.5355339059E-10	5.300	20.300
6/27/2022	8:35 AM	-0.0452602800	100.100	8.003	10.000	0.0000010000	-0.0000613837	8.4323793145E-9	-0.0000045985	9.3186001849E-10	5.300	20.300
6/27/2022	8:36 AM	-0.0427458200	100.100	8.016	10.001	0.0000010000	-0.0000613809	9.7266193143E-9	-0.0000045908	3.0955735648E-10	5.300	20.300
6/27/2022	8:37 AM	-0.0402313600	100.100	7.993	9.999	0.0000010000	-0.0000614113	6.0199186344E-9	-0.0000046020	1.9301445556E-9	5.300	20.400
6/27/2022	8:37 AM	-0.0377169000	100.100	7.996	10.002	0.0000010000	-0.0000614034	1.1034343160E-8	-0.0000045636	3.3005857963E-9	5.300	20.300
6/27/2022	8:38 AM	-0.0352024400	100.100	8.004	10.002	0.0000010000	-0.0000613957	8.2527795021E-9	-0.0000046004	1.0021974055E-9	5.300	20.300
6/27/2022	8:39 AM	-0.0326879800	100.100	8.002	9.999	0.0000010000	-0.0000614074	8.7415559252E-9	-0.0000045978	1.1690287121E-9	5.300	20.400
6/27/2022	8:39 AM	-0.0301735200	100.100	8.003	10.001	0.0000010000	-0.0000613954	7.4033788596E-9	-0.0000045713	4.1843214531E-9	5.300	20.400
6/27/2022	8:40 AM	-0.0276590600	100.100	7.997	10.001	0.0000010000	-0.0000613804	1.1315578069E-8	-0.0000045775	1.3226588009E-9	5.300	20.300
6/27/2022	8:41 AM	-0.0251446000	100.100	8.002	9.999	0.0000010000	-0.0000613897	8.9735036615E-9	-0.0000046061	1.1812006585E-9	5.300	20.300
6/27/2022	8:42 AM	-0.0226301400	100.100	8.002	10.001	0.0000010000	-0.0000613846	7.3402740418E-9	-0.0000046036	7.8190908485E-10	5.300	20.300
6/27/2022	8:42 AM	-0.0201156800	100.100	8.001	10.001	0.0000010000	-0.0000613772	1.0619092165E-8	-0.0000046022	1.2549509757E-9	5.300	20.300
6/27/2022	8:43 AM	-0.0176012200	100.100	8.006	10.000	0.0000010000	-0.0000613884	7.3328764202E-9	-0.0000045973	8.6732341138E-10	5.300	20.300
6/27/2022	8:44 AM	-0.0150867600	100.100	7.998	9.998	0.0000010000	-0.0000613862	7.1671856527E-9	-0.0000046002	7.9123516802E-10	5.300	20.400
6/27/2022	8:44 AM	-0.0125723000	100.100	7.996	10.000	0.0000010000	-0.0000613966	6.8753676069E-9	-0.0000046012	5.6431580324E-10	5.300	20.300
6/27/2022	8:45 AM	-0.0100578400	100.100	8.008	10.001	0.0000010000	-0.0000613962	8.4635246312E-9	-0.0000045872	6.5632839974E-10	5.300	20.300
6/27/2022	8:46 AM	-0.0075433800	100.100	8.000	9.998	0.0000010000	-0.0000613907	9.0455340592E-9	-0.0000046050	1.2247448714E-9	5.300	20.400
6/27/2022	8:47 AM	-0.0050289200	100.100	8.008	10.000	0.0000010000	-0.0000614027	6.8067853170E-9	-0.0000046088	6.7289539006E-10	5.300	20.300
6/27/2022	8:47 AM	-0.0025144600	100.100	8.006	10.002	0.0000010000	-0.0000614031	1.1387581241E-8	-0.0000045822	7.3484692283E-10	5.200	20.200
6/27/2022	8:48 AM	0.0000000000	100.100	7.993	10.000	0.0000010000	-0.0000614003	8.2380775947E-9	-0.0000045908	9.4405832340E-10	5.300	20.300
6/27/2022	8:49 AM	0.0025144600	100.100	8.003	9.999	0.0000010000	-0.0000614004	8.8382677020E-9	-0.0000045928	1.2247448714E-10	5.300	20.400
6/27/2022	8:50 AM	0.0050289200	100.100	8.003	10.000	0.0000010000	-0.0000614063	9.5046876019E-9	-0.0000046014	9.5051865090E-10	5.300	20.300
6/27/2022	8:50 AM	0.0075433800	100.100	8.008	10.001	0.0000010000	-0.0000614061	7.2069778547E-9	-0.0000045872	1.2913281926E-9	5.200	20.300
6/27/2022	8:51 AM	0.0100578400	100.100	7.992	9.999	0.0000010000	-0.0000614057	8.6037080609E-9	-0.0000045954	8.3832137633E-10	5.300	20.400
6/27/2022	8:52 AM	0.0125723000	100.100	8.010	10.001	0.0000010000	-0.0000613970	1.1432340987E-8	-0.0000045882	8.6368092477E-10	5.300	20.300
6/27/2022	8:53 AM	0.0150867600	100.100	7.999	10.000	0.0000010000	-0.0000613770	9.0544283427E-9	-0.0000046130	1.5263255747E-9	5.300	20.300
6/27/2022	8:53 AM	0.0176012200	100.100	8.005	9.999	0.0000010000	-0.0000613782	7.8047201701E-9	-0.0000045946	6.5632839974E-10	5.300	20.300
6/27/2022	8:54 AM	0.0201156800	100.100	7.993	9.999	0.0000010000	-0.0000613849	9.6921096199E-9	-0.0000045870	3.9154759474E-10	5.300	20.300
6/27/2022	8:55 AM	0.0226301400	100.100	7.990	9.998	0.0000010000	-0.0000613855	5.7298316551E-9	-0.0000046035	8.6023252670E-10	5.300	20.300
6/27/2022	8:55 AM	0.0251446000	100.100	8.015	9.999	0.0000010000	-0.0000613783	7.9687075157E-9	-0.0000045803	1.2234076132E-9	5.300	20.300
6/27/2022	8:56 AM	0.0276590600	100.100	8.000	10.001	0.0000010000	-0.0000613753	9.7101429832E-9	-0.0000045880	8.3784666345E-10	5.200	20.300
6/27/2022	8:57 AM	0.0301735200	100.100	7.983	9.999	0.0000010000	-0.0000613745	9.6780891978E-9	-0.0000045467	4.8378747883E-9	5.300	20.300
6/27/2022	8:57 AM	0.0326879800	99.400	7.992	10.000	0.0000010000	-0.0000613730	5.7373515469E-9	-0.0000045763	5.6272329691E-10	5.300	20.300
6/27/2022	8:58 AM	0.0352024400	99.400	8.002	10.001	0.0000010000	-0.0000614116	1.0904604145E-8	-0.0000045781	1.0300537619E-9	5.300	20.300
6/27/2022	8:59 AM	0.0377169000	99.400	8.004	9.999	0.0000010000	-0.0000613887	4.2399250614E-9	-0.0000045904	8.7464278423E-10	5.300	20.400
6/27/2022	9:00 AM	0.0402313600	99.400	8.010	9.999	0.0000010000	-0.0000613928	7.6638752432E-9	-0.0000045909	3.0955735648E-10	5.300	20.300
6/27/2022	9:00 AM	0.0427458200	99.400	8.012	10.001	0.0000010000	-0.0000613776	6.7470701074E-9	-0.0000045882	1.0711883953E-9	5.300	20.300
6/27/2022	9:01 AM	0.0452602800	99.400	7.994	9.999	0.0000010000	-0.0000613864	6.0906811956E-9	-0.0000045810	1.1544628592E-9	5.300	20.300
6/27/2022	9:02 AM	0.0477747400	99.400	7.993	10.000	0.0000010000	-0.0000613811	6.3807494498E-9	-0.0000045900	3.7742546282E-10	5.300	20.300
6/27/2022	9:02 AM	0.0502892000	99.400	7.990	10.001	0.0000010000	-0.0000613910	8.6579548085E-9	-0.0000045796	8.0710678119E-10	5.300	20.300
6/27/2022	9:03 AM	0.0528036600	99.400	8.008	10.002	0.0000010000	-0.0000613738	9.8518117111E-9	-0.0000045657	2.6239958662E-9	5.300	20.300
6/27/2022	9:04 AM	0.0553181200	99.400	8.001	9.999	0.0000010000	-0.0000613730	1.1286044001E-8	-0.0000045726	1.4273359224E-9	5.300	20.300
6/27/2022	9:05 AM	0.0578325800	99.400	7.990	9.999	0.0000010000	-0.0000613947	7.4568544237E-9	-0.0000045945	8.3784666345E-10	5.300	20.300
6/27/2022	9:05 AM	0.0603470400	99.400	8.006	10.001	0.0000010000	-0.0000613755	6.5753953238E-9	-0.0000045690	2.5112968193E-9	5.200	20.300
6/27/2022	9:06 AM	0.0628615000	99.400	7.986	9.999	0.0000010000	-0.0000613787	7.2209762787E-9	-0.0000046008	2.5495097568E-10	5.300	20.200
6/27/2022	9:07 AM	0.0653759600	99.400	8.003	9.999	0.0000010000	-0.0000613792	7.1437191586E-9	-0.0000045965	9.7258598040E-10	5.300	20.400
6/27/2022	9:08 AM	0.0678904200	99.400	7.992	10.000	0.0000010000	-0.0000613732	3.4358332691E-9	-0.0000045954	4.4494897428E-10	5.300	20.300
6/27/2022	9:08 AM	0.0704048800	99.400	8.007	10.000	0.0000010000	-0.0000613725	9.7557839128E-9	-0.0000045831	5.6124860802E-10	5.300	20.300
6/27/2022	9:09 AM	0.0729193400	99.400	8.008	10.000	0.0000010000	-0.0000613757	7.0500991339E-9	-0.0000045772	9.0000000000E-10	5.300	20.300
6/27/2022	9:10 AM	0.0754338000	99.400	7.996	9.999	0.0000010000	-0.0000613615	1.1966621881E-8	-0.0000045691	2.3806248475E-9	5.300	20.300
6/27/2022	9:11 AM	0.0779482600	99.400	7.991	10.000	0.0000010000	-0.0000613632	9.2957175560E-9	-0.0000045800	1.1741663363E-9	5.300	20.300
6/27/2022	9:11 AM	0.0804627200	99.400	7.991	10.000	0.0000010000	-0.0000613717	7.2397432519E-9	-0.0000045970	1.1901823123E-9	5.300	20.300
6/27/2022	9:12 AM	0.0829771800	99.400	7.981	9.999	0.0000010000	-0.0000613789	1.1859215098E-8	-0.0000046102	1.3707702431E-9	5.300	20.300
6/27/2022	9:13 AM	0.0854916400	99.400	7.998	9.999	0.0000010000	-0.0000613791	8.3356148090E-9	-0.0000045910	4.6159098630E-10	5.300	20.300
6/27/2022	9:13 AM	0.0880061000	99.400	8.005	10.001	0.0000010000	-0.0000613953	1.0549553714E-8	-0.0000045875	3.9154759474E-10	5.300	20.300
6/27/2022	9:14 AM	0.0905205600	99.400	8.000	9.998	0.0000010000	-0.0000613726	7.1062379029E-9	-0.0000045915	2.0669539803E-9	5.300	20.300
6/27/2022	9:15 AM	0.0930350200	99.400	7.990	10.000	0.0000010000	-0.0000613897	6.1227882828E-9	-0.0000045972	4.7416573868E-10	5.300	20.300
6/27/2022	9:16 AM	0.0955494800	99.400	7.998	9.998	0.0000010000	-0.0000613843	1.3512212039E-8	-0.0000045941	9.3011626335E-10	5.300	20.300
6/27/2022	9:16 AM	0.0980639400	99.400	8.010	10.001	0.0000010000	-0.0000613780	1.6488610798E-8	-0.0000045873	1.5407396823E-9	5.300	20.300
6/27/2022	9:17 AM	0.1005784000	99.400	7.982	9.999	0.0000010000	-0.0000613755	1.0048071250E-8	-0.0000045949	2.5811388301E-10	5.300	20.300
6/27/2022	9:18 AM	0.1030928600	99.400	8.015	10.000	0.0000010000	-0.0000613775	7.5705543618E-9	-0.0000045941	7.5746071035E-10	5.300	20.300
6/27/2022	9:18 AM	0.1056073200	99.400	8.004	10.001	0.0000010000	-0.0000613706	9.9947006641E-9	-0.0000045971	3.8708286934E-10	5.300	20.300
6/27/2022	9:19 AM	0.1081217800	99.400	8.010	10.001	0.0000010000	-0.0000613678	1.0083122006E-8	-0.0000045759	2.0981583915E-9	5.300	20.300
6/27/2022	9:20 AM	0.1106362400	99.400	7.987	9.998	0.0000010000	-0.0000613751	4.5099364593E-9	-0.0000045927	4.6368092477E-10	5.300	20.400
6/27/2022	9:20 AM	0.1131507000	99.400	8.019	10.001	0.0000010000	-0.0000613993	7.3119551200E-9	-0.0000045921	1.4558083583E-9	5.300	20.300
6/27/2022	9:21 AM	0.1156651600	99.400	7.985	9.999	0.0000010000	-0.0000613711	8.2488556187E-9	-0.0000045836	1.0300537619E-9	5.300	20.300
6/27/2022	9:22 AM	0.1181796200	99.400	7.997	9.999	0.0000010000	-0.0000613789	7.6255801406E-9	-0.0000045685	3.1264996402E-9	5.300	20.400
6/27/2022	9:23 AM	0.1206940800	99.400	8.007	10.000	0.0000010000	-0.0000613733	1.1308088186E-8	-0.0000045679	1.5465376345E-9	5.300	20.300
6/27/2022	9:23 AM	0.1232085400	99.400	7.997	9.999	0.0000010000	-0.0000613679	9.0095687067E-9	-0.0000056245	1.8463030630E-7	5.300	20.300
6/27/2022	9:24 AM	0.1257230000	99.400	7.994	10.000	0.0000010000	-0.0000613578	7.9956822757E-9	-0.0000060938	8.5166481892E-10	5.300	20.300
6/27/2022	9:25 AM	0.1282374600	99.400	7.999	10.000	0.0000010000	-0.0000613861	4.3877337209E-9	-0.0000060874	4.3011626335E-10	5.300	20.300
6/27/2022	9:25 AM	0.1307519200	99.400	7.998	9.999	0.0000010000	-0.0000613681	1.0269831643E-8	-0.0000060751	1.7469479421E-9	5.300	20.400
6/27/2022	9:26 AM	0.1332663800	99.400	7.993	9.999	0.0000010000	-0.0000613634	7.6068742309E-9	-0.0000060920	1.0451906340E-9	5.300	20.400
6/27/2022	9:27 AM	0.1357808400	99.400	8.001	10.001	0.0000010000	-0.0000613725	7.8582556949E-9	-0.0000060647	9.6810783693E-10	5.200	20.300
6/27/2022	9:28 AM	0.1382953000	99.400	7.983	10.000	0.0000010000	-0.0000613667	8.0138668769E-9	-0.0000061000	1.2115072992E-9	5.200	20.300
6/27/2022	9:28 AM	0.1408097600	99.400	8.001	10.000	0.0000010000	-0.0000613428	9.7970860617E-9	-0.0000060814	4.1402208188E-10	5.300	20.300
6/27/2022	9:29 AM	0.1433242200	99.400	8.013	10.002	0.0000010000	-0.0000613792	4.0935005252E-9	-0.0000060727	6.0724247288E-10	5.200	20.300
6/27/2022	9:30 AM	0.1458386800	99.400	8.005	10.000	0.0000010000	-0.0000613816	9.4321900000E-9	-0.0000060881	1.1070229163E-9	5.300	20.300
6/27/2022	9:31 AM	0.1483531400	99.400	7.987	10.000	0.0000010000	-0.0000613536	1.0789852892E-8	-0.0000060745	8.4833147735E-10	5.300	20.300
6/27/2022	9:31 AM	0.1508676000	99.400	8.001	10.000	0.0000010000	-0.0000613842	7.4842184690E-9	-0.0000060776	1.5338539126E-9	5.300	20.300
6/27/2022	9:32 AM	0.1533820600	99.400	8.012	10.001	0.0000010000	-0.0000613790	8.5937366779E-9	-0.0000060480	3.7968654373E-9	5.300	20.300
6/27/2022	9:33 AM	0.1558965200	99.400	8.006	9.999	0.0000010000	-0.0000613701	6.4664404477E-9	-0.0000060853	4.3911649916E-10	5.300	20.300
6/27/2022	9:33 AM	0.1584109800	99.400	7.985	10.000	0.0000010000	-0.0000613629	1.0593139543E-8	-0.0000060841	5.4063625993E-10	5.300	20.300
6/27/2022	9:34 AM	0.1609254400	99.400	7.988	9.999	0.0000010000	-0.0000613577	9.5961851349E-9	-0.0000060772	9.3005376189E-10	5.300	20.300
6/27/2022	9:35 AM	0.1634399000	99.400	7.983	9.999	0.0000010000	-0.0000613725	8.9837552740E-9	-0.0000060827	1.0091825995E-9	5.300	20.300
6/27/2022	9:36 AM	0.1659543600	99.400	8.008	10.000	0.0000010000	-0.0000613831	9.6071414040E-9	-0.0000060933	1.1480929438E-9	5.300	20.300
6/27/2022	9:36 AM	0.1684688200	99.400	8.000	10.002	0.0000010000	-0.0000613591	1.1555907466E-8	-0.0000060695	1.1741663363E-9	5.300	20.300
6/27/2022	9:37 AM	0.1709832800	99.400	8.000	10.000	0.0000010000	-0.0000613684	7.1301979422E-9	-0.0000060839	9.3913885060E-10	5.300	20.300
6/27/2022	9:38 AM	0.1734977400	99.400	8.001	9.999	0.0000010000	-0.0000613667	1.1370969953E-8	-0.0000060898	1.3074461222E-9	5.300	20.300
6/27/2022	9:39 AM	0.1760122000	99.400	7.993	10.001	0.0000010000	-0.0000613627	1.7576133059E-8	-0.0000060385	3.4950630455E-9	5.300	20.300
6/27/2022	9:39 AM	0.1785266600	99.400	8.012	10.002	0.0000010000	-0.0000613907	1.2665705482E-8	-0.0000060813	1.8812797883E-9	5.200	20.300
6/27/2022	9:40 AM	0.1810411200	99.400	7.986	9.999	0.0000010000	-0.0000613526	1.1544756008E-8	-0.0000060934	2.4494897428E-10	5.300	20.300
6/27/2022	9:41 AM	0.1835555800	99.400	8.004	10.001	0.0000010000	-0.0000613660	1.6087911701E-8	-0.0000060854	3.7742546282E-10	5.300	20.200
6/27/2022	9:42 AM	0.1860700400	99.400	8.009	10.001	0.0000010000	-0.0000613588	9.2710157420E-9	-0.0000060912	1.3919772427E-9	5.200	20.300
6/27/2022	9:42 AM	0.1885845000	99.400	7.997	9.999	0.0000010000	-0.0000613589	8.9840595099E-9	-0.0000060891	9.3851648071E-10	5.300	20.300
6/27/2022	9:43 AM	0.1910989600	99.400	7.998	9.998	0.0000010000	-0.0000613712	6.1170806518E-9	-0.0000060884	6.8476798574E-10	5.300	20.300
6/27/2022	9:44 AM	0.1936134200	99.400	7.988	10.000	0.0000010000	-0.0000613555	9.9624412370E-9	-0.0000060887	7.2559935005E-10	5.200	20.200
6/27/2022	9:44 AM	0.1961278800	99.400	8.013	10.001	0.0000010000	-0.0000613553	9.3998258881E-9	-0.0000060768	4.6368092477E-10	5.300	20.300
6/27/2022	9:45 AM	0.1986423400	99.400	7.995	10.001	0.0000010000	-0.0000613570	1.2891503967E-8	-0.0000060694	1.0560748235E-9	5.300	20.300
6/27/2022	9:46 AM	0.2011568000	99.400	8.004	10.001	0.0000010000	-0.0000613521	1.0369358757E-8	-0.0000060924	7.1328223783E-10	5.200	20.300
6/27/2022	9:47 AM	0.2036712600	99.400	8.003	9.999	0.0000010000	-0.0000613525	9.4796780831E-9	-0.0000060795	1.7239086040E-9	5.300	20.300
6/27/2022	9:47 AM	0.2061857200	99.400	7.988	10.000	0.0000010000	-0.0000613546	1.1061843805E-8	-0.0000060935	1.2908066317E-9	5.300	20.300
6/27/2022	9:48 AM	0.2087001800	99.400	8.005	10.000	0.0000010000	-0.0000613431	8.6369434047E-9	-0.0000060867	3.0000000000E-10	5.300	20.300
6/27/2022	9:49 AM	0.2112146400	99.400	7.988	10.001	0.0000010000	-0.0000613527	5.6110000543E-9	-0.0000060923	6.3851648071E-10	5.200	20.200
6/27/2022	9:49 AM	0.2137291000	99.400	8.006	10.000	0.0000010000	-0.0000613459	7.4412944144E-9	-0.0000060923	6.2321007378E-10	5.300	20.300
6/27/2022	9:50 AM	0.2162435600	99.400	7.994	10.000	0.0000010000	-0.0000613600	8.3514798947E-9	-0.0000061022	1.5571951306E-9	5.300	20.300
6/27/2022	9:51 AM	0.2187580200	99.400	8.003	10.000	0.0000010000	-0.0000613714	1.3997230028E-8	-0.0000060822	3.5495097568E-10	5.300	20.300
6/27/2022	9:52 AM	0.2212724800	99.400	8.001	9.999	0.0000010000	-0.0000613630	1.3710503968E-8	-0.0000061061	9.7403707289E-10	5.300	20.200
6/27/2022	9:52 AM	0.2237869400	99.400	7.999	9.999	0.0000010000	-0.0000613515	5.8502786068E-9	-0.0000060858	5.5355339059E-10	5.300	20.300
6/27/2022	9:53 AM	0.2263014000	99.400	7.993	10.000	0.0000010000	-0.0000613589	9.6844105402E-9	-0.0000060517	2.2791306138E-9	5.300	20.300
6/27/2022	9:54 AM	0.2288158600	99.400	8.012	10.002	0.0000010000	-0.0000613510	7.1933177239E-9	-0.0000060808	7.5522851952E-10	5.200	20.300
6/27/2022	9:54 AM	0.2313303200	99.400	7.999	9.999	0.0000010000	-0.0000613407	6.0348841868E-9	-0.0000060889	6.4510098534E-10	5.300	20.300
6/27/2022	9:55 AM	0.2338447800	99.400	8.002	10.001	0.0000010000	-0.0000613515	4.2267161425E-9	-0.0000060854	1.4764361229E-9	5.300	20.300
6/27/2022	9:56 AM	0.2363592400	99.400	7.989	9.999	0.0000010000	-0.0000613391	9.2004343665E-9	-0.0000060257	5.5919238780E-9	5.300	20.300
6/27/2022	9:57 AM	0.2388737000	99.400	8.008	10.002	0.0000010000	-0.0000613494	7.2932250935E-9	-0.0000060836	4.9154759474E-10	5.200	20.300
6/27/2022	9:57 AM	0.2413881600	93.500	8.020	10.001	0.0000010000	-0.0000613730	1.0211392651E-8	-0.0000060726	1.2409606938E-9	5.200	20.300
6/27/2022	9:58 AM	0.2439026200	93.500	7.995	10.000	0.0000010000	-0.0000613391	7.0245705807E-9	-0.0000060821	1.0000000000E-10	5.200	20.300
6/27/2022	9:59 AM	0.2464170800	93.500	8.015	10.002	0.0000010000	-0.0000613505	1.2664660461E-8	-0.0000060989	2.7383639914E-9	5.200	20.300
6/27/2022	10:00 AM	0.2489315400	93.500	7.987	10.000	0.0000010000	-0.0000613469	1.1603699326E-8	-0.0000060773	5.6124860802E-10	5.200	20.300
6/27/2022	10:00 AM	0.2514460000	93.500	8.001	9.999	0.0000010000	-0.0000613682	8.6067704177E-9	-0.0000060779	7.8366965395E-10	5.300	20.300
6/27/2022	10:01 AM	0.2539604600	93.500	7.979	9.998	0.0000010000	-0.0000613557	4.7420425651E-9	-0.0000061172	1.5524758109E-9	5.300	20.300
6/27/2022	10:02 AM	0.2564749200	93.500	8.011	10.000	0.0000010000	-0.0000613713	8.4798144337E-9	-0.0000060890	8.8631547857E-10	5.200	20.300
6/27/2022	10:02 AM	0.2589893800	93.500	8.008	10.000	0.0000010000	-0.0000613657	6.7503413326E-9	-0.0000060808	1.0147301372E-9	5.300	20.300
6/27/2022	10:03 AM	0.2615038400	93.500	7.997	10.001	0.0000010000	-0.0000613437	1.1993949594E-8	-0.0000060978	1.5422342340E-9	5.300	20.300
6/27/2022	10:04 AM	0.2640183000	93.500	8.006	10.001	0.0000010000	-0.0000613802	7.2162393814E-9	-0.0000060862	5.5259075049E-10	5.200	20.300
6/27/2022	10:05 AM	0.2665327600	93.500	7.988	9.999	0.0000010000	-0.0000613635	5.9120293816E-9	-0.0000060850	6.6099096785E-10	5.300	20.300
6/27/2022	10:05 AM	0.2690472200	93.500	8.012	10.001	0.0000010000	-0.0000613413	1.4427538372E-8	-0.0000060881	1.2074720840E-9	5.200	20.300
6/27/2022	10:06 AM	0.2715616800	93.500	7.997	9.999	0.0000010000	-0.0000613668	1.3119984581E-8	-0.0000060763	1.8020671538E-9	5.300	20.300
6/27/2022	10:07 AM	0.2740761400	93.500	7.995	10.000	0.0000010000	-0.0000613484	9.3209018669E-9	-0.0000060896	8.9379718813E-10	5.300	20.300
6/27/2022	10:07 AM	0.2765906000	93.500	7.997	9.999	0.0000010000	-0.0000613701	1.2110000155E-8	-0.0000060807	3.0955735648E-10	5.300	20.300
6/27/2022	10:08 AM	0.2791050600	93.500	8.003	10.001	0.0000010000	-0.0000613641	8.4210385746E-9	-0.0000060719	1.4561525868E-9	5.200	20.200
6/27/2022	10:09 AM	0.2816195200	93.500	7.996	9.998	0.0000010000	-0.0000613398	7.0501788454E-9	-0.0000061003	4.4203384502E-10	5.300	20.300
6/27/2022	10:09 AM	0.2841339800	93.500	8.000	9.998	0.0000010000	-0.0000613650	6.1811177616E-9	-0.0000060778	8.8476798574E-10	5.300	20.300
6/27/2022	10:10 AM	0.2866484400	93.500	7.999	9.999	0.0000010000	-0.0000613376	1.2095250903E-8	-0.0000060996	5.2867640737E-10	5.300	20.300
6/27/2022	10:11 AM	0.2891629000	93.500	7.993	10.000	0.0000010000	-0.0000613408	1.0845778584E-8	-0.0000060884	2.2247448714E-10	5.300	20.300
6/27/2022	10:12 AM	0.2916773600	93.500	7.993	10.002	0.0000010000	-0.0000613324	8.8717502045E-9	-0.0000060707	2.5072386394E-9	5.200	20.300
6/27/2022	10:12 AM	0.2941918200	93.500	7.993	9.999	0.0000010000	-0.0000613371	7.3946023856E-9	-0.0000060754	1.0512540656E-9	5.300	20.300
6/27/2022	10:13 AM	0.2967062800	93.500	8.005	10.001	0.0000010000	-0.0000613444	9.1948387556E-9	-0.0000060858	3.4608128489E-10	5.300	20.300
6/27/2022	10:14 AM	0.2992207400	93.500	8.009	10.001	0.0000010000	-0.0000613567	7.4456969172E-9	-0.0000060918	6.8728772252E-10	5.300	20.300
6/27/2022	10:14 AM	0.3017352000	93.500	7.995	10.001	0.0000010000	-0.0000613549	1.0758041506E-8	-0.0000060939	1.1380062113E-9	5.300	20.300
6/27/2022	10:15 AM	0.3042496600	93.500	8.011	10.001	0.0000010000	-0.0000613374	9.6587588969E-9	-0.0000060759	2.5971523157E-9	5.300	20.200
6/27/2022	10:16 AM	0.3067641200	93.500	8.012	10.001	0.0000010000	-0.0000613589	9.1711490171E-9	-0.0000060835	9.3794980865E-10	5.200	20.200
6/27/2022	10:16 AM	0.3092785800	93.500	8.006	10.000	0.0000010000	-0.0000613499	1.4547200256E-8	-0.0000061005	3.2247448714E-10	5.300	20.300
6/27/2022	10:17 AM	0.3117930400	93.500	7.995	10.001	0.0000010000	-0.0000613685	4.5596944083E-9	-0.0000060844	1.1901823123E-9	5.200	20.200
6/27/2022	10:18 AM	0.3143075000	93.500	7.998	9.999	0.0000010000	-0.0000613826	8.7884858903E-9	-0.0000060919	3.2247448714E-10	5.300	20.300
6/27/2022	10:19 AM	0.3168219600	93.500	8.014	10.002	0.0000010000	-0.0000613468	8.0281936930E-9	-0.0000060954	9.3851648071E-10	5.200	20.200
6/27/2022	10:19 AM	0.3193364200	93.500	7.994	9.999	0.0000010000	-0.0000613550	8.9428684256E-9	-0.0000060832	1.0759023111E-9	5.300	20.300
6/27/2022	10:20 AM	0.3218508800	93.500	8.013	10.002	0.0000010000	-0.0000613464	1.2303219774E-8	-0.0000060643	3.4852760367E-9	5.200	20.300
6/27/2022	10:21 AM	0.3243653400	93.500	7.987	9.999	0.0000010000	-0.0000613533	6.9301894563E-9	-0.0000060835	9.1851981126E-10	5.300	20.300
6/27/2022	10:21 AM	0.3268798000	93.500	7.998	10.000	0.0000010000	-0.0000613917	1.5053758840E-8	-0.0000060748	2.3224985197E-9	5.200	20.200
6/27/2022	10:22 AM	0.3293942600	93.500	7.999	10.001	0.0000010000	-0.0000613483	6.3297310841E-9	-0.0000060745	8.4010949186E-10	5.200	20.300
6/27/2022	10:23 AM	0.3319087200	93.500	7.990	10.000	0.0000010000	-0.0000613611	6.1895461536E-9	-0.0000060980	9.3794980865E-10	5.300	20.200
6/27/2022	10:24 AM	0.3344231800	93.500	7.999	10.001	0.0000010000	-0.0000613739	1.0114891952E-8	-0.0000060906	1.0424886990E-9	5.200	20.300
6/27/2022	10:24 AM	0.3369376400	93.500	8.002	10.000	0.0000010000	-0.0000613789	7.5612214671E-9	-0.0000060785	1.6151331033E-9	5.300	20.300
6/27/2022	10:25 AM	0.3394521000	93.500	7.995	10.000	0.0000010000	-0.0000613781	6.8150504004E-9	-0.0000061095	1.4715873793E-9	5.300	20.300
6/27/2022	10:26 AM	0.3419665600	93.500	7.991	10.000	0.0000010000	-0.0000613789	6.8773977410E-9	-0.0000060966	8.3006407546E-10	5.300	20.300
6/27/2022	10:26 AM	0.3444810200	93.500	8.017	10.000	0.0000010000	-0.0000613685	1.1924119743E-8	-0.0000060818	1.2185942349E-9	5.300	20.300
6/27/2022	10:27 AM	0.3469954800	93.500	7.988	9.998	0.0000010000	-0.0000613727	8.7276189918E-9	-0.0000060841	6.4510098534E-10	5.300	20.300
6/27/2022	10:28 AM	0.3495099400	93.500	7.992	10.001	0.0000010000	-0.0000613705	1.2752026265E-8	-0.0000060886	3.0955735648E-10	5.300	20.300
6/27/2022	10:28 AM	0.3520244000	93.500	7.999	10.000	0.0000010000	-0.0000613631	6.4497748713E-9	-0.0000060551	2.9491631632E-9	5.300	20.300
6/27/2022	10:29 AM	0.3545388600	93.500	7.996	9.999	0.0000010000	-0.0000613470	9.6311701421E-9	-0.0000060948	7.2559935005E-10	5.300	20.300
6/27/2022	10:30 AM	0.3570533200	93.500	8.013	10.001	0.0000010000	-0.0000613463	9.5155567322E-9	-0.0000060881	1.3592554199E-9	5.300	20.300
6/27/2022	10:31 AM	0.3595677800	93.500	8.007	10.000	0.0000010000	-0.0000613482	9.7365638536E-9	-0.0000060856	1.0000000000E-10	5.300	20.300
6/27/2022	10:31 AM	0.3620822400	93.500	8.003	10.002	0.0000010000	-0.0000613570	1.0240850416E-8	-0.0000061005	1.6191374418E-9	5.200	20.300
6/27/2022	10:32 AM	0.3645967000	93.500	8.009	10.000	0.0000010000	-0.0000613688	1.3246273335E-8	-0.0000060787	1.2219049560E-9	5.300	20.300
6/27/2022	10:33 AM	0.3671111600	93.500	7.992	9.999	0.0000010000	-0.0000613774	1.3245418550E-8	-0.0000060913	5.6124860802E-10	5.300	20.300
6/27/2022	10:33 AM	0.3696256200	93.500	8.017	10.000	0.0000010000	-0.0000613478	1.3906010710E-8	-0.0000060809	1.5280706790E-9	5.300	20.300
6/27/2022	10:34 AM	0.3721400800	93.500	8.009	10.000	0.0000010000	-0.0000613795	1.0725387074E-8	-0.0000060848	2.8708286934E-10	5.300	20.300
6/27/2022	10:35 AM	0.3746545400	93.500	7.989	9.999	0.0000010000	-0.0000613579	7.1472221768E-9	-0.0000060884	1.3938179790E-9	5.300	20.300
6/27/2022	10:36 AM	0.3771690000	93.500	7.985	9.999	0.0000010000	-0.0000613760	6.3848469134E-9	-0.0000060846	5.1515439249E-10	5.300	20.300
6/27/2022	10:36 AM	0.3796834600	93.500	8.013	9.999	0.0000010000	-0.0000613679	6.7164979287E-9	-0.0000060942	3.7416573868E-10	5.300	20.200
6/27/2022	10:37 AM	0.3821979200	93.500	7.990	10.000	0.0000010000	-0.0000613881	6.0819510051E-9	-0.0000060938	1.1803670365E-9	5.200	20.300
6/27/2022	10:38 AM	0.3847123800	93.500	7.999	10.000	0.0000010000	-0.0000613616	1.0228710474E-8	-0.0000060965	7.3851648071E-10	5.300	20.300
6/27/2022	10:38 AM	0.3872268400	93.500	8.001	10.000	0.0000010000	-0.0000613830	1.0334694575E-8	-0.0000060915	9.0829510623E-10	5.200	20.300
6/27/2022	10:39 AM	0.3897413000	93.500	7.998	10.000	0.0000010000	-0.0000613666	7.9084136009E-9	-0.0000060834	1.8071067812E-9	5.300	20.300
6/27/2022	10:40 AM	0.3922557600	93.500	8.002	10.001	0.0000010000	-0.0000613568	1.0196550159E-8	-0.0000061102	1.4598797393E-9	5.200	20.200
6/27/2022	10:40 AM	0.3947702200	93.500	8.004	10.000	0.0000010000	-0.0000613680	9.8594592892E-9	-0.0000060999	7.5522851952E-10	5.300	20.200
6/27/2022	10:41 AM	0.3972846800	93.500	8.005	10.002	0.0000010000	-0.0000613572	6.4933252130E-9	-0.0000060823	5.9681613616E-10	5.200	20.200
6/27/2022	10:42 AM	0.3997991400	93.500	8.005	10.000	0.0000010000	-0.0000613737	9.3903037217E-9	-0.0000060866	5.6368092477E-10	5.300	20.300
