! User Name:	Aditya 
! Sample Name:	FGT_CPS_Device  4_FC 8T
! Sample ID:	FGT/CrPS4
! Date:	6/18/2022	Time:	3:09 AM
! Current Source:	Keithley 224 Current Source
! Voltmeter V1:	Keithley 182 Degital voltmeter
! Voltmeter V2:	Keithley 2182A  NanoVoltmeter
! V1 (volts):	Rxx Device 1
! V2 (volts):	Rxy Device 1
! Max Field (Tesla):0.000000	! Data points (0_maxT:75.000000	! Average Number:5.000000	
! Comments:	FGT/CrPS4 device was made in glove using flaking and dry transfering of flakes. 
! 
! 
! 
! 
Data	Time	Magnetic Field (T)	Helium Level (%)	VTI Temperature (K)	Sample Temparture (K)	Current (A) 	Voltage-1(V)	Std. of V1	Voltage-2 (V)	Std. of V2	VTI  Heater Power (%)	Sample Heater Power (%)
6/18/2022	3:11 AM	0.3004779700	52.000	52.780	54.994	0.0000010000	-0.0000597628	6.6728805754E-9	-0.0000047222	5.9681613616E-10	6.700	27.800
6/18/2022	3:12 AM	0.2979635100	33.400	23.010	25.001	0.0000010000	-0.0000597509	9.7902096885E-9	-0.0000047142	6.3011626335E-10	9.000	33.000
6/18/2022	3:13 AM	0.2954490500	33.400	23.010	25.001	0.0000010000	-0.0000597424	5.1990507214E-9	-0.0000047189	6.8506723903E-10	8.900	33.000
6/18/2022	3:13 AM	0.2929345900	33.400	23.010	25.001	0.0000010000	-0.0000597508	8.0520362029E-9	-0.0000046995	1.0725725623E-9	8.900	33.000
6/18/2022	3:14 AM	0.2904201300	33.400	23.010	25.000	0.0000010000	-0.0000597320	8.9923267409E-9	-0.0000047140	8.2739529308E-10	8.900	32.900
6/18/2022	3:15 AM	0.2879056700	33.400	23.010	25.000	0.0000010000	-0.0000597303	1.2652535273E-8	-0.0000047187	6.3066409390E-10	8.900	32.900
6/18/2022	3:15 AM	0.2853912100	33.400	23.010	25.001	0.0000010000	-0.0000597511	7.2569579698E-9	-0.0000047262	9.6953597148E-10	8.900	32.900
6/18/2022	3:16 AM	0.2828767500	33.400	23.010	25.001	0.0000010000	-0.0000597552	1.1127552536E-8	-0.0000047278	7.4120907249E-10	8.800	32.900
6/18/2022	3:17 AM	0.2803622900	33.400	23.010	25.000	0.0000010000	-0.0000597577	8.5906428665E-9	-0.0000047204	1.1171366312E-9	8.800	32.900
6/18/2022	3:17 AM	0.2778478300	33.400	23.000	25.000	0.0000010000	-0.0000597304	7.6663673497E-9	-0.0000047349	1.1590001630E-9	8.800	32.800
6/18/2022	3:18 AM	0.2753333700	33.400	23.010	25.001	0.0000010000	-0.0000597486	1.2422742046E-8	-0.0000047017	1.9280214957E-9	8.800	32.800
6/18/2022	3:19 AM	0.2728189100	33.400	23.000	25.001	0.0000010000	-0.0000597386	1.1109013940E-8	-0.0000047057	1.1156011653E-9	8.800	32.800
6/18/2022	3:19 AM	0.2703044500	33.400	23.000	25.000	0.0000010000	-0.0000597252	9.6251372189E-9	-0.0000047123	7.5522851952E-10	8.700	32.800
6/18/2022	3:20 AM	0.2677899900	33.400	23.010	25.000	0.0000010000	-0.0000597360	6.1870057639E-9	-0.0000047096	2.5811388301E-10	8.700	32.800
6/18/2022	3:21 AM	0.2652755300	33.400	23.000	25.001	0.0000010000	-0.0000597331	6.1908101957E-9	-0.0000047023	3.5475097138E-9	8.700	32.800
6/18/2022	3:21 AM	0.2627610700	33.400	23.000	25.000	0.0000010000	-0.0000597436	6.8290606321E-9	-0.0000047205	3.7742546282E-10	8.700	32.800
6/18/2022	3:22 AM	0.2602466100	33.400	23.010	25.001	0.0000010000	-0.0000597492	6.8413605391E-9	-0.0000047147	5.5355339059E-10	8.700	32.800
6/18/2022	3:23 AM	0.2577321500	33.400	23.000	25.001	0.0000010000	-0.0000597334	8.4825150208E-9	-0.0000047159	2.5533039982E-9	8.700	32.700
6/18/2022	3:23 AM	0.2552176900	33.400	23.000	25.000	0.0000010000	-0.0000597485	7.0538386202E-9	-0.0000047200	2.8708286934E-10	8.700	32.700
6/18/2022	3:24 AM	0.2527032300	33.400	23.000	25.000	0.0000010000	-0.0000597234	6.4827251045E-9	-0.0000047274	3.2360679775E-10	8.600	32.700
6/18/2022	3:25 AM	0.2501887700	33.400	23.000	25.001	0.0000010000	-0.0000597382	1.0142632480E-8	-0.0000047192	1.1741663363E-9	8.600	32.700
6/18/2022	3:25 AM	0.2476743100	33.400	23.010	25.001	0.0000010000	-0.0000597238	9.3196806969E-9	-0.0000047059	6.3851648071E-10	8.600	32.700
6/18/2022	3:26 AM	0.2451598500	33.400	23.010	25.001	0.0000010000	-0.0000597449	8.6070456213E-9	-0.0000047158	2.0580571116E-9	8.600	32.700
6/18/2022	3:27 AM	0.2426453900	33.400	23.000	25.000	0.0000010000	-0.0000597416	5.5304086540E-9	-0.0000047085	8.2739529308E-10	8.600	32.700
6/18/2022	3:27 AM	0.2401309300	33.400	23.000	25.000	0.0000010000	-0.0000597345	6.8877914760E-9	-0.0000047218	9.9775832693E-10	8.600	32.700
6/18/2022	3:28 AM	0.2376164700	33.400	23.000	25.000	0.0000010000	-0.0000597309	8.8850912188E-9	-0.0000047177	4.7602787773E-10	8.600	32.600
6/18/2022	3:29 AM	0.2351020100	33.400	23.000	25.000	0.0000010000	-0.0000597424	8.5295665766E-9	-0.0000047166	5.6124860802E-10	8.500	32.600
6/18/2022	3:29 AM	0.2325875500	33.400	23.000	25.001	0.0000010000	-0.0000597392	1.1985049623E-8	-0.0000047266	1.0915475947E-9	8.500	32.600
6/18/2022	3:30 AM	0.2300730900	33.400	23.000	25.000	0.0000010000	-0.0000597504	7.8498815285E-9	-0.0000047077	1.4251259996E-9	8.500	32.600
6/18/2022	3:31 AM	0.2275586300	33.400	23.010	25.001	0.0000010000	-0.0000597380	1.0547613344E-8	-0.0000046828	2.9481446303E-9	8.500	32.600
6/18/2022	3:31 AM	0.2250441700	33.400	23.010	25.001	0.0000010000	-0.0000597251	6.5558462973E-9	-0.0000046926	2.1086777790E-9	8.500	32.600
6/18/2022	3:32 AM	0.2225297100	33.400	23.000	25.000	0.0000010000	-0.0000597404	1.0747791416E-8	-0.0000047208	1.2247448714E-10	8.500	32.600
6/18/2022	3:33 AM	0.2200152500	33.400	23.000	25.000	0.0000010000	-0.0000597244	8.0814161912E-9	-0.0000047080	1.0112939289E-9	8.500	32.600
6/18/2022	3:34 AM	0.2175007900	33.400	23.000	25.000	0.0000010000	-0.0000597281	8.7749740834E-9	-0.0000047208	5.8309518948E-10	8.500	32.600
6/18/2022	3:34 AM	0.2149863300	33.400	23.000	25.000	0.0000010000	-0.0000597242	6.6039486652E-9	-0.0000047008	1.3338293254E-9	8.400	32.600
6/18/2022	3:35 AM	0.2124718700	33.400	23.000	25.000	0.0000010000	-0.0000597350	1.2254479997E-8	-0.0000047322	1.6202563836E-9	8.400	32.600
6/18/2022	3:36 AM	0.2099574100	33.400	23.000	25.000	0.0000010000	-0.0000597296	7.6171511645E-9	-0.0000046991	1.3453624047E-9	8.400	32.600
6/18/2022	3:36 AM	0.2074429500	33.400	23.000	25.001	0.0000010000	-0.0000597200	8.0221275825E-9	-0.0000047243	9.6205775687E-10	8.400	32.600
6/18/2022	3:37 AM	0.2049284900	33.400	23.000	25.000	0.0000010000	-0.0000597484	9.6791352329E-9	-0.0000047277	9.3186001849E-10	8.400	32.500
6/18/2022	3:38 AM	0.2024140300	33.400	23.000	25.000	0.0000010000	-0.0000597274	5.7634658213E-9	-0.0000047266	1.8708286934E-10	8.400	32.500
6/18/2022	3:39 AM	0.1998995700	33.400	23.000	25.000	0.0000010000	-0.0000597392	9.7667274345E-9	-0.0000047082	6.8476798574E-10	8.400	32.500
6/18/2022	3:39 AM	0.1973851100	33.400	23.000	25.000	0.0000010000	-0.0000597273	5.7555745332E-9	-0.0000047155	2.4494897428E-10	8.400	32.500
6/18/2022	3:40 AM	0.1948706500	33.400	23.000	25.000	0.0000010000	-0.0000597383	1.2260259605E-8	-0.0000047310	2.4494897428E-10	8.400	32.500
6/18/2022	3:41 AM	0.1923561900	33.400	23.000	25.000	0.0000010000	-0.0000597232	9.5506373997E-9	-0.0000047220	9.8332143549E-10	8.400	32.500
6/18/2022	3:41 AM	0.1898417300	33.400	23.000	25.000	0.0000010000	-0.0000597221	9.8437349303E-9	-0.0000047170	2.2360679775E-10	8.300	32.500
6/18/2022	3:42 AM	0.1873272700	33.400	23.000	25.000	0.0000010000	-0.0000597316	1.0024636518E-8	-0.0000047296	9.3794980865E-10	8.300	32.500
6/18/2022	3:43 AM	0.1848128100	33.400	23.000	25.000	0.0000010000	-0.0000597230	5.5339090744E-9	-0.0000047246	5.0331063536E-10	8.300	32.500
6/18/2022	3:43 AM	0.1822983500	33.400	23.000	25.000	0.0000010000	-0.0000597203	1.0874946117E-8	-0.0000047131	6.5372306110E-10	8.300	32.500
6/18/2022	3:44 AM	0.1797838900	33.400	23.000	25.000	0.0000010000	-0.0000597140	1.1321632459E-8	-0.0000047344	3.2247448714E-10	8.300	32.500
6/18/2022	3:45 AM	0.1772694300	33.400	23.000	25.000	0.0000010000	-0.0000597308	5.2370040734E-9	-0.0000047173	3.0955735648E-10	8.300	32.500
6/18/2022	3:46 AM	0.1747549700	33.400	23.000	25.000	0.0000010000	-0.0000597300	9.2578454687E-9	-0.0000047115	7.9346745639E-10	8.300	32.500
6/18/2022	3:46 AM	0.1722405100	33.400	23.000	25.000	0.0000010000	-0.0000597165	6.9554432392E-9	-0.0000047333	1.1690287121E-9	8.300	32.500
6/18/2022	3:47 AM	0.1697260500	33.400	23.000	25.000	0.0000010000	-0.0000597229	9.5267709089E-9	-0.0000047142	7.5522851952E-10	8.300	32.500
6/18/2022	3:48 AM	0.1672115900	33.400	23.000	25.000	0.0000010000	-0.0000597185	5.2863380690E-9	-0.0000047093	1.7085952748E-9	8.300	32.500
6/18/2022	3:48 AM	0.1646971300	33.400	23.000	25.000	0.0000010000	-0.0000597135	6.5819183487E-9	-0.0000047188	1.1707877060E-9	8.300	32.500
6/18/2022	3:49 AM	0.1621826700	33.400	23.000	25.000	0.0000010000	-0.0000597278	1.1311379360E-8	-0.0000047160	1.1813159295E-9	8.300	32.500
6/18/2022	3:50 AM	0.1596682100	33.400	23.000	25.000	0.0000010000	-0.0000597352	1.1636347236E-8	-0.0000047125	1.1437704174E-9	8.300	32.400
6/18/2022	3:50 AM	0.1571537500	33.400	23.000	25.000	0.0000010000	-0.0000597277	7.1358315933E-9	-0.0000047125	4.7863046408E-10	8.300	32.500
6/18/2022	3:51 AM	0.1546392900	33.400	23.000	25.000	0.0000010000	-0.0000597189	8.5506033826E-9	-0.0000047182	1.2902019707E-9	8.300	32.400
6/18/2022	3:52 AM	0.1521248300	33.400	23.000	25.000	0.0000010000	-0.0000597361	1.1194101922E-8	-0.0000047179	4.5355339059E-10	8.300	32.500
6/18/2022	3:52 AM	0.1496103700	33.400	23.000	25.000	0.0000010000	-0.0000597280	7.4076804403E-9	-0.0000047102	1.4998521921E-9	8.200	32.400
6/18/2022	3:53 AM	0.1470959100	33.400	23.000	25.000	0.0000010000	-0.0000597242	7.0023612642E-9	-0.0000047215	2.8708286934E-10	8.200	32.400
6/18/2022	3:54 AM	0.1445814500	35.200	23.000	25.000	0.0000010000	-0.0000597191	9.0615277677E-9	-0.0000047399	1.1131314310E-9	8.200	32.400
6/18/2022	3:54 AM	0.1420669900	35.200	23.000	25.000	0.0000010000	-0.0000597222	7.9926606187E-9	-0.0000047200	1.4976338337E-9	8.200	32.400
6/18/2022	3:55 AM	0.1395525300	35.200	23.000	25.000	0.0000010000	-0.0000597318	7.1108015346E-9	-0.0000047116	8.6391922149E-10	8.200	32.400
6/18/2022	3:56 AM	0.1370380700	35.200	23.000	25.000	0.0000010000	-0.0000597278	1.0199569314E-8	-0.0000047293	1.0915475947E-9	8.200	32.400
6/18/2022	3:56 AM	0.1345236100	35.200	23.000	25.000	0.0000010000	-0.0000597245	6.6924431756E-9	-0.0000047300	1.4743416490E-9	8.200	32.400
6/18/2022	3:57 AM	0.1320091500	35.200	23.000	25.000	0.0000010000	-0.0000597253	1.0409159616E-8	-0.0000047385	1.3995440896E-9	8.200	32.400
6/18/2022	3:58 AM	0.1294946900	35.200	23.000	25.000	0.0000010000	-0.0000597205	5.5530371418E-9	-0.0000047147	5.2247448714E-10	8.200	32.400
6/18/2022	3:58 AM	0.1269802300	35.200	23.000	25.000	0.0000010000	-0.0000597215	6.9565697524E-9	-0.0000047070	9.0122571219E-10	8.200	32.400
6/18/2022	3:59 AM	0.1244657700	35.200	23.000	25.000	0.0000010000	-0.0000597252	8.1020856066E-9	-0.0000047013	2.2822644690E-9	8.200	32.400
6/18/2022	4:00 AM	0.1219513100	35.200	23.000	25.000	0.0000010000	-0.0000597197	1.1139986507E-8	-0.0000047097	6.5076379411E-10	8.200	32.400
6/18/2022	4:00 AM	0.1194368500	35.200	23.000	25.000	0.0000010000	-0.0000597117	9.2923340714E-9	-0.0000047203	1.0784939477E-9	8.200	32.400
6/18/2022	4:01 AM	0.1169223900	35.200	23.000	25.001	0.0000010000	-0.0000597217	7.0380912831E-9	-0.0000047200	1.1850047376E-9	8.200	32.400
6/18/2022	4:02 AM	0.1144079300	35.200	23.000	25.000	0.0000010000	-0.0000597159	8.2426309617E-9	-0.0000047054	1.2748608634E-9	8.200	32.400
6/18/2022	4:03 AM	0.1118934700	35.200	23.000	25.000	0.0000010000	-0.0000597228	8.1331145011E-9	-0.0000047140	8.0279742393E-10	8.200	32.400
6/18/2022	4:03 AM	0.1093790100	35.200	23.000	25.000	0.0000010000	-0.0000597151	6.4306180062E-9	-0.0000047141	6.6099096785E-10	8.200	32.400
6/18/2022	4:04 AM	0.1068645500	35.200	23.000	25.000	0.0000010000	-0.0000596996	9.9819542328E-9	-0.0000046900	2.5235295486E-9	8.200	32.400
6/18/2022	4:05 AM	0.1043500900	35.200	23.000	25.000	0.0000010000	-0.0000597224	5.9404729863E-9	-0.0000047268	9.0687121620E-10	8.200	32.400
6/18/2022	4:05 AM	0.1018356300	35.200	23.000	25.000	0.0000010000	-0.0000597298	1.0147024350E-8	-0.0000047249	1.0000000000E-10	8.200	32.400
6/18/2022	4:06 AM	0.0993211700	35.200	23.000	25.000	0.0000010000	-0.0000597137	1.0373977448E-8	-0.0000047123	8.1723431537E-10	8.200	32.400
6/18/2022	4:07 AM	0.0968067100	35.200	23.000	25.000	0.0000010000	-0.0000597198	7.7216715387E-9	-0.0000047142	2.8708286934E-10	8.200	32.400
6/18/2022	4:07 AM	0.0942922500	35.200	23.000	25.000	0.0000010000	-0.0000597164	5.4547003884E-9	-0.0000047321	2.9154759474E-10	8.200	32.400
6/18/2022	4:08 AM	0.0917777900	35.200	23.000	25.000	0.0000010000	-0.0000597230	6.4442216326E-9	-0.0000047113	1.9996804003E-9	8.200	32.400
6/18/2022	4:09 AM	0.0892633300	35.200	23.000	25.000	0.0000010000	-0.0000597327	7.6548488222E-9	-0.0000047267	6.7434164903E-10	8.200	32.400
6/18/2022	4:09 AM	0.0867488700	35.200	23.000	25.000	0.0000010000	-0.0000597185	8.1517148468E-9	-0.0000047121	7.8366965395E-10	8.200	32.400
6/18/2022	4:10 AM	0.0842344100	35.200	23.000	25.000	0.0000010000	-0.0000597248	5.6685923230E-9	-0.0000047302	4.1402208188E-10	8.200	32.400
6/18/2022	4:11 AM	0.0817199500	35.200	23.000	25.000	0.0000010000	-0.0000597187	7.4331303927E-9	-0.0000047259	6.4031242374E-10	8.100	32.400
6/18/2022	4:12 AM	0.0792054900	35.200	23.000	25.000	0.0000010000	-0.0000597187	8.2388550887E-9	-0.0000047210	3.5355339059E-10	8.100	32.400
6/18/2022	4:12 AM	0.0766910300	35.200	23.000	25.000	0.0000010000	-0.0000597134	8.2406879093E-9	-0.0000047244	5.1515439249E-10	8.100	32.400
6/18/2022	4:13 AM	0.0741765700	35.200	23.000	25.000	0.0000010000	-0.0000597217	6.8139945531E-9	-0.0000047244	9.0471787406E-10	8.100	32.400
6/18/2022	4:14 AM	0.0716621100	35.200	23.000	25.000	0.0000010000	-0.0000597103	8.4567457375E-9	-0.0000047189	4.4203384502E-10	8.100	32.300
6/18/2022	4:14 AM	0.0691476500	35.200	23.000	25.000	0.0000010000	-0.0000597265	7.6683939993E-9	-0.0000047210	1.1813159295E-9	8.100	32.400
6/18/2022	4:15 AM	0.0666331900	0.900	23.000	25.000	0.0000010000	-0.0000597263	1.0326013615E-8	-0.0000046904	2.7248809497E-9	8.100	32.400
6/18/2022	4:16 AM	0.0641187300	35.200	23.000	25.001	0.0000010000	-0.0000597152	8.3306251463E-9	-0.0000047103	9.0471787406E-10	8.100	32.300
6/18/2022	4:16 AM	0.0616042700	35.200	23.000	25.000	0.0000010000	-0.0000597203	1.0079426524E-8	-0.0000047201	8.8740730319E-10	8.100	32.400
6/18/2022	4:17 AM	0.0590898100	35.200	23.000	25.000	0.0000010000	-0.0000597211	6.8865989246E-9	-0.0000047008	1.3703412919E-9	8.100	32.300
6/18/2022	4:18 AM	0.0565753500	35.200	23.000	25.000	0.0000010000	-0.0000597200	6.3941577307E-9	-0.0000047115	1.4142135624E-9	8.100	32.400
6/18/2022	4:18 AM	0.0540608900	35.200	23.000	25.000	0.0000010000	-0.0000597246	1.1079769860E-8	-0.0000047180	3.2247448714E-10	8.100	32.300
6/18/2022	4:19 AM	0.0515464300	35.200	23.000	25.000	0.0000010000	-0.0000597202	7.1119405288E-9	-0.0000047242	6.5632839974E-10	8.100	32.300
6/18/2022	4:20 AM	0.0490319700	35.200	23.000	25.000	0.0000010000	-0.0000597203	6.8267999599E-9	-0.0000047218	7.0415229868E-10	8.100	32.300
6/18/2022	4:20 AM	0.0465175100	35.200	23.000	25.000	0.0000010000	-0.0000597194	9.4693811587E-9	-0.0000047035	1.5301162634E-9	8.100	32.300
6/18/2022	4:21 AM	0.0440030500	35.200	23.000	25.000	0.0000010000	-0.0000597189	7.7872997332E-9	-0.0000047145	1.0066157946E-9	8.100	32.300
6/18/2022	4:22 AM	0.0414885900	35.200	23.000	25.000	0.0000010000	-0.0000597226	6.9707342374E-9	-0.0000047103	5.4649857042E-10	8.100	32.300
6/18/2022	4:22 AM	0.0389741300	35.200	23.000	25.000	0.0000010000	-0.0000597029	8.6631877277E-9	-0.0000047290	1.0154753215E-9	8.100	32.300
6/18/2022	4:23 AM	0.0364596700	35.200	22.990	25.000	0.0000010000	-0.0000597201	8.3736062141E-9	-0.0000047205	6.9698482070E-10	8.200	32.300
6/18/2022	4:24 AM	0.0339452100	35.200	23.000	25.001	0.0000010000	-0.0000597206	1.0031107243E-8	-0.0000047184	7.2097685201E-10	8.200	32.300
6/18/2022	4:24 AM	0.0314307500	35.200	23.000	25.001	0.0000010000	-0.0000597196	1.3184300017E-8	-0.0000046991	2.4296412499E-9	8.200	32.300
6/18/2022	4:25 AM	0.0289162900	35.200	23.000	25.000	0.0000010000	-0.0000597197	7.1770928427E-9	-0.0000047191	8.9418965053E-10	8.200	32.300
6/18/2022	4:26 AM	0.0264018300	35.200	23.000	25.000	0.0000010000	-0.0000597240	1.0275336260E-8	-0.0000047244	1.9209372712E-9	8.200	32.300
6/18/2022	4:26 AM	0.0238873700	35.200	23.000	25.000	0.0000010000	-0.0000597169	7.6780630672E-9	-0.0000047154	5.8823014636E-10	8.100	32.300
6/18/2022	4:27 AM	0.0213729100	35.200	23.000	25.000	0.0000010000	-0.0000597238	5.0968846859E-9	-0.0000047230	3.7416573868E-10	8.100	32.300
6/18/2022	4:28 AM	0.0188584500	35.200	23.000	25.000	0.0000010000	-0.0000597392	1.2307879886E-8	-0.0000047246	1.1901823123E-9	8.100	32.300
6/18/2022	4:28 AM	0.0163439900	35.200	23.000	25.000	0.0000010000	-0.0000597271	8.0402882643E-9	-0.0000047174	1.5671401404E-9	8.100	32.300
6/18/2022	4:29 AM	0.0138295300	35.200	23.000	25.000	0.0000010000	-0.0000597176	9.6808322424E-9	-0.0000047091	6.4510098534E-10	8.100	32.300
6/18/2022	4:30 AM	0.0113150700	35.200	23.000	25.000	0.0000010000	-0.0000597248	6.1056849047E-9	-0.0000047036	1.1578667392E-9	8.100	32.300
6/18/2022	4:30 AM	0.0088006100	35.200	23.000	25.000	0.0000010000	-0.0000597112	7.5187520494E-9	-0.0000047263	7.3971896142E-10	8.100	32.300
6/18/2022	4:31 AM	0.0062861500	35.200	23.000	25.000	0.0000010000	-0.0000597185	4.9953405477E-9	-0.0000047077	1.0677078252E-9	8.100	32.300
6/18/2022	4:32 AM	0.0037716900	35.200	23.000	25.000	0.0000010000	-0.0000597172	7.7967265022E-9	-0.0000047163	1.8110550771E-9	8.100	32.200
6/18/2022	4:32 AM	0.0012572300	35.200	23.000	25.000	0.0000010000	-0.0000597200	7.7360377017E-9	-0.0000047117	7.2166385809E-10	8.100	32.300
6/18/2022	4:33 AM	-0.0012572300	35.200	23.000	25.000	0.0000010000	-0.0000597208	8.7281160749E-9	-0.0000047106	7.7017805882E-10	8.100	32.300
6/18/2022	4:34 AM	-0.0037716900	35.200	23.000	25.000	0.0000010000	-0.0000597113	8.4229256520E-9	-0.0000047163	6.5632839974E-10	8.100	32.300
6/18/2022	4:34 AM	-0.0062861500	35.200	23.000	25.000	0.0000010000	-0.0000597225	7.6745833635E-9	-0.0000047022	8.4850738770E-10	8.100	32.300
6/18/2022	4:35 AM	-0.0088006100	35.200	23.000	25.000	0.0000010000	-0.0000597259	8.3177257333E-9	-0.0000047086	6.4031242374E-10	8.100	32.300
6/18/2022	4:36 AM	-0.0113150700	35.200	23.000	25.000	0.0000010000	-0.0000597223	7.3958700734E-9	-0.0000047078	1.0255260977E-9	8.100	32.300
6/18/2022	4:36 AM	-0.0138295300	35.200	23.000	25.000	0.0000010000	-0.0000597199	9.0475284572E-9	-0.0000047238	4.9154759474E-10	8.100	32.300
6/18/2022	4:37 AM	-0.0163439900	35.200	23.000	25.000	0.0000010000	-0.0000597126	7.8072824335E-9	-0.0000047290	3.9154759474E-10	8.100	32.300
6/18/2022	4:38 AM	-0.0188584500	35.200	23.000	25.000	0.0000010000	-0.0000597144	6.5970571787E-9	-0.0000047216	8.6988284501E-10	8.100	32.200
6/18/2022	4:39 AM	-0.0213729100	35.200	23.000	25.000	0.0000010000	-0.0000597351	8.7834637883E-9	-0.0000047240	9.0122571219E-10	8.100	32.300
6/18/2022	4:40 AM	-0.0238873700	35.200	23.000	25.000	0.0000010000	-0.0000597204	6.9178043224E-9	-0.0000046938	2.3377339455E-9	8.100	32.200
6/18/2022	4:40 AM	-0.0264018300	35.200	23.000	25.001	0.0000010000	-0.0000597170	9.0414290836E-9	-0.0000047190	5.8309518948E-10	8.100	32.200
6/18/2022	4:41 AM	-0.0289162900	35.200	23.000	25.000	0.0000010000	-0.0000597114	1.0299135594E-8	-0.0000047230	2.4494897428E-10	8.100	32.200
6/18/2022	4:42 AM	-0.0314307500	35.200	23.000	25.000	0.0000010000	-0.0000597153	9.1868244358E-9	-0.0000047177	3.3911649916E-10	8.100	32.200
6/18/2022	4:42 AM	-0.0339452100	35.200	23.000	25.000	0.0000010000	-0.0000597105	9.9371917262E-9	-0.0000047154	5.3385391260E-10	8.100	32.300
6/18/2022	4:43 AM	-0.0364596700	35.200	23.000	25.000	0.0000010000	-0.0000597130	4.6441079732E-9	-0.0000047211	4.3011626335E-10	8.100	32.300
6/18/2022	4:44 AM	-0.0389741300	35.200	23.000	25.000	0.0000010000	-0.0000597221	7.3830614671E-9	-0.0000046954	2.1382102204E-9	8.100	32.200
6/18/2022	4:44 AM	-0.0414885900	35.200	23.000	25.000	0.0000010000	-0.0000597194	8.9343706280E-9	-0.0000047333	1.1690287121E-9	8.100	32.200
6/18/2022	4:45 AM	-0.0440030500	35.200	23.000	25.000	0.0000010000	-0.0000597234	9.8837577104E-9	-0.0000047067	1.0276472679E-9	8.100	32.200
6/18/2022	4:46 AM	-0.0465175100	35.200	23.000	25.000	0.0000010000	-0.0000597251	8.4130332166E-9	-0.0000047209	6.8476798574E-10	8.100	32.200
6/18/2022	4:46 AM	-0.0490319700	35.200	23.000	25.000	0.0000010000	-0.0000597230	9.8357439384E-9	-0.0000047149	6.8506723903E-10	8.100	32.200
6/18/2022	4:47 AM	-0.0515464300	35.200	23.000	25.000	0.0000010000	-0.0000597211	1.0404513850E-8	-0.0000047271	5.5259075049E-10	8.100	32.200
6/18/2022	4:48 AM	-0.0540608900	35.200	23.000	25.000	0.0000010000	-0.0000597116	1.0024994709E-8	-0.0000047243	8.1723431537E-10	8.100	32.200
6/18/2022	4:48 AM	-0.0565753500	35.200	23.000	25.000	0.0000010000	-0.0000597265	1.1464760925E-8	-0.0000047264	5.8823014636E-10	8.100	32.200
6/18/2022	4:49 AM	-0.0590898100	35.200	23.000	25.000	0.0000010000	-0.0000597268	7.2653082747E-9	-0.0000047188	5.2881225443E-10	8.100	32.200
6/18/2022	4:50 AM	-0.0616042700	35.200	23.000	25.000	0.0000010000	-0.0000597148	4.9526324267E-9	-0.0000047295	1.2860613835E-9	8.100	32.200
6/18/2022	4:50 AM	-0.0641187300	35.200	23.000	25.000	0.0000010000	-0.0000597051	6.6876033786E-9	-0.0000047170	5.2867640737E-10	8.100	32.200
6/18/2022	4:51 AM	-0.0666331900	35.200	23.000	25.000	0.0000010000	-0.0000597268	6.8476867863E-9	-0.0000047215	1.7173453852E-9	8.100	32.200
6/18/2022	4:52 AM	-0.0691476500	35.200	23.000	25.000	0.0000010000	-0.0000597233	6.0906469366E-9	-0.0000047290	6.5897105616E-10	8.100	32.200
6/18/2022	4:52 AM	-0.0716621100	35.200	23.000	25.000	0.0000010000	-0.0000597186	1.3019739794E-8	-0.0000047210	8.6023252670E-10	8.100	32.200
6/18/2022	4:53 AM	-0.0741765700	39.700	23.000	25.000	0.0000010000	-0.0000597251	9.3214021629E-9	-0.0000047101	1.3496831821E-9	8.000	32.200
6/18/2022	4:54 AM	-0.0766910300	39.700	23.000	25.000	0.0000010000	-0.0000596978	7.9596178422E-9	-0.0000047182	4.7863046408E-10	8.000	32.200
6/18/2022	4:55 AM	-0.0792054900	39.700	23.000	25.001	0.0000010000	-0.0000597184	5.5099218353E-9	-0.0000046988	2.1768092962E-9	8.000	32.200
6/18/2022	4:55 AM	-0.0817199500	39.700	23.000	25.000	0.0000010000	-0.0000596949	6.1339491525E-9	-0.0000047109	6.3851648071E-10	8.000	32.200
6/18/2022	4:56 AM	-0.0842344100	39.700	23.000	25.000	0.0000010000	-0.0000597119	6.5481296131E-9	-0.0000047230	6.1719913269E-10	8.000	32.200
6/18/2022	4:57 AM	-0.0867488700	39.700	23.000	25.000	0.0000010000	-0.0000597292	6.8614163435E-9	-0.0000047215	7.7631558048E-10	8.000	32.200
6/18/2022	4:57 AM	-0.0892633300	39.700	23.000	25.001	0.0000010000	-0.0000597231	7.0911819371E-9	-0.0000047192	3.0000000000E-10	8.000	32.200
6/18/2022	4:58 AM	-0.0917777900	39.700	23.000	25.000	0.0000010000	-0.0000597199	5.7613528030E-9	-0.0000047114	1.5705048527E-9	8.000	32.200
6/18/2022	4:59 AM	-0.0942922500	39.700	23.000	25.000	0.0000010000	-0.0000597285	6.3223872334E-9	-0.0000047121	7.8038323403E-10	8.000	32.200
6/18/2022	4:59 AM	-0.0968067100	39.700	23.000	25.000	0.0000010000	-0.0000597092	1.1475142903E-8	-0.0000047334	9.5012175500E-10	8.000	32.200
6/18/2022	5:00 AM	-0.0993211700	39.700	23.000	25.000	0.0000010000	-0.0000596989	6.9518267949E-9	-0.0000047297	1.9703189575E-9	8.000	32.200
6/18/2022	5:01 AM	-0.1018356300	39.700	23.000	25.000	0.0000010000	-0.0000597231	7.5384095000E-9	-0.0000047215	8.3011626335E-10	8.000	32.200
6/18/2022	5:01 AM	-0.1043500900	39.700	23.000	25.000	0.0000010000	-0.0000597144	7.4056879986E-9	-0.0000047201	5.9103025917E-10	8.000	32.200
6/18/2022	5:02 AM	-0.1068645500	39.700	23.000	25.000	0.0000010000	-0.0000597084	9.5156451921E-9	-0.0000046976	2.8534170997E-9	8.000	32.200
6/18/2022	5:03 AM	-0.1093790100	39.700	23.000	25.000	0.0000010000	-0.0000597151	7.6902457665E-9	-0.0000047057	1.1590001630E-9	8.000	32.200
6/18/2022	5:03 AM	-0.1118934700	39.700	23.000	25.000	0.0000010000	-0.0000596945	1.0320930324E-8	-0.0000047188	2.2247448714E-10	8.000	32.200
6/18/2022	5:04 AM	-0.1144079300	39.700	23.000	25.000	0.0000010000	-0.0000597087	1.0579084675E-8	-0.0000047072	1.6505451661E-9	8.000	32.200
6/18/2022	5:05 AM	-0.1169223900	39.700	23.000	25.000	0.0000010000	-0.0000597193	5.1305470007E-9	-0.0000046956	1.8160393026E-9	8.000	32.200
6/18/2022	5:05 AM	-0.1194368500	39.700	23.000	25.000	0.0000010000	-0.0000597202	1.0002070875E-8	-0.0000047188	2.8058837015E-10	8.000	32.200
6/18/2022	5:06 AM	-0.1219513100	39.700	23.000	25.000	0.0000010000	-0.0000597087	6.7575222746E-9	-0.0000031166	1.6385164807E-9	8.000	32.200
6/18/2022	5:07 AM	-0.1244657700	39.700	23.000	25.000	0.0000010000	-0.0000597005	1.0181608056E-8	-0.0000031139	1.2447058924E-9	8.000	32.200
6/18/2022	5:07 AM	-0.1269802300	39.700	23.000	25.000	0.0000010000	-0.0000596951	9.9612455802E-9	-0.0000031182	4.7863046408E-10	8.000	32.200
6/18/2022	5:08 AM	-0.1294946900	39.700	23.000	25.000	0.0000010000	-0.0000597053	8.2034958101E-9	-0.0000031321	5.5259075049E-10	8.000	32.200
6/18/2022	5:09 AM	-0.1320091500	39.700	23.000	25.000	0.0000010000	-0.0000597156	7.2444612126E-9	-0.0000031316	1.5433608484E-9	8.000	32.200
6/18/2022	5:09 AM	-0.1345236100	39.700	23.000	25.000	0.0000010000	-0.0000597081	8.2407127484E-9	-0.0000031191	7.9842630675E-10	8.000	32.200
6/18/2022	5:10 AM	-0.1370380700	39.700	23.000	25.000	0.0000010000	-0.0000597079	5.0543189514E-9	-0.0000031086	1.1131314310E-9	8.000	32.200
6/18/2022	5:11 AM	-0.1395525300	39.700	23.000	25.000	0.0000010000	-0.0000597154	6.9840860212E-9	-0.0000031194	3.0000000000E-10	8.000	32.200
6/18/2022	5:11 AM	-0.1420669900	39.700	23.000	25.000	0.0000010000	-0.0000597101	5.2594364684E-9	-0.0000030893	3.6923609161E-9	8.000	32.200
6/18/2022	5:12 AM	-0.1445814500	39.700	23.000	25.000	0.0000010000	-0.0000597020	9.0529783514E-9	-0.0000031144	5.0990195136E-10	8.000	32.200
6/18/2022	5:13 AM	-0.1470959100	39.700	23.000	25.000	0.0000010000	-0.0000597182	4.3747631136E-9	-0.0000031081	9.9386581434E-10	8.000	32.200
6/18/2022	5:13 AM	-0.1496103700	39.700	23.000	25.000	0.0000010000	-0.0000597053	9.1211562622E-9	-0.0000031314	5.6124860802E-10	8.000	32.200
6/18/2022	5:14 AM	-0.1521248300	39.700	23.000	25.000	0.0000010000	-0.0000596974	1.0422492769E-8	-0.0000031033	1.5991766525E-9	8.000	32.200
6/18/2022	5:15 AM	-0.1546392900	39.700	23.000	25.000	0.0000010000	-0.0000597124	1.2297628462E-8	-0.0000031198	3.0955735648E-10	8.000	32.200
6/18/2022	5:16 AM	-0.1571537500	39.700	23.000	25.000	0.0000010000	-0.0000597031	5.8841153860E-9	-0.0000031145	6.3385391260E-10	8.000	32.200
6/18/2022	5:16 AM	-0.1596682100	39.700	23.000	25.000	0.0000010000	-0.0000596989	6.3123153692E-9	-0.0000031257	6.0850436627E-10	8.000	32.200
6/18/2022	5:17 AM	-0.1621826700	39.700	23.000	25.000	0.0000010000	-0.0000597083	8.7957874750E-9	-0.0000031071	2.2059687761E-9	8.000	32.200
6/18/2022	5:18 AM	-0.1646971300	39.700	23.000	25.000	0.0000010000	-0.0000596992	6.0378302524E-9	-0.0000030988	1.9259601733E-9	8.000	32.200
6/18/2022	5:18 AM	-0.1672115900	39.700	23.000	25.000	0.0000010000	-0.0000597109	5.9611239250E-9	-0.0000031143	6.5076379411E-10	8.000	32.200
6/18/2022	5:19 AM	-0.1697260500	39.700	23.000	25.000	0.0000010000	-0.0000596973	8.3864509507E-9	-0.0000031334	1.3474192049E-9	8.000	32.200
6/18/2022	5:20 AM	-0.1722405100	39.700	23.000	25.000	0.0000010000	-0.0000597165	8.0490382468E-9	-0.0000031189	3.0955735648E-10	8.000	32.200
6/18/2022	5:20 AM	-0.1747549700	39.700	23.000	25.000	0.0000010000	-0.0000597058	8.7471924029E-9	-0.0000031263	1.1823128252E-9	8.000	32.200
6/18/2022	5:21 AM	-0.1772694300	39.700	23.000	25.000	0.0000010000	-0.0000597039	5.0807568705E-9	-0.0000031280	1.2324165118E-9	8.000	32.200
6/18/2022	5:22 AM	-0.1797838900	39.700	23.000	25.000	0.0000010000	-0.0000597091	6.5980704469E-9	-0.0000031152	7.5522851952E-10	8.000	32.200
6/18/2022	5:23 AM	-0.1822983500	39.700	23.000	25.000	0.0000010000	-0.0000597130	8.2848770513E-9	-0.0000031121	7.8366965395E-10	8.000	32.200
6/18/2022	5:23 AM	-0.1848128100	39.700	23.000	25.000	0.0000010000	-0.0000597162	1.1000197803E-8	-0.0000031268	1.1209763795E-9	8.000	32.200
6/18/2022	5:24 AM	-0.1873272700	39.700	23.000	25.000	0.0000010000	-0.0000597042	6.4286285885E-9	-0.0000031252	5.9777253643E-10	8.000	32.200
6/18/2022	5:25 AM	-0.1898417300	39.700	23.000	25.000	0.0000010000	-0.0000597077	8.9884158905E-9	-0.0000031274	1.2219049560E-9	8.000	32.200
6/18/2022	5:25 AM	-0.1923561900	39.700	23.000	25.000	0.0000010000	-0.0000597021	7.8302432854E-9	-0.0000031161	1.1641078199E-9	8.000	32.200
6/18/2022	5:26 AM	-0.1948706500	39.700	23.000	25.000	0.0000010000	-0.0000597060	1.0023539862E-8	-0.0000031206	1.2915475947E-9	8.000	32.200
6/18/2022	5:27 AM	-0.1973851100	39.700	23.000	25.000	0.0000010000	-0.0000596966	8.9738292576E-9	-0.0000030705	5.4717735066E-9	8.000	32.200
6/18/2022	5:27 AM	-0.1998995700	39.700	23.000	25.000	0.0000010000	-0.0000596975	1.0622043794E-8	-0.0000031188	5.0620192023E-10	8.000	32.200
6/18/2022	5:28 AM	-0.2024140300	39.700	23.000	25.000	0.0000010000	-0.0000597066	9.6673775218E-9	-0.0000031072	1.2653637876E-9	8.000	32.200
6/18/2022	5:29 AM	-0.2049284900	39.700	23.000	25.000	0.0000010000	-0.0000596951	8.2927736031E-9	-0.0000031131	7.5746071035E-10	8.000	32.200
6/18/2022	5:30 AM	-0.2074429500	39.700	23.000	25.000	0.0000010000	-0.0000596993	8.4455900544E-9	-0.0000031008	7.6278691088E-10	8.000	32.200
6/18/2022	5:30 AM	-0.2099574100	39.700	23.000	25.000	0.0000010000	-0.0000596933	7.4348996657E-9	-0.0000031176	4.5495097568E-10	8.000	32.200
6/18/2022	5:31 AM	-0.2124718700	39.700	23.000	25.000	0.0000010000	-0.0000597025	5.4985459871E-9	-0.0000031111	2.1892592080E-9	8.000	32.200
6/18/2022	5:32 AM	-0.2149863300	39.700	23.000	25.000	0.0000010000	-0.0000596953	5.8150684708E-9	-0.0000031162	7.8880488828E-10	8.000	32.200
6/18/2022	5:32 AM	-0.2175007900	39.700	23.000	25.000	0.0000010000	-0.0000597016	5.0592990524E-9	-0.0000031276	8.0415229868E-10	8.000	32.200
6/18/2022	5:33 AM	-0.2200152500	39.700	23.000	25.000	0.0000010000	-0.0000596921	6.0961771021E-9	-0.0000031153	1.2549509757E-9	8.000	32.200
6/18/2022	5:34 AM	-0.2225297100	39.700	23.000	25.000	0.0000010000	-0.0000597009	7.5640302331E-9	-0.0000031180	3.7416573868E-10	8.000	32.200
6/18/2022	5:34 AM	-0.2250441700	39.700	23.000	25.000	0.0000010000	-0.0000596923	8.0566464885E-9	-0.0000031195	8.5355339059E-10	8.000	32.200
6/18/2022	5:35 AM	-0.2275586300	39.700	23.000	25.000	0.0000010000	-0.0000597062	8.6058302084E-9	-0.0000031234	8.8740730319E-10	8.000	32.200
6/18/2022	5:36 AM	-0.2300730900	39.700	23.000	25.000	0.0000010000	-0.0000597067	6.2647940890E-9	-0.0000031099	5.4063625993E-10	8.000	32.200
6/18/2022	5:36 AM	-0.2325875500	39.700	23.000	25.000	0.0000010000	-0.0000596886	1.0211201808E-8	-0.0000031083	7.6278691088E-10	8.000	32.200
6/18/2022	5:37 AM	-0.2351020100	39.700	23.000	25.000	0.0000010000	-0.0000596949	1.0179552532E-8	-0.0000031258	6.0850436627E-10	8.000	32.200
6/18/2022	5:38 AM	-0.2376164700	39.700	23.000	25.000	0.0000010000	-0.0000597075	6.6683108851E-9	-0.0000031139	6.9774951497E-10	8.000	32.200
6/18/2022	5:38 AM	-0.2401309300	39.700	23.000	25.000	0.0000010000	-0.0000596983	7.2991737454E-9	-0.0000031195	1.0587911841E-22	8.000	32.200
6/18/2022	5:39 AM	-0.2426453900	39.700	23.000	25.000	0.0000010000	-0.0000596994	6.1976867084E-9	-0.0000031207	1.6338539126E-9	8.000	32.200
6/18/2022	5:40 AM	-0.2451598500	39.700	23.000	25.000	0.0000010000	-0.0000596949	7.2679908511E-9	-0.0000031113	1.2247448714E-10	8.000	32.200
6/18/2022	5:40 AM	-0.2476743100	39.700	23.000	25.000	0.0000010000	-0.0000596997	8.9833008847E-9	-0.0000031161	1.1575729985E-9	8.000	32.200
6/18/2022	5:41 AM	-0.2501887700	39.700	23.000	25.000	0.0000010000	-0.0000596908	4.7188272086E-9	-0.0000031286	1.2216772417E-9	8.000	32.200
6/18/2022	5:42 AM	-0.2527032300	39.700	23.000	25.000	0.0000010000	-0.0000596850	9.9668896736E-9	-0.0000031199	3.0000000000E-10	8.000	32.200
6/18/2022	5:42 AM	-0.2552176900	39.700	23.000	25.000	0.0000010000	-0.0000596942	7.7691371354E-9	-0.0000031274	5.8615541191E-10	8.000	32.200
6/18/2022	5:43 AM	-0.2577321500	39.700	23.000	25.000	0.0000010000	-0.0000596874	5.2748792029E-9	-0.0000031291	9.2736184955E-10	8.000	32.200
6/18/2022	5:44 AM	-0.2602466100	39.700	23.000	25.000	0.0000010000	-0.0000596853	6.6863520381E-9	-0.0000031160	1.0186218983E-9	8.000	32.200
6/18/2022	5:44 AM	-0.2627610700	39.700	23.000	25.000	0.0000010000	-0.0000596856	7.0353729769E-9	-0.0000031084	1.7064578526E-9	8.000	32.200
6/18/2022	5:45 AM	-0.2652755300	39.700	23.000	25.000	0.0000010000	-0.0000596820	9.8071164253E-9	-0.0000031330	1.2959254853E-9	8.000	32.200
6/18/2022	5:46 AM	-0.2677899900	0.900	23.000	25.000	0.0000010000	-0.0000596903	7.0053009042E-9	-0.0000031231	4.9154759474E-10	8.000	32.100
6/18/2022	5:46 AM	-0.2703044500	39.700	23.000	25.000	0.0000010000	-0.0000596837	7.1874847507E-9	-0.0000031067	3.8708286934E-10	8.000	32.200
6/18/2022	5:47 AM	-0.2728189100	39.700	23.000	25.000	0.0000010000	-0.0000596931	4.8096584179E-9	-0.0000031098	5.6368092477E-10	8.000	32.200
6/18/2022	5:48 AM	-0.2753333700	39.700	23.000	25.000	0.0000010000	-0.0000596770	5.3664063255E-9	-0.0000031099	1.1000000000E-9	8.000	32.100
6/18/2022	5:48 AM	-0.2778478300	39.700	23.000	25.000	0.0000010000	-0.0000596728	7.9611142177E-9	-0.0000031132	6.2980871798E-10	8.000	32.200
6/18/2022	5:49 AM	-0.2803622900	39.700	23.000	25.000	0.0000010000	-0.0000596762	7.6180290917E-9	-0.0000031181	6.3429646484E-10	8.000	32.200
6/18/2022	5:50 AM	-0.2828767500	39.700	23.000	25.000	0.0000010000	-0.0000596781	9.9151103599E-9	-0.0000031173	2.2247448714E-10	8.000	32.200
6/18/2022	5:50 AM	-0.2853912100	39.700	23.000	25.000	0.0000010000	-0.0000596925	7.6334997663E-9	-0.0000031122	8.2739529308E-10	8.000	32.200
6/18/2022	5:51 AM	-0.2879056700	39.700	23.000	25.000	0.0000010000	-0.0000596987	5.7682764881E-9	-0.0000031110	1.0918007434E-9	8.000	32.100
6/18/2022	5:52 AM	-0.2904201300	39.700	23.000	25.000	0.0000010000	-0.0000596858	1.0531873209E-8	-0.0000031123	4.7855777343E-10	8.000	32.200
6/18/2022	5:52 AM	-0.2929345900	39.700	23.000	25.000	0.0000010000	-0.0000596810	9.7753106381E-9	-0.0000031243	7.2166385809E-10	8.000	32.200
6/18/2022	5:53 AM	-0.2954490500	42.900	23.000	25.000	0.0000010000	-0.0000596905	8.3601045854E-9	-0.0000031291	7.5717058189E-10	8.000	32.200
6/18/2022	5:54 AM	-0.2979635100	42.900	23.000	25.000	0.0000010000	-0.0000596825	7.2359358920E-9	-0.0000031056	9.5355339059E-10	8.000	32.200
6/18/2022	5:55 AM	-0.3004779700	42.900	23.000	25.000	0.0000010000	-0.0000596861	5.1530397394E-9	-0.0000031346	1.3222215086E-9	8.000	32.100
6/18/2022	5:55 AM	-0.3004779700	42.900	23.000	25.000	0.0000010000	-0.0000596809	7.8274677698E-9	-0.0000031092	1.4901545560E-9	8.000	32.100
6/18/2022	5:56 AM	-0.2979635100	42.900	23.000	25.000	0.0000010000	-0.0000596787	1.0363864711E-8	-0.0000031158	4.7863046408E-10	8.000	32.200
6/18/2022	5:57 AM	-0.2954490500	42.900	23.000	25.000	0.0000010000	-0.0000596769	9.2542646329E-9	-0.0000031233	8.4031242374E-10	8.000	32.200
6/18/2022	5:57 AM	-0.2929345900	42.900	23.000	25.000	0.0000010000	-0.0000596808	9.6246244753E-9	-0.0000031271	9.9865437593E-10	8.000	32.100
6/18/2022	5:58 AM	-0.2904201300	42.900	23.000	25.000	0.0000010000	-0.0000596776	6.4443922055E-9	-0.0000030579	5.5132072759E-9	8.000	32.200
6/18/2022	5:59 AM	-0.2879056700	42.900	23.000	25.000	0.0000010000	-0.0000596820	7.4443939136E-9	-0.0000031105	7.0710678119E-10	8.000	32.200
6/18/2022	5:59 AM	-0.2853912100	42.900	23.000	25.000	0.0000010000	-0.0000596816	4.5394655519E-9	-0.0000031184	4.4966147775E-10	8.000	32.200
6/18/2022	6:00 AM	-0.2828767500	42.900	23.000	25.000	0.0000010000	-0.0000596829	7.8492095176E-9	-0.0000031064	1.4907764351E-9	8.000	32.200
6/18/2022	6:01 AM	-0.2803622900	42.900	23.000	25.000	0.0000010000	-0.0000596739	6.0084602058E-9	-0.0000031157	6.3385391260E-10	8.000	32.200
6/18/2022	6:01 AM	-0.2778478300	42.900	23.000	25.000	0.0000010000	-0.0000596897	6.5273637003E-9	-0.0000031203	3.4494897428E-10	8.000	32.100
6/18/2022	6:02 AM	-0.2753333700	42.900	23.000	25.000	0.0000010000	-0.0000596825	6.5091362588E-9	-0.0000031029	2.3911452444E-9	8.000	32.200
6/18/2022	6:03 AM	-0.2728189100	42.900	23.000	25.001	0.0000010000	-0.0000596883	7.1011399786E-9	-0.0000031267	4.9154759474E-10	8.000	32.100
6/18/2022	6:04 AM	-0.2703044500	42.900	23.000	25.001	0.0000010000	-0.0000596887	6.8782693237E-9	-0.0000031055	9.3186001849E-10	8.000	32.100
6/18/2022	6:04 AM	-0.2677899900	42.900	23.000	25.000	0.0000010000	-0.0000596842	8.7593387423E-9	-0.0000031294	1.0025581909E-9	8.000	32.100
6/18/2022	6:05 AM	-0.2652755300	42.900	23.000	25.000	0.0000010000	-0.0000596732	4.4572949821E-9	-0.0000031204	7.6588924377E-10	8.000	32.100
6/18/2022	6:06 AM	-0.2627610700	42.900	23.000	25.000	0.0000010000	-0.0000596825	5.4358670135E-9	-0.0000031222	6.6571333342E-10	8.000	32.100
6/18/2022	6:06 AM	-0.2602466100	42.900	23.000	25.000	0.0000010000	-0.0000596864	7.3348400135E-9	-0.0000031205	1.2755078363E-9	8.000	32.100
6/18/2022	6:07 AM	-0.2577321500	42.900	23.000	25.000	0.0000010000	-0.0000596819	7.9630215745E-9	-0.0000031256	7.5192024052E-10	8.000	32.100
6/18/2022	6:08 AM	-0.2552176900	42.900	23.000	25.000	0.0000010000	-0.0000596792	6.7609361297E-9	-0.0000031071	1.1169491021E-9	8.000	32.100
6/18/2022	6:08 AM	-0.2527032300	42.900	23.000	25.000	0.0000010000	-0.0000596972	5.5251942448E-9	-0.0000031245	4.5495097568E-10	8.000	32.100
6/18/2022	6:09 AM	-0.2501887700	42.900	23.000	25.000	0.0000010000	-0.0000596931	5.5401595730E-9	-0.0000031036	1.7048711418E-9	8.000	32.100
6/18/2022	6:10 AM	-0.2476743100	42.900	23.000	25.000	0.0000010000	-0.0000596896	7.6527333005E-9	-0.0000031128	8.9206987131E-10	8.000	32.100
6/18/2022	6:10 AM	-0.2451598500	42.900	23.000	25.000	0.0000010000	-0.0000596769	7.1616406435E-9	-0.0000031092	5.3011626335E-10	8.000	32.100
6/18/2022	6:11 AM	-0.2426453900	42.900	23.000	25.000	0.0000010000	-0.0000596832	6.9750119921E-9	-0.0000031153	8.9206987131E-10	8.000	32.100
6/18/2022	6:12 AM	-0.2401309300	42.900	23.000	25.000	0.0000010000	-0.0000596735	9.2683517480E-9	-0.0000031161	1.2455915849E-9	8.000	32.100
6/18/2022	6:12 AM	-0.2376164700	42.900	23.000	25.000	0.0000010000	-0.0000596811	1.0088223139E-8	-0.0000031117	4.7855777343E-10	8.000	32.100
6/18/2022	6:13 AM	-0.2351020100	42.900	23.000	25.000	0.0000010000	-0.0000596757	6.7116850427E-9	-0.0000031571	2.9391001498E-9	8.000	32.100
6/18/2022	6:14 AM	-0.2325875500	42.900	23.000	25.000	0.0000010000	-0.0000596765	9.3723173158E-9	-0.0000031086	8.7413930606E-10	8.000	32.100
6/18/2022	6:14 AM	-0.2300730900	42.900	23.000	25.000	0.0000010000	-0.0000596711	6.0136211072E-9	-0.0000031243	1.1409532330E-9	8.000	32.100
6/18/2022	6:15 AM	-0.2275586300	42.900	23.000	25.000	0.0000010000	-0.0000596807	7.4289654005E-9	-0.0000031212	8.8881944173E-10	8.000	32.100
6/18/2022	6:16 AM	-0.2250441700	42.900	23.000	25.000	0.0000010000	-0.0000596816	9.8700790342E-9	-0.0000031208	5.6368092477E-10	8.000	32.100
6/18/2022	6:16 AM	-0.2225297100	42.900	23.000	25.000	0.0000010000	-0.0000596824	7.8647818800E-9	-0.0000031086	9.0471787406E-10	8.000	32.100
6/18/2022	6:17 AM	-0.2200152500	42.900	23.000	25.000	0.0000010000	-0.0000596856	6.6451785117E-9	-0.0000031215	5.8615541191E-10	8.000	32.100
6/18/2022	6:18 AM	-0.2175007900	42.900	23.000	25.000	0.0000010000	-0.0000596796	6.0350866910E-9	-0.0000031240	1.3239134515E-9	8.000	32.100
6/18/2022	6:19 AM	-0.2149863300	42.900	23.000	25.000	0.0000010000	-0.0000596796	3.2610990593E-9	-0.0000030736	4.7662875755E-9	8.000	32.100
6/18/2022	6:19 AM	-0.2124718700	42.900	23.000	25.000	0.0000010000	-0.0000596772	6.2260436624E-9	-0.0000031167	3.5495097568E-10	8.000	32.100
6/18/2022	6:20 AM	-0.2099574100	42.900	23.000	25.000	0.0000010000	-0.0000596809	7.0191572643E-9	-0.0000030950	1.8605058775E-9	8.000	32.100
6/18/2022	6:21 AM	-0.2074429500	42.900	23.000	25.000	0.0000010000	-0.0000596822	9.8917538716E-9	-0.0000031235	3.2247448714E-10	8.000	32.100
6/18/2022	6:21 AM	-0.2049284900	42.900	23.000	25.000	0.0000010000	-0.0000596982	8.0881250310E-9	-0.0000031120	1.7409970831E-9	8.000	32.100
6/18/2022	6:22 AM	-0.2024140300	42.900	23.000	25.000	0.0000010000	-0.0000596816	6.6374773865E-9	-0.0000031187	5.3851648071E-10	8.000	32.100
6/18/2022	6:23 AM	-0.1998995700	42.900	23.000	25.000	0.0000010000	-0.0000596662	7.9264644284E-9	-0.0000031153	2.8708286934E-10	8.000	32.100
6/18/2022	6:23 AM	-0.1973851100	42.900	23.000	25.000	0.0000010000	-0.0000596831	1.1824079772E-8	-0.0000031193	6.0850436627E-10	8.000	32.100
6/18/2022	6:24 AM	-0.1948706500	42.900	23.000	25.000	0.0000010000	-0.0000596826	8.6526119463E-9	-0.0000031243	4.1402208188E-10	8.000	32.100
6/18/2022	6:25 AM	-0.1923561900	42.900	23.000	25.000	0.0000010000	-0.0000596793	8.2820945665E-9	-0.0000031103	3.8708286934E-10	7.900	32.100
6/18/2022	6:25 AM	-0.1898417300	42.900	23.000	25.000	0.0000010000	-0.0000596840	7.2105172181E-9	-0.0000031146	1.0770329614E-9	8.000	32.100
6/18/2022	6:26 AM	-0.1873272700	42.900	23.000	25.000	0.0000010000	-0.0000596963	7.4956726494E-9	-0.0000031236	7.1863190045E-10	8.000	32.100
6/18/2022	6:27 AM	-0.1848128100	42.900	23.000	25.000	0.0000010000	-0.0000596868	6.0719571042E-9	-0.0000031225	1.1741663363E-9	7.900	32.100
6/18/2022	6:27 AM	-0.1822983500	42.900	23.000	25.000	0.0000010000	-0.0000596883	6.5382003671E-9	-0.0000031110	1.4679596916E-9	8.000	32.100
6/18/2022	6:28 AM	-0.1797838900	42.900	23.000	25.000	0.0000010000	-0.0000596858	7.2563563134E-9	-0.0000031114	1.0432124137E-9	7.900	32.100
6/18/2022	6:29 AM	-0.1772694300	42.900	23.000	25.000	0.0000010000	-0.0000596755	8.3198878099E-9	-0.0000031067	1.2993347167E-9	8.000	32.100
6/18/2022	6:29 AM	-0.1747549700	42.900	23.000	25.000	0.0000010000	-0.0000596783	9.2232702602E-9	-0.0000031202	1.3496831821E-9	7.900	32.100
6/18/2022	6:30 AM	-0.1722405100	42.900	23.000	25.000	0.0000010000	-0.0000596889	1.0234146395E-8	-0.0000031165	1.2153457437E-9	7.900	32.100
6/18/2022	6:31 AM	-0.1697260500	42.900	23.000	25.000	0.0000010000	-0.0000596796	8.1381389340E-9	-0.0000031205	6.3245553203E-10	7.900	32.100
6/18/2022	6:31 AM	-0.1672115900	42.900	23.000	25.000	0.0000010000	-0.0000596769	1.1617476018E-8	-0.0000031069	6.6142451836E-10	7.900	32.100
6/18/2022	6:32 AM	-0.1646971300	42.900	23.000	25.000	0.0000010000	-0.0000596980	1.0228351967E-8	-0.0000031192	2.2247448714E-10	7.900	32.100
6/18/2022	6:33 AM	-0.1621826700	42.900	23.000	25.000	0.0000010000	-0.0000596822	9.6948006264E-9	-0.0000031261	1.0041522987E-9	7.900	32.100
6/18/2022	6:33 AM	-0.1596682100	42.900	23.000	25.000	0.0000010000	-0.0000596678	9.0170350976E-9	-0.0000031032	2.2916500663E-9	7.900	32.100
6/18/2022	6:34 AM	-0.1571537500	42.900	23.000	25.000	0.0000010000	-0.0000596726	9.4979633570E-9	-0.0000031148	3.3911649916E-10	7.900	32.100
6/18/2022	6:35 AM	-0.1546392900	42.900	23.000	25.000	0.0000010000	-0.0000596858	8.5064367483E-9	-0.0000031185	6.6099096785E-10	7.900	32.100
6/18/2022	6:35 AM	-0.1521248300	42.900	23.000	25.000	0.0000010000	-0.0000596835	7.0418275942E-9	-0.0000031196	7.6278691088E-10	7.900	32.100
6/18/2022	6:36 AM	-0.1496103700	42.900	23.000	25.000	0.0000010000	-0.0000596822	5.2402514324E-9	-0.0000031288	1.3938179790E-9	7.900	32.100
6/18/2022	6:37 AM	-0.1470959100	42.900	23.000	25.000	0.0000010000	-0.0000596881	5.6016898901E-9	-0.0000031163	8.4833147735E-10	7.900	32.100
6/18/2022	6:37 AM	-0.1445814500	42.900	23.000	25.000	0.0000010000	-0.0000596808	8.7902760196E-9	-0.0000031159	4.4203384502E-10	7.900	32.100
6/18/2022	6:38 AM	-0.1420669900	42.900	23.000	25.000	0.0000010000	-0.0000596760	9.7315847247E-9	-0.0000031314	1.3460250527E-9	7.900	32.100
6/18/2022	6:39 AM	-0.1395525300	42.900	23.000	25.000	0.0000010000	-0.0000596794	8.3172973675E-9	-0.0000031150	1.2840192568E-9	7.900	32.100
6/18/2022	6:39 AM	-0.1370380700	42.900	23.000	25.000	0.0000010000	-0.0000596865	8.3205532805E-9	-0.0000031245	6.3385391260E-10	7.900	32.100
6/18/2022	6:40 AM	-0.1345236100	42.900	23.000	25.000	0.0000010000	-0.0000596853	9.9571520100E-9	-0.0000031078	1.2950784271E-9	7.900	32.100
6/18/2022	6:41 AM	-0.1320091500	42.900	23.000	25.000	0.0000010000	-0.0000596748	1.0216727046E-8	-0.0000031289	8.6391922149E-10	7.900	32.100
6/18/2022	6:41 AM	-0.1294946900	42.900	23.000	25.000	0.0000010000	-0.0000596874	9.0858172654E-9	-0.0000031207	8.2958126833E-10	7.900	32.100
6/18/2022	6:42 AM	-0.1269802300	42.900	23.000	25.000	0.0000010000	-0.0000596694	6.2910368400E-9	-0.0000031153	1.0444289329E-9	7.900	32.100
6/18/2022	6:43 AM	-0.1244657700	42.900	23.000	25.000	0.0000010000	-0.0000596834	8.3089108150E-9	-0.0000031264	6.4031242374E-10	7.900	32.100
6/18/2022	6:43 AM	-0.1219513100	42.900	23.000	25.000	0.0000010000	-0.0000596880	4.5117371465E-9	-0.0000031214	4.5355339059E-10	7.900	32.100
6/18/2022	6:44 AM	-0.1194368500	42.900	23.000	25.000	0.0000010000	-0.0000596932	1.0542982109E-8	-0.0000031237	8.9526339942E-10	7.900	32.100
6/18/2022	6:45 AM	-0.1169223900	42.900	23.000	25.000	0.0000010000	-0.0000596755	1.2562777465E-8	-0.0000031083	1.2455915849E-9	7.900	32.100
6/18/2022	6:46 AM	-0.1144079300	42.900	23.000	25.000	0.0000010000	-0.0000596874	6.7920826466E-9	-0.0000031260	1.0525282490E-9	7.900	32.100
6/18/2022	6:46 AM	-0.1118934700	42.900	23.000	25.000	0.0000010000	-0.0000596851	5.0540905531E-9	-0.0000031358	5.9328478957E-10	7.900	32.100
6/18/2022	6:47 AM	-0.1093790100	42.900	23.000	25.000	0.0000010000	-0.0000596848	5.7010441767E-9	-0.0000030660	4.3386002788E-9	7.900	32.100
6/18/2022	6:48 AM	-0.1068645500	42.900	23.000	25.001	0.0000010000	-0.0000596895	5.7539005682E-9	-0.0000031150	3.2247448714E-10	7.900	32.100
6/18/2022	6:48 AM	-0.1043500900	42.900	23.000	25.000	0.0000010000	-0.0000596757	1.0760362806E-8	-0.0000031196	8.0428200203E-10	7.900	32.100
6/18/2022	6:49 AM	-0.1018356300	42.900	23.000	25.000	0.0000010000	-0.0000596855	1.0239190501E-8	-0.0000030720	4.9458550444E-9	7.900	32.100
6/18/2022	6:50 AM	-0.0993211700	42.900	23.000	25.000	0.0000010000	-0.0000596694	6.8476670308E-9	-0.0000031133	5.6368092477E-10	7.900	32.100
6/18/2022	6:50 AM	-0.0968067100	42.900	23.000	25.000	0.0000010000	-0.0000596760	6.8373045457E-9	-0.0000031206	5.1515439249E-10	7.900	32.100
6/18/2022	6:51 AM	-0.0942922500	42.900	23.000	25.000	0.0000010000	-0.0000596740	5.1590862874E-9	-0.0000031255	1.0204836823E-9	7.900	32.100
6/18/2022	6:52 AM	-0.0917777900	42.900	23.000	25.000	0.0000010000	-0.0000596813	6.0403467349E-9	-0.0000031164	3.2247448714E-10	7.900	32.100
6/18/2022	6:52 AM	-0.0892633300	42.900	23.000	25.000	0.0000010000	-0.0000596799	5.8113783087E-9	-0.0000031209	6.5372306110E-10	7.900	32.100
6/18/2022	6:53 AM	-0.0867488700	42.900	23.000	25.000	0.0000010000	-0.0000596795	9.5067808544E-9	-0.0000031157	1.6072664040E-9	7.900	32.100
6/18/2022	6:54 AM	-0.0842344100	37.500	23.000	25.000	0.0000010000	-0.0000596694	6.2741436431E-9	-0.0000031113	2.5495097568E-10	7.900	32.100
6/18/2022	6:55 AM	-0.0817199500	37.500	23.000	25.000	0.0000010000	-0.0000596785	1.0518796782E-8	-0.0000031253	6.0850436627E-10	7.900	32.100
6/18/2022	6:55 AM	-0.0792054900	37.500	23.000	25.000	0.0000010000	-0.0000596871	4.7650557338E-9	-0.0000030894	5.6084641955E-9	7.900	32.100
6/18/2022	6:56 AM	-0.0766910300	37.500	23.000	25.000	0.0000010000	-0.0000596839	5.8601049192E-9	-0.0000031129	8.9526339942E-10	7.900	32.100
6/18/2022	6:57 AM	-0.0741765700	37.500	23.000	25.000	0.0000010000	-0.0000596721	7.7332473734E-9	-0.0000031255	1.0183706750E-9	7.900	32.100
6/18/2022	6:57 AM	-0.0716621100	37.500	23.000	25.000	0.0000010000	-0.0000596764	1.2467659390E-8	-0.0000031294	4.3011626335E-10	7.900	32.100
6/18/2022	6:58 AM	-0.0691476500	37.500	23.000	25.000	0.0000010000	-0.0000596800	6.1828909375E-9	-0.0000031245	1.1578667392E-9	7.900	32.100
6/18/2022	6:59 AM	-0.0666331900	37.500	23.000	25.000	0.0000010000	-0.0000596850	7.0166733602E-9	-0.0000031079	1.2677078252E-9	7.900	32.100
6/18/2022	6:59 AM	-0.0641187300	37.500	23.000	25.001	0.0000010000	-0.0000596752	5.6466301239E-9	-0.0000031027	1.0276472679E-9	7.900	32.100
6/18/2022	7:00 AM	-0.0616042700	37.500	23.000	25.000	0.0000010000	-0.0000596763	4.0942365961E-9	-0.0000031117	1.3002433073E-9	7.900	32.100
6/18/2022	7:01 AM	-0.0590898100	37.500	23.000	25.000	0.0000010000	-0.0000596877	1.0062460967E-8	-0.0000031062	1.7599554191E-9	7.900	32.100
6/18/2022	7:01 AM	-0.0565753500	37.500	23.000	25.000	0.0000010000	-0.0000596872	6.8031497635E-9	-0.0000030911	2.9475573105E-9	7.900	32.100
6/18/2022	7:02 AM	-0.0540608900	37.500	23.000	25.000	0.0000010000	-0.0000596826	6.5861615027E-9	-0.0000031120	3.7742546282E-10	7.900	32.100
6/18/2022	7:03 AM	-0.0515464300	37.500	23.000	25.000	0.0000010000	-0.0000596671	7.9513459024E-9	-0.0000031151	2.2150909604E-9	7.900	32.100
6/18/2022	7:03 AM	-0.0490319700	37.500	23.000	25.000	0.0000010000	-0.0000596895	7.8805728089E-9	-0.0000031224	5.6368092477E-10	7.900	32.100
6/18/2022	7:04 AM	-0.0465175100	37.500	23.000	25.000	0.0000010000	-0.0000596868	7.5204367865E-9	-0.0000031159	8.6163530729E-10	7.900	32.100
6/18/2022	7:05 AM	-0.0440030500	37.500	23.000	25.000	0.0000010000	-0.0000596798	7.4578998138E-9	-0.0000031055	1.6195069567E-9	7.900	32.000
6/18/2022	7:05 AM	-0.0414885900	37.500	23.000	25.000	0.0000010000	-0.0000596806	7.6377433154E-9	-0.0000031039	7.5355339059E-10	7.900	32.100
6/18/2022	7:06 AM	-0.0389741300	0.900	23.000	25.000	0.0000010000	-0.0000596759	8.4264411426E-9	-0.0000031186	5.6368092477E-10	7.900	32.100
6/18/2022	7:07 AM	-0.0364596700	37.500	23.000	25.000	0.0000010000	-0.0000596704	1.0247675143E-8	-0.0000031283	5.9328478957E-10	7.900	32.100
6/18/2022	7:08 AM	-0.0339452100	37.500	23.000	25.000	0.0000010000	-0.0000596811	6.5299300289E-9	-0.0000031275	1.4956692968E-9	7.900	32.100
6/18/2022	7:08 AM	-0.0314307500	37.500	23.000	25.000	0.0000010000	-0.0000596834	6.4691289871E-9	-0.0000031168	4.6368092477E-10	7.900	32.100
6/18/2022	7:09 AM	-0.0289162900	37.500	23.000	25.000	0.0000010000	-0.0000596822	5.7516990056E-9	-0.0000031228	6.0850436627E-10	7.900	32.100
6/18/2022	7:10 AM	-0.0264018300	37.500	23.000	25.000	0.0000010000	-0.0000596740	7.1384098786E-9	-0.0000031236	5.2553734443E-10	7.900	32.100
6/18/2022	7:10 AM	-0.0238873700	37.500	23.000	25.000	0.0000010000	-0.0000596793	7.1710711722E-9	-0.0000031242	8.3006407546E-10	7.900	32.100
6/18/2022	7:11 AM	-0.0213729100	37.500	23.000	25.000	0.0000010000	-0.0000596720	1.0561753331E-8	-0.0000031054	1.1813159295E-9	7.900	32.100
6/18/2022	7:12 AM	-0.0188584500	0.900	23.000	25.000	0.0000010000	-0.0000596645	5.9150609940E-9	-0.0000031149	6.8506723903E-10	7.900	32.100
6/18/2022	7:12 AM	-0.0163439900	37.500	23.000	25.000	0.0000010000	-0.0000596755	8.2438971236E-9	-0.0000031136	1.0000000000E-10	7.900	32.100
6/18/2022	7:13 AM	-0.0138295300	37.500	23.000	25.000	0.0000010000	-0.0000596778	6.7499719341E-9	-0.0000031276	4.6094414809E-10	7.900	32.100
6/18/2022	7:14 AM	-0.0113150700	37.500	23.000	25.000	0.0000010000	-0.0000596856	7.1377153923E-9	-0.0000031151	6.5372306110E-10	7.900	32.100
6/18/2022	7:14 AM	-0.0088006100	37.500	23.000	25.000	0.0000010000	-0.0000596723	7.2921529046E-9	-0.0000031162	8.1723431537E-10	7.900	32.100
6/18/2022	7:15 AM	-0.0062861500	37.500	23.000	25.000	0.0000010000	-0.0000596676	7.8412330590E-9	-0.0000031167	4.7855777343E-10	7.900	32.100
6/18/2022	7:16 AM	-0.0037716900	37.500	23.000	25.000	0.0000010000	-0.0000596734	1.0109130778E-8	-0.0000031132	3.6742346142E-10	7.900	32.100
6/18/2022	7:16 AM	-0.0012572300	37.500	23.000	25.000	0.0000010000	-0.0000596768	6.1933620891E-9	-0.0000031294	5.3385391260E-10	7.900	32.000
6/18/2022	7:17 AM	0.0012572300	37.500	23.000	25.000	0.0000010000	-0.0000596781	7.6991380013E-9	-0.0000031361	1.1000000000E-9	7.900	32.100
6/18/2022	7:18 AM	0.0037716900	37.500	23.000	25.000	0.0000010000	-0.0000596750	9.6663421890E-9	-0.0000031115	3.7742546282E-10	7.900	32.100
6/18/2022	7:19 AM	0.0062861500	37.500	23.000	25.000	0.0000010000	-0.0000596749	5.7392732331E-9	-0.0000031234	9.5166481892E-10	7.900	32.100
6/18/2022	7:19 AM	0.0088006100	37.500	23.000	25.000	0.0000010000	-0.0000596798	6.3420610622E-9	-0.0000031172	6.5632839974E-10	7.900	32.100
6/18/2022	7:20 AM	0.0113150700	0.900	23.000	25.000	0.0000010000	-0.0000596748	8.2423931855E-9	-0.0000031181	8.7732985885E-10	7.900	32.000
6/18/2022	7:21 AM	0.0138295300	0.900	23.000	25.000	0.0000010000	-0.0000596687	7.5181338246E-9	-0.0000031063	8.8881944173E-10	7.900	32.100
6/18/2022	7:21 AM	0.0163439900	37.500	23.000	25.000	0.0000010000	-0.0000596787	5.6860392830E-9	-0.0000031175	1.2806248475E-9	7.900	32.100
6/18/2022	7:22 AM	0.0188584500	37.500	23.000	25.000	0.0000010000	-0.0000596763	9.5467070145E-9	-0.0000031316	1.1995074486E-9	7.900	32.000
6/18/2022	7:23 AM	0.0213729100	37.500	23.000	25.000	0.0000010000	-0.0000596607	6.7996109441E-9	-0.0000031280	2.3882422756E-9	7.900	32.000
6/18/2022	7:23 AM	0.0238873700	37.500	23.000	25.000	0.0000010000	-0.0000596849	7.2499198553E-9	-0.0000031249	8.0428200203E-10	7.900	32.000
6/18/2022	7:24 AM	0.0264018300	37.500	23.000	25.000	0.0000010000	-0.0000596737	9.1687942049E-9	-0.0000031164	9.2158383626E-10	7.900	32.100
6/18/2022	7:25 AM	0.0289162900	37.500	23.000	25.000	0.0000010000	-0.0000596764	9.1856423003E-9	-0.0000031046	7.9123516802E-10	7.900	32.000
6/18/2022	7:25 AM	0.0314307500	37.500	23.000	25.000	0.0000010000	-0.0000596829	6.4257858250E-9	-0.0000031250	8.8350228320E-10	7.900	32.000
6/18/2022	7:26 AM	0.0339452100	37.500	23.000	25.000	0.0000010000	-0.0000596787	7.3910162835E-9	-0.0000031046	1.0441161403E-9	7.900	32.000
6/18/2022	7:27 AM	0.0364596700	37.500	23.000	25.000	0.0000010000	-0.0000596750	5.5657365120E-9	-0.0000031321	1.2012231283E-9	7.900	32.100
6/18/2022	7:28 AM	0.0389741300	37.500	23.000	25.000	0.0000010000	-0.0000596902	9.2630007847E-9	-0.0000030641	5.1305172142E-9	7.900	32.000
6/18/2022	7:28 AM	0.0414885900	37.500	23.000	25.000	0.0000010000	-0.0000596720	6.0345075197E-9	-0.0000031263	1.6636631047E-9	7.900	32.100
6/18/2022	7:29 AM	0.0440030500	37.500	23.000	25.000	0.0000010000	-0.0000596778	6.1645361701E-9	-0.0000031203	1.2247448714E-10	7.900	32.100
6/18/2022	7:30 AM	0.0465175100	37.500	23.000	25.000	0.0000010000	-0.0000596809	7.2836115157E-9	-0.0000031037	7.6278691088E-10	7.900	32.000
6/18/2022	7:30 AM	0.0490319700	37.500	23.000	25.000	0.0000010000	-0.0000596735	7.9070573177E-9	-0.0000031106	5.0990195136E-10	7.900	32.000
6/18/2022	7:31 AM	0.0515464300	37.500	23.000	25.000	0.0000010000	-0.0000596851	7.0389654803E-9	-0.0000031188	4.7863046408E-10	7.900	32.000
6/18/2022	7:32 AM	0.0540608900	37.500	23.000	25.000	0.0000010000	-0.0000596821	7.2944601900E-9	-0.0000031173	1.0354624754E-9	7.900	32.000
6/18/2022	7:32 AM	0.0565753500	37.500	23.000	25.000	0.0000010000	-0.0000596765	9.9458926325E-9	-0.0000031294	1.0841646071E-9	7.900	32.000
6/18/2022	7:33 AM	0.0590898100	37.500	23.000	25.000	0.0000010000	-0.0000596745	7.5002003409E-9	-0.0000031116	6.4510098534E-10	7.900	32.000
6/18/2022	7:34 AM	0.0616042700	37.500	23.000	25.000	0.0000010000	-0.0000596824	8.3787268920E-9	-0.0000031116	1.4413868834E-9	7.900	32.000
6/18/2022	7:34 AM	0.0641187300	37.500	23.000	25.000	0.0000010000	-0.0000596799	7.4498424270E-9	-0.0000031011	1.9007667683E-9	7.900	32.000
6/18/2022	7:35 AM	0.0666331900	37.500	23.000	25.000	0.0000010000	-0.0000596826	6.2669559010E-9	-0.0000031126	1.0091825995E-9	7.900	32.000
6/18/2022	7:36 AM	0.0691476500	0.900	23.000	25.000	0.0000010000	-0.0000596780	8.5483181811E-9	-0.0000031271	8.0438357199E-10	7.900	32.000
6/18/2022	7:36 AM	0.0716621100	37.500	23.000	25.000	0.0000010000	-0.0000596772	4.2666434616E-9	-0.0000031161	5.8615541191E-10	7.900	32.000
6/18/2022	7:37 AM	0.0741765700	37.500	23.000	25.000	0.0000010000	-0.0000596791	7.1896337261E-9	-0.0000031296	5.0620192023E-10	7.900	32.000
6/18/2022	7:38 AM	0.0766910300	37.500	23.000	25.000	0.0000010000	-0.0000596753	7.8795437913E-9	-0.0000031220	0.0000000000E+0	7.900	32.000
6/18/2022	7:38 AM	0.0792054900	37.500	23.000	25.000	0.0000010000	-0.0000596779	4.9966237950E-9	-0.0000031202	1.2877227173E-9	7.900	32.000
6/18/2022	7:39 AM	0.0817199500	37.500	23.000	25.000	0.0000010000	-0.0000596731	8.4434632567E-9	-0.0000030998	1.8504180141E-9	7.900	32.000
6/18/2022	7:40 AM	0.0842344100	37.500	23.000	25.000	0.0000010000	-0.0000596767	6.7020279921E-9	-0.0000031306	2.4382085378E-9	7.900	32.000
6/18/2022	7:40 AM	0.0867488700	37.500	23.000	25.000	0.0000010000	-0.0000596816	9.2359594917E-9	-0.0000031204	4.1402208188E-10	7.900	32.000
6/18/2022	7:41 AM	0.0892633300	37.500	23.000	25.000	0.0000010000	-0.0000596787	4.4987951119E-9	-0.0000031236	5.4649857042E-10	7.900	32.000
6/18/2022	7:42 AM	0.0917777900	37.500	23.000	25.000	0.0000010000	-0.0000596794	1.1737366952E-8	-0.0000031197	6.2179480778E-10	7.900	32.000
6/18/2022	7:42 AM	0.0942922500	37.500	23.000	25.000	0.0000010000	-0.0000596846	8.9007592155E-9	-0.0000031124	4.9154759474E-10	7.900	32.000
6/18/2022	7:43 AM	0.0968067100	37.500	23.000	25.000	0.0000010000	-0.0000596770	8.6145538644E-9	-0.0000031245	3.5355339059E-10	7.900	32.000
6/18/2022	7:44 AM	0.0993211700	37.500	23.000	25.000	0.0000010000	-0.0000596817	7.3009697846E-9	-0.0000031002	2.1374533712E-9	7.900	32.000
6/18/2022	7:44 AM	0.1018356300	37.500	23.000	25.000	0.0000010000	-0.0000596790	4.7310971282E-9	-0.0000031238	8.3006407546E-10	7.900	32.000
6/18/2022	7:45 AM	0.1043500900	37.500	23.000	25.000	0.0000010000	-0.0000596922	4.7576204917E-9	-0.0000031185	3.7416573868E-10	7.900	32.000
6/18/2022	7:46 AM	0.1068645500	37.500	23.000	25.000	0.0000010000	-0.0000596831	5.6728119901E-9	-0.0000031266	1.1998427010E-9	7.900	32.000
6/18/2022	7:46 AM	0.1093790100	37.500	23.000	25.000	0.0000010000	-0.0000596740	8.2204436281E-9	-0.0000031345	6.6099096785E-10	7.900	32.000
6/18/2022	7:47 AM	0.1118934700	37.500	23.000	25.000	0.0000010000	-0.0000596748	4.8571596136E-9	-0.0000031253	1.1803670365E-9	7.900	32.000
6/18/2022	7:48 AM	0.1144079300	37.500	23.000	25.000	0.0000010000	-0.0000596709	5.8379837081E-9	-0.0000030870	4.1938594539E-9	7.900	32.000
6/18/2022	7:48 AM	0.1169223900	37.500	23.000	25.000	0.0000010000	-0.0000596692	7.2062862854E-9	-0.0000047166	2.2247448714E-10	7.900	32.000
6/18/2022	7:49 AM	0.1194368500	37.500	23.000	25.000	0.0000010000	-0.0000596747	7.5737846898E-9	-0.0000047125	1.2319883720E-9	7.900	32.000
6/18/2022	7:50 AM	0.1219513100	37.500	23.000	25.000	0.0000010000	-0.0000596677	5.4890567018E-9	-0.0000047028	1.9394133229E-9	7.900	32.000
6/18/2022	7:51 AM	0.1244657700	37.500	23.000	25.000	0.0000010000	-0.0000596695	7.3348956554E-9	-0.0000047144	5.9328478957E-10	7.900	32.000
6/18/2022	7:51 AM	0.1269802300	37.500	23.000	25.000	0.0000010000	-0.0000596642	8.0136892610E-9	-0.0000047106	6.2360679775E-10	7.900	32.000
6/18/2022	7:52 AM	0.1294946900	37.500	23.000	25.000	0.0000010000	-0.0000596755	7.5083909621E-9	-0.0000047235	3.5355339059E-10	7.900	32.000
6/18/2022	7:53 AM	0.1320091500	37.500	23.000	25.000	0.0000010000	-0.0000596732	7.8308246922E-9	-0.0000047237	1.0025581909E-9	7.900	32.000
6/18/2022	7:53 AM	0.1345236100	39.400	23.000	25.000	0.0000010000	-0.0000596708	6.0518511722E-9	-0.0000047293	9.4124180247E-10	7.900	32.000
6/18/2022	7:54 AM	0.1370380700	39.400	23.000	25.000	0.0000010000	-0.0000596736	9.2654099631E-9	-0.0000047000	1.3331809275E-9	7.900	32.000
6/18/2022	7:55 AM	0.1395525300	39.400	23.000	25.000	0.0000010000	-0.0000596666	8.4249889735E-9	-0.0000047058	1.0273618495E-9	7.900	32.000
6/18/2022	7:55 AM	0.1420669900	39.400	23.000	25.000	0.0000010000	-0.0000596718	9.4704069925E-9	-0.0000047082	3.0955735648E-10	7.900	32.000
6/18/2022	7:56 AM	0.1445814500	39.400	23.000	25.000	0.0000010000	-0.0000596712	6.4580940451E-9	-0.0000047011	7.5522851952E-10	7.900	32.000
6/18/2022	7:57 AM	0.1470959100	39.400	23.000	25.000	0.0000010000	-0.0000596710	5.7526643378E-9	-0.0000047083	1.2585015750E-9	7.900	32.000
6/18/2022	7:57 AM	0.1496103700	39.400	23.000	25.000	0.0000010000	-0.0000596766	7.4957393629E-9	-0.0000047072	4.1402208188E-10	7.900	32.000
6/18/2022	7:58 AM	0.1521248300	39.400	23.000	25.000	0.0000010000	-0.0000596642	6.6052710277E-9	-0.0000047243	6.0850436627E-10	7.900	32.000
6/18/2022	7:59 AM	0.1546392900	39.400	23.000	25.000	0.0000010000	-0.0000596651	4.8499785847E-9	-0.0000047195	3.7742546282E-10	7.900	32.000
6/18/2022	7:59 AM	0.1571537500	39.400	23.000	25.000	0.0000010000	-0.0000596722	8.7671298132E-9	-0.0000046854	2.1354156504E-9	7.900	32.000
6/18/2022	8:00 AM	0.1596682100	39.400	23.000	25.000	0.0000010000	-0.0000596655	7.8134737856E-9	-0.0000047153	4.7863046408E-10	7.900	32.000
6/18/2022	8:01 AM	0.1621826700	39.400	23.000	25.000	0.0000010000	-0.0000596627	7.7066365877E-9	-0.0000047270	7.7631558048E-10	7.900	32.000
6/18/2022	8:01 AM	0.1646971300	39.400	23.000	25.000	0.0000010000	-0.0000596759	1.0212742100E-8	-0.0000046999	1.1812006585E-9	7.900	32.000
6/18/2022	8:02 AM	0.1672115900	39.400	23.000	25.000	0.0000010000	-0.0000596608	8.8214140831E-9	-0.0000046670	4.0076532614E-9	7.900	32.000
6/18/2022	8:03 AM	0.1697260500	39.400	23.000	25.000	0.0000010000	-0.0000596720	6.5775346814E-9	-0.0000047115	2.0000000000E-10	7.900	32.000
6/18/2022	8:03 AM	0.1722405100	39.400	23.000	25.000	0.0000010000	-0.0000596635	7.8487523016E-9	-0.0000047196	5.5259075049E-10	7.900	32.000
6/18/2022	8:04 AM	0.1747549700	39.400	23.000	25.000	0.0000010000	-0.0000596748	9.3248776751E-9	-0.0000047127	6.0000000000E-10	7.900	32.000
6/18/2022	8:05 AM	0.1772694300	39.400	23.000	25.000	0.0000010000	-0.0000596700	6.0520506274E-9	-0.0000047018	6.6571333342E-10	7.900	32.000
6/18/2022	8:05 AM	0.1797838900	39.400	23.000	25.000	0.0000010000	-0.0000596745	5.6111707500E-9	-0.0000047152	9.0687121620E-10	7.900	32.000
6/18/2022	8:06 AM	0.1822983500	39.400	23.000	25.000	0.0000010000	-0.0000596677	8.2255268610E-9	-0.0000047135	7.0710678119E-10	7.900	32.000
6/18/2022	8:07 AM	0.1848128100	39.400	23.000	25.000	0.0000010000	-0.0000596672	1.0066625203E-8	-0.0000047354	1.4618962600E-9	7.900	32.000
6/18/2022	8:08 AM	0.1873272700	39.400	23.000	25.000	0.0000010000	-0.0000596803	9.4053892290E-9	-0.0000047221	7.3911649916E-10	7.900	32.000
6/18/2022	8:08 AM	0.1898417300	39.400	23.000	25.000	0.0000010000	-0.0000596624	3.8387340087E-9	-0.0000046884	3.3387797647E-9	7.900	32.000
6/18/2022	8:09 AM	0.1923561900	39.400	23.000	25.000	0.0000010000	-0.0000596728	9.5971815536E-9	-0.0000047161	1.1345783582E-9	7.900	32.000
6/18/2022	8:10 AM	0.1948706500	39.400	23.000	25.000	0.0000010000	-0.0000596744	4.6176753734E-9	-0.0000047090	1.6283082690E-9	7.900	32.000
6/18/2022	8:10 AM	0.1973851100	39.400	23.000	25.000	0.0000010000	-0.0000596655	6.1536387104E-9	-0.0000047109	6.2911671436E-10	7.900	32.000
6/18/2022	8:11 AM	0.1998995700	39.400	23.000	25.000	0.0000010000	-0.0000596615	8.0196334859E-9	-0.0000047172	7.3971896142E-10	7.900	32.000
6/18/2022	8:12 AM	0.2024140300	39.400	23.000	25.000	0.0000010000	-0.0000596793	6.3645422417E-9	-0.0000047144	6.6368092477E-10	7.900	32.000
6/18/2022	8:12 AM	0.2049284900	39.400	23.000	25.000	0.0000010000	-0.0000596594	8.9798991190E-9	-0.0000047222	1.2189094443E-9	7.900	32.000
6/18/2022	8:13 AM	0.2074429500	39.400	23.000	25.000	0.0000010000	-0.0000596815	1.0762157447E-8	-0.0000046952	3.8340013504E-9	7.900	32.000
6/18/2022	8:14 AM	0.2099574100	39.400	23.000	25.000	0.0000010000	-0.0000596790	9.4191563419E-9	-0.0000047180	8.6023252670E-10	7.900	32.000
6/18/2022	8:14 AM	0.2124718700	39.400	23.000	25.000	0.0000010000	-0.0000596710	7.9624141355E-9	-0.0000047216	7.6278691088E-10	7.900	32.000
6/18/2022	8:15 AM	0.2149863300	39.400	23.000	25.000	0.0000010000	-0.0000596795	6.7405738060E-9	-0.0000047160	3.5355339059E-10	7.900	32.000
6/18/2022	8:16 AM	0.2175007900	39.400	23.000	25.000	0.0000010000	-0.0000596798	5.3921308584E-9	-0.0000047067	9.5770568927E-10	7.900	32.000
6/18/2022	8:16 AM	0.2200152500	39.400	23.000	25.000	0.0000010000	-0.0000596765	6.8134235041E-9	-0.0000047094	1.4618962600E-9	7.900	32.000
6/18/2022	8:17 AM	0.2225297100	39.400	23.000	25.000	0.0000010000	-0.0000596721	9.6692772717E-9	-0.0000047278	6.9256219969E-10	7.900	32.000
6/18/2022	8:18 AM	0.2250441700	39.400	23.000	25.000	0.0000010000	-0.0000596770	1.0231280683E-8	-0.0000047085	1.0112939289E-9	7.900	32.000
6/18/2022	8:19 AM	0.2275586300	39.400	23.000	25.000	0.0000010000	-0.0000596754	8.1582170835E-9	-0.0000047031	1.4535533906E-9	7.900	32.000
6/18/2022	8:19 AM	0.2300730900	39.400	23.000	25.000	0.0000010000	-0.0000596685	9.2932206579E-9	-0.0000047165	3.2247448714E-10	7.900	32.000
6/18/2022	8:20 AM	0.2325875500	39.400	23.000	25.000	0.0000010000	-0.0000596707	1.1664956117E-8	-0.0000047306	5.8823014636E-10	7.900	32.000
6/18/2022	8:21 AM	0.2351020100	39.400	23.000	25.000	0.0000010000	-0.0000596752	4.6917912634E-9	-0.0000047182	1.4161494606E-9	7.900	32.000
6/18/2022	8:21 AM	0.2376164700	39.400	23.000	25.000	0.0000010000	-0.0000596707	5.2219494023E-9	-0.0000047227	2.2247448714E-10	7.900	32.000
6/18/2022	8:22 AM	0.2401309300	39.400	23.000	25.000	0.0000010000	-0.0000596781	8.5955095292E-9	-0.0000047188	4.7863046408E-10	7.900	32.000
6/18/2022	8:23 AM	0.2426453900	39.400	23.000	25.000	0.0000010000	-0.0000596679	8.1547657199E-9	-0.0000047178	1.2456232619E-9	7.900	32.000
6/18/2022	8:23 AM	0.2451598500	39.400	23.000	25.000	0.0000010000	-0.0000596775	5.1884622282E-9	-0.0000047262	3.5811388301E-10	7.900	32.000
6/18/2022	8:24 AM	0.2476743100	39.400	23.000	25.000	0.0000010000	-0.0000596829	6.2644908631E-9	-0.0000047109	2.2741677409E-9	7.900	32.000
6/18/2022	8:25 AM	0.2501887700	39.400	23.000	25.000	0.0000010000	-0.0000596742	1.0165418828E-8	-0.0000047126	4.5355339059E-10	7.900	32.000
6/18/2022	8:25 AM	0.2527032300	39.400	23.000	25.000	0.0000010000	-0.0000596683	6.7004348810E-9	-0.0000047076	1.6989157953E-9	7.900	32.000
6/18/2022	8:26 AM	0.2552176900	39.400	23.000	25.000	0.0000010000	-0.0000596738	7.9954358225E-9	-0.0000047069	8.3006407546E-10	7.900	32.000
6/18/2022	8:27 AM	0.2577321500	39.400	23.000	25.000	0.0000010000	-0.0000596640	8.1972033157E-9	-0.0000047201	7.5717058189E-10	7.900	32.000
6/18/2022	8:27 AM	0.2602466100	39.400	23.000	25.000	0.0000010000	-0.0000596673	7.0415682016E-9	-0.0000047183	1.9599694163E-9	7.900	32.000
6/18/2022	8:28 AM	0.2627610700	39.400	23.000	25.000	0.0000010000	-0.0000596648	3.7162462636E-9	-0.0000047195	1.4783828188E-9	7.900	32.000
6/18/2022	8:29 AM	0.2652755300	39.400	23.000	25.000	0.0000010000	-0.0000596744	4.2047179111E-9	-0.0000047208	1.2111412309E-9	7.900	32.000
6/18/2022	8:29 AM	0.2677899900	39.400	23.000	25.000	0.0000010000	-0.0000596740	6.3882268717E-9	-0.0000047238	7.4295816944E-10	7.900	32.000
6/18/2022	8:30 AM	0.2703044500	39.400	23.000	25.000	0.0000010000	-0.0000596747	4.7873457300E-9	-0.0000046756	4.3639439159E-9	7.900	32.000
6/18/2022	8:31 AM	0.2728189100	39.400	23.000	25.000	0.0000010000	-0.0000596673	5.3454726757E-9	-0.0000047187	2.5495097568E-10	7.900	32.000
6/18/2022	8:31 AM	0.2753333700	39.400	23.000	25.000	0.0000010000	-0.0000596740	7.2405857122E-9	-0.0000047220	2.4266750917E-9	7.900	32.000
6/18/2022	8:32 AM	0.2778478300	39.400	23.000	25.000	0.0000010000	-0.0000596706	9.1948481141E-9	-0.0000047123	1.0342685620E-9	7.900	32.000
6/18/2022	8:33 AM	0.2803622900	39.400	23.000	25.000	0.0000010000	-0.0000596781	7.1916852937E-9	-0.0000047195	1.0906303489E-9	7.900	32.000
6/18/2022	8:33 AM	0.2828767500	39.400	23.000	25.000	0.0000010000	-0.0000596646	8.1239319647E-9	-0.0000047218	3.0000000000E-10	7.900	32.000
6/18/2022	8:34 AM	0.2853912100	39.400	23.000	25.000	0.0000010000	-0.0000596691	6.1651476789E-9	-0.0000047020	1.8784739194E-9	7.900	32.000
6/18/2022	8:35 AM	0.2879056700	39.400	23.000	25.000	0.0000010000	-0.0000596700	9.5620021640E-9	-0.0000047261	1.2215838363E-9	7.900	32.000
6/18/2022	8:35 AM	0.2904201300	39.400	23.000	24.999	0.0000010000	-0.0000596812	8.6659198414E-9	-0.0000047291	2.2496369014E-9	7.900	32.000
6/18/2022	8:36 AM	0.2929345900	39.400	23.000	25.001	0.0000010000	-0.0000596848	7.8854870631E-9	-0.0000047228	1.1829441438E-9	7.900	32.000
6/18/2022	8:37 AM	0.2954490500	39.400	23.000	25.000	0.0000010000	-0.0000596588	8.1191191647E-9	-0.0000047205	1.1784477407E-9	7.900	32.000
6/18/2022	8:37 AM	0.2979635100	39.400	23.000	25.000	0.0000010000	-0.0000596821	6.8513933987E-9	-0.0000046967	2.4527693198E-9	7.900	32.000
6/18/2022	8:38 AM	0.3004779700	39.400	23.000	25.000	0.0000010000	-0.0000596798	8.7221878535E-9	-0.0000047107	4.1306485869E-10	7.900	32.000
