! User Name:	Aditya 
! Sample Name:	FGT_CPS_Device  4_FC8T_
! Sample ID:	FGT/CrPS4
! Date:	6/26/2022	Time:	5:02 AM
! Current Source:	Keithley 224 Current Source
! Voltmeter V1:	Keithley 182 Degital voltmeter
! Voltmeter V2:	Keithley 2182A  NanoVoltmeter
! V1 (volts):	Rxx Device 1
! V2 (volts):	Rxy Device 1
! Max Field (Tesla):0.000000	! Data points (0_maxT:75.000000	! Average Number:5.000000	
! Comments:	FGT/CrPS4 device was made in glove using flaking and dry transfering of flakes. 
! 
! 
! 
! 
Data	Time	Magnetic Field (T)	Helium Level (%)	VTI Temperature (K)	Sample Temparture (K)	Current (A) 	Voltage-1(V)	Std. of V1	Voltage-2 (V)	Std. of V2	VTI  Heater Power (%)	Sample Heater Power (%)
6/26/2022	5:04 AM	0.3004779700	52.000	52.780	54.994	0.0000010000	-0.0000636852	8.8315970670E-9	-0.0000062541	3.2360679775E-10	6.700	27.800
6/26/2022	5:05 AM	0.2979635100	98.000	38.010	40.000	0.0000010000	-0.0000636783	4.3720382900E-9	-0.0000062507	2.5495097568E-10	11.900	26.700
6/26/2022	5:06 AM	0.2954490500	98.000	38.010	40.000	0.0000010000	-0.0000636956	5.3183927349E-9	-0.0000062432	6.8728772252E-10	11.800	26.700
6/26/2022	5:07 AM	0.2929345900	98.000	38.010	40.000	0.0000010000	-0.0000637093	5.6857707773E-9	-0.0000062413	1.4679596916E-9	11.800	26.700
6/26/2022	5:07 AM	0.2904201300	98.000	38.010	40.000	0.0000010000	-0.0000637246	3.2252801271E-9	-0.0000062497	1.3849977244E-9	11.800	26.700
6/26/2022	5:08 AM	0.2879056700	98.000	38.010	40.000	0.0000010000	-0.0000637246	6.5819129736E-9	-0.0000062702	1.1124262395E-9	11.800	26.700
6/26/2022	5:09 AM	0.2853912100	98.000	38.010	40.000	0.0000010000	-0.0000637268	7.5667137907E-9	-0.0000062633	6.9774951497E-10	11.800	26.700
6/26/2022	5:10 AM	0.2828767500	98.000	38.010	40.000	0.0000010000	-0.0000637132	4.1448889712E-9	-0.0000062362	2.8437212991E-9	11.800	26.700
6/26/2022	5:10 AM	0.2803622900	98.000	38.010	40.000	0.0000010000	-0.0000637277	5.6534571208E-9	-0.0000062548	1.1039933485E-9	11.700	26.700
6/26/2022	5:11 AM	0.2778478300	98.000	38.010	40.000	0.0000010000	-0.0000637140	7.2254784433E-9	-0.0000062626	8.0428200203E-10	11.700	26.700
6/26/2022	5:12 AM	0.2753333700	98.000	38.010	40.000	0.0000010000	-0.0000637194	4.9526430305E-9	-0.0000062494	8.9418965053E-10	11.700	26.600
6/26/2022	5:13 AM	0.2728189100	98.000	38.010	40.000	0.0000010000	-0.0000637188	9.6513350357E-9	-0.0000062664	8.8600225733E-10	11.700	26.700
6/26/2022	5:13 AM	0.2703044500	98.000	38.010	40.000	0.0000010000	-0.0000637281	7.4605986263E-9	-0.0000062538	1.0565563235E-9	11.700	26.600
6/26/2022	5:14 AM	0.2677899900	98.000	38.010	40.000	0.0000010000	-0.0000637284	5.9796425003E-9	-0.0000062625	1.0112939289E-9	11.700	26.600
6/26/2022	5:15 AM	0.2652755300	98.000	38.010	40.000	0.0000010000	-0.0000637339	5.7955078016E-9	-0.0000062812	1.1477512681E-9	11.700	26.600
6/26/2022	5:15 AM	0.2627610700	98.000	38.010	40.000	0.0000010000	-0.0000637312	5.2746987915E-9	-0.0000062589	2.5811388301E-10	11.700	26.600
6/26/2022	5:16 AM	0.2602466100	98.000	38.010	40.000	0.0000010000	-0.0000637269	4.6506946390E-9	-0.0000062610	1.3525003665E-9	11.600	26.600
6/26/2022	5:17 AM	0.2577321500	98.000	38.010	40.000	0.0000010000	-0.0000637255	5.2451666584E-9	-0.0000062570	1.3022703843E-9	11.600	26.600
6/26/2022	5:18 AM	0.2552176900	98.000	38.010	40.000	0.0000010000	-0.0000637253	6.5950195378E-9	-0.0000062548	4.7863046408E-10	11.600	26.600
6/26/2022	5:18 AM	0.2527032300	98.000	38.010	40.000	0.0000010000	-0.0000637254	5.7536639498E-9	-0.0000062738	9.4005583283E-10	11.600	26.600
6/26/2022	5:19 AM	0.2501887700	98.000	38.010	40.000	0.0000010000	-0.0000637270	5.8230815142E-9	-0.0000062536	1.3930630920E-9	11.600	26.600
6/26/2022	5:20 AM	0.2476743100	98.000	38.000	40.000	0.0000010000	-0.0000637261	5.4627615046E-9	-0.0000062570	4.4721359550E-10	11.600	26.600
6/26/2022	5:20 AM	0.2451598500	98.000	38.000	40.000	0.0000010000	-0.0000637258	6.9329674139E-9	-0.0000062614	6.7008771255E-10	11.600	26.600
6/26/2022	5:21 AM	0.2426453900	98.000	38.010	40.000	0.0000010000	-0.0000637259	6.7456353652E-9	-0.0000062609	6.6368092477E-10	11.600	26.600
6/26/2022	5:22 AM	0.2401309300	91.600	38.000	40.000	0.0000010000	-0.0000637263	1.0424331150E-8	-0.0000062592	6.2179480778E-10	11.600	26.600
6/26/2022	5:23 AM	0.2376164700	91.600	38.010	40.000	0.0000010000	-0.0000637204	6.1243405201E-9	-0.0000062430	9.2364110314E-10	11.600	26.600
6/26/2022	5:23 AM	0.2351020100	91.600	38.000	40.000	0.0000010000	-0.0000637210	4.9085148806E-9	-0.0000062549	1.2562429031E-9	11.600	26.600
6/26/2022	5:24 AM	0.2325875500	91.600	38.010	40.000	0.0000010000	-0.0000637294	4.6600955332E-9	-0.0000062585	5.8309518948E-10	11.500	26.600
6/26/2022	5:25 AM	0.2300730900	91.600	38.000	40.000	0.0000010000	-0.0000637272	7.6611753376E-9	-0.0000062707	1.1149461492E-9	11.500	26.600
6/26/2022	5:25 AM	0.2275586300	91.600	38.000	40.000	0.0000010000	-0.0000636979	6.2082708178E-9	-0.0000062517	8.2958126833E-10	11.500	26.600
6/26/2022	5:26 AM	0.2250441700	91.600	38.010	40.000	0.0000010000	-0.0000636948	6.0306161726E-9	-0.0000062487	6.5632839974E-10	11.500	26.600
6/26/2022	5:27 AM	0.2225297100	91.600	38.000	40.000	0.0000010000	-0.0000636941	4.7314639538E-9	-0.0000062727	2.0066548587E-9	11.500	26.600
6/26/2022	5:27 AM	0.2200152500	91.600	38.000	40.000	0.0000010000	-0.0000636812	6.0612420825E-9	-0.0000062589	3.7742546282E-10	11.500	26.600
6/26/2022	5:28 AM	0.2175007900	91.600	38.000	40.000	0.0000010000	-0.0000637034	4.5038357591E-9	-0.0000062421	1.4741657387E-9	11.500	26.600
6/26/2022	5:29 AM	0.2149863300	91.600	38.000	40.000	0.0000010000	-0.0000637068	3.5590414047E-9	-0.0000062440	1.0066157946E-9	11.500	26.600
6/26/2022	5:30 AM	0.2124718700	91.600	38.000	40.000	0.0000010000	-0.0000637004	2.0851647313E-9	-0.0000062481	5.5259075049E-10	11.500	26.600
6/26/2022	5:30 AM	0.2099574100	91.600	38.000	40.000	0.0000010000	-0.0000637113	7.4984528457E-9	-0.0000062390	2.7075006694E-9	11.500	26.500
6/26/2022	5:31 AM	0.2074429500	91.600	38.000	40.000	0.0000010000	-0.0000637167	7.2644083254E-9	-0.0000062473	6.7925092342E-10	11.500	26.600
6/26/2022	5:32 AM	0.2049284900	91.600	38.000	40.000	0.0000010000	-0.0000637068	4.3731456237E-9	-0.0000062489	6.5372306110E-10	11.500	26.600
6/26/2022	5:33 AM	0.2024140300	91.600	38.000	40.000	0.0000010000	-0.0000637155	4.6575383672E-9	-0.0000061894	6.5592963663E-9	11.500	26.600
6/26/2022	5:33 AM	0.1998995700	91.600	38.000	40.000	0.0000010000	-0.0000636976	7.8049326395E-9	-0.0000062610	5.7416573868E-10	11.500	26.600
6/26/2022	5:34 AM	0.1973851100	91.600	38.000	40.000	0.0000010000	-0.0000637101	4.4583559914E-9	-0.0000062616	5.5259075049E-10	11.500	26.600
6/26/2022	5:35 AM	0.1948706500	91.600	38.000	40.000	0.0000010000	-0.0000637032	4.9908151797E-9	-0.0000062452	3.0955735648E-10	11.500	26.600
6/26/2022	5:35 AM	0.1923561900	91.600	38.000	40.000	0.0000010000	-0.0000613930	6.5156913039E-9	-0.0000060091	5.1515439249E-10	11.500	26.600
6/26/2022	5:36 AM	0.1898417300	91.600	38.000	40.000	0.0000010000	-0.0000613862	5.1565493488E-9	-0.0000060182	1.2990196787E-9	11.500	26.600
6/26/2022	5:37 AM	0.1873272700	91.600	37.990	39.999	0.0000010000	-0.0000613942	8.1118438192E-9	-0.0000060398	1.4453624047E-9	11.500	26.600
6/26/2022	5:38 AM	0.1848128100	91.600	38.000	40.000	0.0000010000	-0.0000613934	8.5339530000E-9	-0.0000060212	1.2657929533E-9	11.500	26.600
6/26/2022	5:38 AM	0.1822983500	91.600	38.000	40.000	0.0000010000	-0.0000613899	8.5951980772E-9	-0.0000060340	7.4833147735E-10	11.500	26.600
6/26/2022	5:39 AM	0.1797838900	91.600	38.000	40.000	0.0000010000	-0.0000613957	5.7443526539E-9	-0.0000060182	8.1723431537E-10	11.500	26.600
6/26/2022	5:40 AM	0.1772694300	91.600	38.000	40.000	0.0000010000	-0.0000613904	4.4581521521E-9	-0.0000060027	1.4212612158E-9	11.500	26.600
6/26/2022	5:40 AM	0.1747549700	91.600	38.000	40.000	0.0000010000	-0.0000613881	8.3593289096E-9	-0.0000060043	2.6239958662E-9	11.500	26.600
6/26/2022	5:41 AM	0.1722405100	91.600	38.000	40.000	0.0000010000	-0.0000613910	4.7004259262E-9	-0.0000060359	1.3295148613E-9	11.500	26.600
6/26/2022	5:42 AM	0.1697260500	91.600	38.000	40.000	0.0000010000	-0.0000613857	8.2014202786E-9	-0.0000060205	4.0000000000E-10	11.500	26.600
6/26/2022	5:43 AM	0.1672115900	91.600	38.000	40.000	0.0000010000	-0.0000614036	7.0805755783E-9	-0.0000060076	1.2108748006E-9	11.500	26.600
6/26/2022	5:43 AM	0.1646971300	91.600	38.000	40.000	0.0000010000	-0.0000613893	7.2278884895E-9	-0.0000060144	1.2650042743E-9	11.500	26.600
6/26/2022	5:44 AM	0.1621826700	91.600	38.000	40.000	0.0000010000	-0.0000613825	4.5775233586E-9	-0.0000059985	1.1824601482E-9	11.400	26.600
6/26/2022	5:45 AM	0.1596682100	91.600	38.000	40.000	0.0000010000	-0.0000613841	4.6312790033E-9	-0.0000060207	6.0850436627E-10	11.400	26.600
6/26/2022	5:45 AM	0.1571537500	91.600	38.000	40.000	0.0000010000	-0.0000613803	8.9591303410E-9	-0.0000060251	5.4649857042E-10	11.400	26.600
6/26/2022	5:46 AM	0.1546392900	91.600	38.000	40.000	0.0000010000	-0.0000613763	5.7655694677E-9	-0.0000060146	1.1070229163E-9	11.400	26.600
6/26/2022	5:47 AM	0.1521248300	91.600	38.000	40.000	0.0000010000	-0.0000613867	4.7985571880E-9	-0.0000060185	3.2247448714E-10	11.400	26.600
6/26/2022	5:48 AM	0.1496103700	91.600	38.000	40.000	0.0000010000	-0.0000613829	6.4165735390E-9	-0.0000060320	9.3186001849E-10	11.400	26.600
6/26/2022	5:48 AM	0.1470959100	91.600	38.000	40.000	0.0000010000	-0.0000613788	5.9726445148E-9	-0.0000060145	1.4881245155E-9	11.400	26.600
6/26/2022	5:49 AM	0.1445814500	91.600	38.000	40.000	0.0000010000	-0.0000613934	5.6963785841E-9	-0.0000060265	1.0154753215E-9	11.400	26.500
6/26/2022	5:50 AM	0.1420669900	91.600	38.000	40.000	0.0000010000	-0.0000613872	4.3349653101E-9	-0.0000060080	9.2364110314E-10	11.400	26.600
6/26/2022	5:50 AM	0.1395525300	91.600	38.000	40.000	0.0000010000	-0.0000613856	4.6488571639E-9	-0.0000060143	1.3053509221E-9	11.400	26.600
6/26/2022	5:51 AM	0.1370380700	91.600	38.000	40.000	0.0000010000	-0.0000613836	3.5678358554E-9	-0.0000060182	3.7416573868E-10	11.400	26.600
6/26/2022	5:52 AM	0.1345236100	91.600	38.000	40.000	0.0000010000	-0.0000613920	4.5840963046E-9	-0.0000060240	4.7863046408E-10	11.400	26.600
6/26/2022	5:52 AM	0.1320091500	91.600	38.000	40.000	0.0000010000	-0.0000613956	8.5791219065E-9	-0.0000060206	1.2104001363E-9	11.400	26.600
6/26/2022	5:53 AM	0.1294946900	91.600	38.000	40.000	0.0000010000	-0.0000613927	2.8853304004E-9	-0.0000060330	2.8238937456E-9	11.400	26.600
6/26/2022	5:54 AM	0.1269802300	91.600	38.000	40.000	0.0000010000	-0.0000613826	5.6711342492E-9	-0.0000060180	3.7416573868E-10	11.400	26.500
6/26/2022	5:54 AM	0.1244657700	91.600	38.010	40.000	0.0000010000	-0.0000613895	6.6460581424E-9	-0.0000060151	1.1509686473E-9	11.400	26.500
6/26/2022	5:55 AM	0.1219513100	91.600	38.000	40.000	0.0000010000	-0.0000613823	5.5516374399E-9	-0.0000060339	8.7732985885E-10	11.400	26.500
6/26/2022	5:56 AM	0.1194368500	91.600	38.000	40.000	0.0000010000	-0.0000613791	4.3435686614E-9	-0.0000060099	1.5331103262E-9	11.400	26.500
6/26/2022	5:57 AM	0.1169223900	91.600	38.000	40.000	0.0000010000	-0.0000613804	6.2021191627E-9	-0.0000060231	3.0955735648E-10	11.400	26.500
6/26/2022	5:57 AM	0.1144079300	91.600	38.000	40.000	0.0000010000	-0.0000613755	7.4084370359E-9	-0.0000060187	7.4295816944E-10	11.400	26.600
6/26/2022	5:58 AM	0.1118934700	91.600	38.000	40.001	0.0000010000	-0.0000613806	5.3173598505E-9	-0.0000059967	1.7315789836E-9	11.400	26.500
6/26/2022	5:59 AM	0.1093790100	91.600	38.000	40.000	0.0000010000	-0.0000613896	6.9549394736E-9	-0.0000060274	1.0000000000E-10	11.400	26.500
6/26/2022	5:59 AM	0.1068645500	91.600	38.000	40.000	0.0000010000	-0.0000613855	6.9807534527E-9	-0.0000059801	4.7106701506E-9	11.300	26.500
6/26/2022	6:00 AM	0.1043500900	91.600	38.000	40.000	0.0000010000	-0.0000613770	6.5412380084E-9	-0.0000060280	8.6988284501E-10	11.300	26.500
6/26/2022	6:01 AM	0.1018356300	91.600	38.000	40.000	0.0000010000	-0.0000613832	5.4201133552E-9	-0.0000060228	1.7548448455E-9	11.300	26.500
6/26/2022	6:02 AM	0.0993211700	91.600	38.000	40.000	0.0000010000	-0.0000613941	6.4880673225E-9	-0.0000060027	1.1209763795E-9	11.300	26.500
6/26/2022	6:02 AM	0.0968067100	91.600	38.000	40.000	0.0000010000	-0.0000613897	6.5014906957E-9	-0.0000060271	4.4203384502E-10	11.300	26.500
6/26/2022	6:03 AM	0.0942922500	91.600	38.000	40.000	0.0000010000	-0.0000613926	2.3556966677E-9	-0.0000060503	2.2403117652E-9	11.300	26.500
6/26/2022	6:04 AM	0.0917777900	91.600	38.000	40.000	0.0000010000	-0.0000613856	6.7051924604E-9	-0.0000060337	9.7358287613E-10	11.300	26.500
6/26/2022	6:04 AM	0.0892633300	91.600	38.000	40.000	0.0000010000	-0.0000614022	5.9506714331E-9	-0.0000060200	2.4494897428E-10	11.300	26.500
6/26/2022	6:05 AM	0.0867488700	91.600	38.000	40.000	0.0000010000	-0.0000613908	5.1870475372E-9	-0.0000060286	8.6163530729E-10	11.300	26.500
6/26/2022	6:06 AM	0.0842344100	91.600	38.000	40.000	0.0000010000	-0.0000613934	9.2069044631E-9	-0.0000060211	2.2247448714E-10	11.300	26.500
6/26/2022	6:06 AM	0.0817199500	91.600	38.000	40.000	0.0000010000	-0.0000614016	5.8419341524E-9	-0.0000060142	3.9154759474E-10	11.300	26.500
6/26/2022	6:07 AM	0.0792054900	91.600	38.000	40.000	0.0000010000	-0.0000614026	5.1949938762E-9	-0.0000060326	4.1068966709E-10	11.300	26.500
6/26/2022	6:08 AM	0.0766910300	91.600	38.000	40.000	0.0000010000	-0.0000613928	1.0212185422E-8	-0.0000060203	1.2247448714E-10	11.300	26.500
6/26/2022	6:09 AM	0.0741765700	91.600	38.000	40.000	0.0000010000	-0.0000613931	5.8049262735E-9	-0.0000060160	3.9154759474E-10	11.300	26.500
6/26/2022	6:09 AM	0.0716621100	91.600	38.000	40.000	0.0000010000	-0.0000613863	5.7047272680E-9	-0.0000060424	1.4002517179E-9	11.300	26.500
6/26/2022	6:10 AM	0.0691476500	91.600	38.000	40.000	0.0000010000	-0.0000613912	8.6333163302E-9	-0.0000060267	4.1402208188E-10	11.300	26.500
6/26/2022	6:11 AM	0.0666331900	91.600	38.000	40.000	0.0000010000	-0.0000613822	6.0968649357E-9	-0.0000060198	8.2958126833E-10	11.300	26.500
6/26/2022	6:11 AM	0.0641187300	91.600	38.000	40.000	0.0000010000	-0.0000613763	4.3621916654E-9	-0.0000060349	1.2247448714E-9	11.300	26.500
6/26/2022	6:12 AM	0.0616042700	91.600	38.000	40.000	0.0000010000	-0.0000613933	1.0431437264E-8	-0.0000060119	2.6484658932E-9	11.300	26.500
6/26/2022	6:13 AM	0.0590898100	91.600	38.000	40.000	0.0000010000	-0.0000613872	8.3063833200E-9	-0.0000060189	3.0955735648E-10	11.300	26.500
6/26/2022	6:14 AM	0.0565753500	91.600	38.000	40.000	0.0000010000	-0.0000613918	7.6809495767E-9	-0.0000060083	1.1632460819E-9	11.300	26.500
6/26/2022	6:14 AM	0.0540608900	91.600	38.000	40.000	0.0000010000	-0.0000613841	8.5131067029E-9	-0.0000060219	1.8708286934E-10	11.300	26.500
6/26/2022	6:15 AM	0.0515464300	91.600	38.000	40.000	0.0000010000	-0.0000613782	8.1031643198E-9	-0.0000060196	5.5495097568E-10	11.300	26.500
6/26/2022	6:16 AM	0.0490319700	91.600	38.000	40.000	0.0000010000	-0.0000613877	8.5329933950E-9	-0.0000060322	8.9206987131E-10	11.300	26.500
6/26/2022	6:17 AM	0.0465175100	91.600	38.000	40.000	0.0000010000	-0.0000613816	3.6265711032E-9	-0.0000060343	8.0000000000E-10	11.300	26.500
6/26/2022	6:17 AM	0.0440030500	91.600	38.000	40.000	0.0000010000	-0.0000613815	7.7746863342E-9	-0.0000060226	6.4510098534E-10	11.300	26.500
6/26/2022	6:18 AM	0.0414885900	91.600	38.000	40.000	0.0000010000	-0.0000613952	7.5305224490E-9	-0.0000059978	2.3781571500E-9	11.300	26.500
6/26/2022	6:19 AM	0.0389741300	91.600	38.000	40.000	0.0000010000	-0.0000613799	6.6054089207E-9	-0.0000060303	8.5695646824E-10	11.300	26.500
6/26/2022	6:19 AM	0.0364596700	91.600	38.000	40.000	0.0000010000	-0.0000613793	7.1989163371E-9	-0.0000060143	1.1052182095E-9	11.300	26.500
6/26/2022	6:20 AM	0.0339452100	91.600	38.000	40.000	0.0000010000	-0.0000613845	8.4519931129E-9	-0.0000060222	6.3851648071E-10	11.300	26.500
6/26/2022	6:21 AM	0.0314307500	91.600	38.000	40.000	0.0000010000	-0.0000613840	6.9428477174E-9	-0.0000060229	1.3275904635E-9	11.300	26.500
6/26/2022	6:21 AM	0.0289162900	87.900	38.000	40.000	0.0000010000	-0.0000613951	7.0930145560E-9	-0.0000060203	3.0955735648E-10	11.300	26.500
6/26/2022	6:22 AM	0.0264018300	87.900	38.000	40.000	0.0000010000	-0.0000613928	6.3342360977E-9	-0.0000059913	4.9987754542E-9	11.300	26.500
6/26/2022	6:23 AM	0.0238873700	87.900	38.000	40.000	0.0000010000	-0.0000613834	3.9636164531E-9	-0.0000060214	5.4649857042E-10	11.300	26.500
6/26/2022	6:24 AM	0.0213729100	87.900	38.000	40.000	0.0000010000	-0.0000613872	7.9163105213E-9	-0.0000060264	2.2247448714E-10	11.300	26.500
6/26/2022	6:24 AM	0.0188584500	87.900	38.000	40.000	0.0000010000	-0.0000613821	6.5080858928E-9	-0.0000060209	1.0144781624E-9	11.300	26.500
6/26/2022	6:25 AM	0.0163439900	87.900	38.000	40.000	0.0000010000	-0.0000613852	5.3023566969E-9	-0.0000060233	4.7855777343E-10	11.300	26.500
6/26/2022	6:26 AM	0.0138295300	87.900	38.000	40.000	0.0000010000	-0.0000613875	3.5761933494E-9	-0.0000060274	1.0519202405E-9	11.300	26.500
6/26/2022	6:27 AM	0.0113150700	87.900	38.000	40.000	0.0000010000	-0.0000613846	8.3754345836E-9	-0.0000060141	2.0734005629E-9	11.300	26.500
6/26/2022	6:27 AM	0.0088006100	87.900	38.000	40.000	0.0000010000	-0.0000613830	6.0978999089E-9	-0.0000060244	3.0955735648E-10	11.200	26.500
6/26/2022	6:28 AM	0.0062861500	87.900	38.000	40.000	0.0000010000	-0.0000613821	6.8223829918E-9	-0.0000060256	9.1478150705E-10	11.200	26.500
6/26/2022	6:29 AM	0.0037716900	87.900	38.000	40.000	0.0000010000	-0.0000613809	5.4072772120E-9	-0.0000060231	8.5910327436E-10	11.200	26.500
6/26/2022	6:29 AM	0.0012572300	87.900	38.000	40.000	0.0000010000	-0.0000613857	2.4550820193E-9	-0.0000060258	3.4608128489E-10	11.200	26.500
6/26/2022	6:30 AM	-0.0012572300	87.900	38.000	40.000	0.0000010000	-0.0000613864	6.4833473380E-9	-0.0000060202	1.1803670365E-9	11.200	26.500
6/26/2022	6:31 AM	-0.0037716900	87.900	38.000	40.000	0.0000010000	-0.0000613906	7.0963272508E-9	-0.0000060351	6.6099096785E-10	11.200	26.500
6/26/2022	6:31 AM	-0.0062861500	87.900	38.000	40.000	0.0000010000	-0.0000613909	6.5048395940E-9	-0.0000060029	1.7441364810E-9	11.200	26.500
6/26/2022	6:32 AM	-0.0088006100	87.900	38.000	40.000	0.0000010000	-0.0000613773	8.2664017726E-9	-0.0000060061	7.8366965395E-10	11.200	26.500
6/26/2022	6:33 AM	-0.0113150700	87.900	38.000	40.000	0.0000010000	-0.0000613773	7.8044225811E-9	-0.0000060241	4.5413696617E-10	11.200	26.500
6/26/2022	6:34 AM	-0.0138295300	87.900	38.000	40.000	0.0000010000	-0.0000613896	8.2535930363E-9	-0.0000060318	4.7602787773E-10	11.200	26.500
6/26/2022	6:34 AM	-0.0163439900	87.900	38.000	40.000	0.0000010000	-0.0000613824	4.6227354945E-9	-0.0000060324	9.9865437593E-10	11.200	26.500
6/26/2022	6:35 AM	-0.0188584500	87.900	38.000	40.000	0.0000010000	-0.0000613842	6.9195997469E-9	-0.0000060251	3.7742546282E-10	11.200	26.500
6/26/2022	6:36 AM	-0.0213729100	87.900	38.000	40.000	0.0000010000	-0.0000613924	4.7052188083E-9	-0.0000060111	1.0860022573E-9	11.200	26.500
6/26/2022	6:36 AM	-0.0238873700	87.900	38.000	40.000	0.0000010000	-0.0000613874	5.1955707468E-9	-0.0000060163	8.9379718813E-10	11.200	26.500
6/26/2022	6:37 AM	-0.0264018300	87.900	38.000	40.000	0.0000010000	-0.0000613918	6.7898519316E-9	-0.0000060189	1.1000000000E-9	11.200	26.500
6/26/2022	6:38 AM	-0.0289162900	87.900	38.000	40.000	0.0000010000	-0.0000613819	4.1384397593E-9	-0.0000060315	1.9998161282E-9	11.200	26.500
6/26/2022	6:38 AM	-0.0314307500	87.900	38.000	40.000	0.0000010000	-0.0000613894	8.1284207185E-9	-0.0000060079	1.7469479421E-9	11.200	26.500
6/26/2022	6:39 AM	-0.0339452100	87.900	38.000	40.000	0.0000010000	-0.0000613901	7.5126204336E-9	-0.0000060212	6.3851648071E-10	11.200	26.500
6/26/2022	6:40 AM	-0.0364596700	87.900	38.000	40.000	0.0000010000	-0.0000613776	8.0644163676E-9	-0.0000060243	6.9266988975E-10	11.200	26.500
6/26/2022	6:41 AM	-0.0389741300	87.900	38.000	40.000	0.0000010000	-0.0000613791	5.8116296039E-9	-0.0000060178	1.3615011805E-9	11.200	26.500
6/26/2022	6:41 AM	-0.0414885900	87.900	38.000	40.000	0.0000010000	-0.0000613832	6.2054298597E-9	-0.0000060348	5.8309518948E-10	11.200	26.500
6/26/2022	6:42 AM	-0.0440030500	87.900	38.000	40.000	0.0000010000	-0.0000613826	5.7130302712E-9	-0.0000060211	5.1515439249E-10	11.200	26.500
6/26/2022	6:43 AM	-0.0465175100	87.900	38.000	40.000	0.0000010000	-0.0000613836	8.3478645091E-9	-0.0000060277	5.5355339059E-10	11.200	26.500
6/26/2022	6:43 AM	-0.0490319700	87.900	38.000	40.000	0.0000010000	-0.0000613853	6.4400419026E-9	-0.0000060260	2.8708286934E-10	11.200	26.500
6/26/2022	6:44 AM	-0.0515464300	87.900	38.000	40.000	0.0000010000	-0.0000613830	5.2676289543E-9	-0.0000060447	1.5945207552E-9	11.200	26.500
6/26/2022	6:45 AM	-0.0540608900	87.900	38.000	40.000	0.0000010000	-0.0000613769	7.5574282687E-9	-0.0000060286	5.5259075049E-10	11.200	26.500
6/26/2022	6:46 AM	-0.0565753500	87.900	38.000	40.000	0.0000010000	-0.0000613850	7.7451861630E-9	-0.0000060231	6.3011626335E-10	11.200	26.500
6/26/2022	6:47 AM	-0.0590898100	87.900	38.000	40.000	0.0000010000	-0.0000613918	6.9780743986E-9	-0.0000060385	1.3539918022E-9	11.200	26.500
6/26/2022	6:47 AM	-0.0616042700	87.900	38.000	40.000	0.0000010000	-0.0000613944	8.3219370851E-9	-0.0000059790	4.6050237245E-9	11.200	26.500
6/26/2022	6:48 AM	-0.0641187300	87.900	38.000	40.000	0.0000010000	-0.0000613869	4.3648337458E-9	-0.0000060169	6.3011626335E-10	11.200	26.500
6/26/2022	6:49 AM	-0.0666331900	87.900	38.000	40.000	0.0000010000	-0.0000613796	5.6194963067E-9	-0.0000060212	1.3938179790E-9	11.200	26.500
6/26/2022	6:50 AM	-0.0691476500	87.900	38.000	40.000	0.0000010000	-0.0000613862	6.5590784742E-9	-0.0000060252	1.1169491021E-9	11.200	26.500
6/26/2022	6:50 AM	-0.0716621100	87.900	38.000	40.000	0.0000010000	-0.0000613826	6.5950136813E-9	-0.0000060121	3.7742546282E-10	11.200	26.500
6/26/2022	6:51 AM	-0.0741765700	87.900	38.000	40.000	0.0000010000	-0.0000613850	9.2317437624E-9	-0.0000060226	8.6163530729E-10	11.200	26.500
6/26/2022	6:52 AM	-0.0766910300	87.900	38.000	40.000	0.0000010000	-0.0000613827	4.6297065181E-9	-0.0000060320	2.0000000000E-10	11.200	26.500
6/26/2022	6:52 AM	-0.0792054900	87.900	38.000	40.000	0.0000010000	-0.0000613861	9.8175546429E-9	-0.0000060288	5.5355339059E-10	11.200	26.500
6/26/2022	6:53 AM	-0.0817199500	87.900	38.000	40.000	0.0000010000	-0.0000613757	6.0044592749E-9	-0.0000060224	7.5522851952E-10	11.200	26.500
6/26/2022	6:54 AM	-0.0842344100	87.900	38.000	40.000	0.0000010000	-0.0000613641	5.2790692082E-9	-0.0000059881	3.9486997811E-9	11.200	26.500
6/26/2022	6:55 AM	-0.0867488700	87.900	38.000	40.000	0.0000010000	-0.0000613851	6.5839303806E-9	-0.0000060386	9.1763500472E-10	11.200	26.500
6/26/2022	6:55 AM	-0.0892633300	87.900	38.000	40.000	0.0000010000	-0.0000613898	5.0944651284E-9	-0.0000060282	1.3986735823E-9	11.200	26.500
6/26/2022	6:56 AM	-0.0917777900	87.900	38.000	40.000	0.0000010000	-0.0000613756	5.7795895900E-9	-0.0000060159	5.4063625993E-10	11.200	26.500
6/26/2022	6:57 AM	-0.0942922500	87.900	38.000	40.000	0.0000010000	-0.0000613816	7.0723481199E-9	-0.0000060179	6.8521586963E-10	11.200	26.500
6/26/2022	6:57 AM	-0.0968067100	87.900	38.000	40.000	0.0000010000	-0.0000613837	7.2170680735E-9	-0.0000060319	1.1000000000E-9	11.200	26.500
6/26/2022	6:58 AM	-0.0993211700	87.900	38.000	40.000	0.0000010000	-0.0000613798	1.0854673569E-8	-0.0000053776	6.0425077704E-8	11.200	26.500
6/26/2022	6:59 AM	-0.1018356300	87.900	38.000	40.000	0.0000010000	-0.0000613720	6.4485957517E-9	-0.0000045878	1.0354624754E-9	11.200	26.500
6/26/2022	6:59 AM	-0.1043500900	87.900	38.000	40.000	0.0000010000	-0.0000613710	4.6649333331E-9	-0.0000045940	3.9154759474E-10	11.200	26.500
6/26/2022	7:00 AM	-0.1068645500	87.900	38.000	40.000	0.0000010000	-0.0000613731	4.1907361926E-9	-0.0000045684	3.5449480700E-9	11.200	26.500
6/26/2022	7:01 AM	-0.1093790100	87.900	38.000	40.000	0.0000010000	-0.0000613689	6.6749607284E-9	-0.0000045948	5.9681613616E-10	11.200	26.500
6/26/2022	7:02 AM	-0.1118934700	87.900	38.000	40.000	0.0000010000	-0.0000613776	6.3816594739E-9	-0.0000045873	8.0428200203E-10	11.200	26.500
6/26/2022	7:02 AM	-0.1144079300	87.900	38.000	40.000	0.0000010000	-0.0000613674	4.6254332774E-9	-0.0000045657	5.4648659984E-9	11.200	26.500
6/26/2022	7:03 AM	-0.1169223900	87.900	38.000	40.000	0.0000010000	-0.0000613858	6.1237788951E-9	-0.0000045989	2.9154759474E-10	11.200	26.500
6/26/2022	7:04 AM	-0.1194368500	87.900	38.000	40.000	0.0000010000	-0.0000613763	5.8436395567E-9	-0.0000045792	1.4318112053E-9	11.200	26.500
6/26/2022	7:04 AM	-0.1219513100	87.900	38.000	40.000	0.0000010000	-0.0000613810	6.1884438855E-9	-0.0000045917	1.4254501279E-9	11.200	26.500
6/26/2022	7:05 AM	-0.1244657700	87.900	38.000	40.000	0.0000010000	-0.0000613800	6.9825591587E-9	-0.0000045902	4.7863046408E-10	11.200	26.500
6/26/2022	7:06 AM	-0.1269802300	87.900	38.000	40.000	0.0000010000	-0.0000613830	5.0399976482E-9	-0.0000045921	4.1068966709E-10	11.200	26.500
6/26/2022	7:06 AM	-0.1294946900	87.900	38.000	40.000	0.0000010000	-0.0000613841	4.5984013027E-9	-0.0000045917	1.0711883953E-9	11.200	26.500
6/26/2022	7:07 AM	-0.1320091500	87.900	38.000	40.000	0.0000010000	-0.0000613782	8.2096419978E-9	-0.0000045955	2.8708286934E-10	11.200	26.500
6/26/2022	7:08 AM	-0.1345236100	87.900	38.000	40.000	0.0000010000	-0.0000613752	8.1822841594E-9	-0.0000045868	1.1964379091E-9	11.200	26.500
6/26/2022	7:09 AM	-0.1370380700	87.900	38.000	40.000	0.0000010000	-0.0000613715	3.7985102371E-9	-0.0000045786	1.6407868650E-9	11.200	26.500
6/26/2022	7:09 AM	-0.1395525300	87.900	38.000	40.000	0.0000010000	-0.0000613739	5.5568086171E-9	-0.0000045871	6.4510098534E-10	11.200	26.500
6/26/2022	7:10 AM	-0.1420669900	87.900	38.000	40.000	0.0000010000	-0.0000613765	7.7148341495E-9	-0.0000045846	8.0710678119E-10	11.200	26.500
6/26/2022	7:11 AM	-0.1445814500	87.900	38.000	40.000	0.0000010000	-0.0000613804	4.6523112948E-9	-0.0000045780	6.9154759474E-10	11.200	26.500
6/26/2022	7:11 AM	-0.1470959100	87.900	38.000	40.000	0.0000010000	-0.0000613711	6.6045757476E-9	-0.0000045976	4.1402208188E-10	11.200	26.500
6/26/2022	7:12 AM	-0.1496103700	87.900	38.000	40.000	0.0000010000	-0.0000613712	5.4797647326E-9	-0.0000045844	7.6278691088E-10	11.200	26.400
6/26/2022	7:13 AM	-0.1521248300	87.900	38.000	40.000	0.0000010000	-0.0000613719	8.3325950318E-9	-0.0000045858	9.0977870193E-10	11.200	26.500
6/26/2022	7:13 AM	-0.1546392900	87.900	38.000	40.000	0.0000010000	-0.0000613723	6.5878487962E-9	-0.0000045798	1.2603842673E-9	11.200	26.500
6/26/2022	7:14 AM	-0.1571537500	87.900	38.000	40.000	0.0000010000	-0.0000613714	7.1503291681E-9	-0.0000045988	3.9154759474E-10	11.200	26.400
6/26/2022	7:15 AM	-0.1596682100	87.900	38.000	40.000	0.0000010000	-0.0000613708	7.9575829185E-9	-0.0000045947	5.5355339059E-10	11.100	26.500
6/26/2022	7:16 AM	-0.1621826700	87.900	38.000	40.000	0.0000010000	-0.0000613732	7.5733518340E-9	-0.0000045931	5.4649857042E-10	11.200	26.500
6/26/2022	7:17 AM	-0.1646971300	87.900	38.000	40.000	0.0000010000	-0.0000613724	4.8386001332E-9	-0.0000045737	1.0432124137E-9	11.100	26.400
6/26/2022	7:17 AM	-0.1672115900	87.900	38.000	40.000	0.0000010000	-0.0000613790	5.4805973242E-9	-0.0000045882	3.4608128489E-10	11.100	26.400
6/26/2022	7:18 AM	-0.1697260500	87.900	38.000	40.000	0.0000010000	-0.0000613814	7.7834202710E-9	-0.0000045659	1.8844202206E-9	11.200	26.400
6/26/2022	7:19 AM	-0.1722405100	87.900	38.000	40.000	0.0000010000	-0.0000613746	8.4617961944E-9	-0.0000045730	1.4764361229E-9	11.100	26.400
6/26/2022	7:20 AM	-0.1747549700	87.900	38.000	40.000	0.0000010000	-0.0000613733	5.9942473900E-9	-0.0000045791	1.8995039410E-9	11.200	26.400
6/26/2022	7:20 AM	-0.1772694300	87.900	38.000	40.000	0.0000010000	-0.0000613650	6.7556858480E-9	-0.0000046028	9.6810783693E-10	11.200	26.500
6/26/2022	7:21 AM	-0.1797838900	87.900	38.000	40.000	0.0000010000	-0.0000613730	6.4507345588E-9	-0.0000045984	6.4031242374E-10	11.100	26.500
6/26/2022	7:22 AM	-0.1822983500	85.000	38.000	40.000	0.0000010000	-0.0000613851	5.7222954966E-9	-0.0000045696	1.5033296378E-9	11.100	26.500
6/26/2022	7:23 AM	-0.1848128100	85.000	38.000	40.000	0.0000010000	-0.0000613908	4.9197540978E-9	-0.0000045858	5.5355339059E-10	11.100	26.400
6/26/2022	7:23 AM	-0.1873272700	85.000	38.000	40.000	0.0000010000	-0.0000613678	3.1251030358E-9	-0.0000046013	8.2739529308E-10	11.100	26.500
6/26/2022	7:24 AM	-0.1898417300	85.000	38.000	40.000	0.0000010000	-0.0000613683	4.0896897043E-9	-0.0000045853	1.0730851267E-9	11.100	26.400
6/26/2022	7:25 AM	-0.1923561900	85.000	38.000	40.000	0.0000010000	-0.0000613736	4.6013433176E-9	-0.0000045891	1.9007667683E-9	11.100	26.400
6/26/2022	7:25 AM	-0.1948706500	85.000	38.000	40.000	0.0000010000	-0.0000613736	6.8814220231E-9	-0.0000045848	1.0398790721E-9	11.100	26.500
6/26/2022	7:26 AM	-0.1973851100	85.000	38.000	40.000	0.0000010000	-0.0000613744	6.0908318738E-9	-0.0000045915	8.1643046478E-10	11.100	26.400
6/26/2022	7:27 AM	-0.1998995700	85.000	38.000	40.000	0.0000010000	-0.0000613752	5.0353195973E-9	-0.0000045954	1.2153457437E-9	11.100	26.500
6/26/2022	7:28 AM	-0.2024140300	85.000	38.000	40.000	0.0000010000	-0.0000613721	4.5889019258E-9	-0.0000045880	1.0444293616E-9	11.100	26.400
6/26/2022	7:28 AM	-0.2049284900	85.000	38.000	40.000	0.0000010000	-0.0000613619	6.6487550241E-9	-0.0000045878	9.1203127704E-10	11.100	26.400
6/26/2022	7:29 AM	-0.2074429500	85.000	38.000	40.000	0.0000010000	-0.0000613779	8.1952414725E-9	-0.0000045761	2.1436127803E-9	11.100	26.500
6/26/2022	7:30 AM	-0.2099574100	85.000	38.000	40.000	0.0000010000	-0.0000613761	5.0234145108E-9	-0.0000045957	4.1402208188E-10	11.100	26.400
6/26/2022	7:30 AM	-0.2124718700	85.000	38.000	40.000	0.0000010000	-0.0000613734	5.8984467239E-9	-0.0000046062	1.2455915849E-9	11.100	26.400
6/26/2022	7:31 AM	-0.2149863300	85.000	38.000	40.000	0.0000010000	-0.0000613653	7.5053464990E-9	-0.0000045945	4.9664022582E-10	11.100	26.400
6/26/2022	7:32 AM	-0.2175007900	85.000	38.000	40.000	0.0000010000	-0.0000613815	5.7453594082E-9	-0.0000045717	1.5636946682E-9	11.100	26.400
6/26/2022	7:33 AM	-0.2200152500	85.000	38.000	40.000	0.0000010000	-0.0000613739	1.6790425594E-9	-0.0000046035	6.6099096785E-10	11.100	26.400
6/26/2022	7:33 AM	-0.2225297100	85.000	38.000	40.000	0.0000010000	-0.0000613783	3.1879188294E-9	-0.0000045855	1.4352700094E-9	11.100	26.400
6/26/2022	7:34 AM	-0.2250441700	85.000	38.000	40.000	0.0000010000	-0.0000613619	7.7370718881E-9	-0.0000046012	1.1070229163E-9	11.100	26.400
6/26/2022	7:35 AM	-0.2275586300	85.000	38.000	40.000	0.0000010000	-0.0000613694	9.0658991347E-9	-0.0000046043	1.1945549533E-9	11.100	26.400
6/26/2022	7:35 AM	-0.2300730900	85.000	38.000	40.000	0.0000010000	-0.0000613778	7.5628325023E-9	-0.0000045837	7.4031242374E-10	11.100	26.500
6/26/2022	7:36 AM	-0.2325875500	85.000	38.000	40.000	0.0000010000	-0.0000613692	4.3147347059E-9	-0.0000045404	5.0391759133E-9	11.100	26.400
6/26/2022	7:37 AM	-0.2351020100	85.000	38.000	40.000	0.0000010000	-0.0000613709	6.1367935683E-9	-0.0000045888	5.5355339059E-10	11.100	26.400
6/26/2022	7:37 AM	-0.2376164700	85.000	38.000	40.000	0.0000010000	-0.0000613660	8.0830506068E-9	-0.0000045978	5.3011626335E-10	11.100	26.400
6/26/2022	7:38 AM	-0.2401309300	85.000	38.000	40.000	0.0000010000	-0.0000613631	7.3242342273E-9	-0.0000046018	5.3011626335E-10	11.100	26.400
6/26/2022	7:39 AM	-0.2426453900	85.000	38.000	40.000	0.0000010000	-0.0000613646	5.3310892297E-9	-0.0000045947	1.1690287121E-9	11.100	26.400
6/26/2022	7:40 AM	-0.2451598500	85.000	38.000	40.000	0.0000010000	-0.0000613681	1.1593680876E-8	-0.0000045932	1.1052182095E-9	11.100	26.400
6/26/2022	7:40 AM	-0.2476743100	85.000	38.000	40.000	0.0000010000	-0.0000613711	4.3132226789E-9	-0.0000045923	4.1402208188E-10	11.100	26.400
6/26/2022	7:41 AM	-0.2501887700	85.000	38.000	40.000	0.0000010000	-0.0000613685	1.2723881510E-8	-0.0000046035	7.2820159556E-10	11.100	26.400
6/26/2022	7:42 AM	-0.2527032300	85.000	38.000	40.000	0.0000010000	-0.0000613692	4.4898061895E-9	-0.0000045720	1.9055470085E-9	11.100	26.400
6/26/2022	7:42 AM	-0.2552176900	85.000	38.000	40.000	0.0000010000	-0.0000613690	4.5609609106E-9	-0.0000046035	1.0147301372E-9	11.100	26.400
6/26/2022	7:43 AM	-0.2577321500	85.000	38.000	40.000	0.0000010000	-0.0000613684	4.7114206868E-9	-0.0000045880	3.9154759474E-10	11.100	26.400
6/26/2022	7:44 AM	-0.2602466100	85.000	38.000	40.000	0.0000010000	-0.0000613732	5.8907048381E-9	-0.0000045927	7.5975531083E-10	11.100	26.400
6/26/2022	7:44 AM	-0.2627610700	85.000	38.000	40.000	0.0000010000	-0.0000613657	4.9347384860E-9	-0.0000045911	2.9083045974E-9	11.100	26.400
6/26/2022	7:45 AM	-0.2652755300	85.000	38.000	40.000	0.0000010000	-0.0000613601	6.8174853588E-9	-0.0000045990	6.3725599419E-10	11.100	26.400
6/26/2022	7:46 AM	-0.2677899900	85.000	38.000	40.000	0.0000010000	-0.0000613744	7.4380234461E-9	-0.0000045857	8.0000000000E-10	11.100	26.400
6/26/2022	7:47 AM	-0.2703044500	85.000	38.000	40.000	0.0000010000	-0.0000613667	8.4405430322E-9	-0.0000046021	1.4382820889E-9	11.100	26.400
6/26/2022	7:47 AM	-0.2728189100	85.000	38.000	40.000	0.0000010000	-0.0000613691	8.0733137817E-9	-0.0000045794	2.6251167289E-9	11.100	26.400
6/26/2022	7:48 AM	-0.2753333700	85.000	38.000	40.000	0.0000010000	-0.0000613645	4.1480116933E-9	-0.0000045816	8.0710678119E-10	11.100	26.400
6/26/2022	7:49 AM	-0.2778478300	85.000	38.000	40.000	0.0000010000	-0.0000613718	4.8779375570E-9	-0.0000045962	8.2958126833E-10	11.100	26.400
6/26/2022	7:49 AM	-0.2803622900	85.000	38.000	40.000	0.0000010000	-0.0000613765	9.2194754646E-9	-0.0000045992	1.1070229163E-9	11.100	26.400
6/26/2022	7:50 AM	-0.2828767500	85.000	38.000	40.000	0.0000010000	-0.0000613587	5.8546813259E-9	-0.0000045765	3.6199360540E-9	11.100	26.400
6/26/2022	7:51 AM	-0.2853912100	85.000	38.000	40.000	0.0000010000	-0.0000613681	6.5756773239E-9	-0.0000045946	1.0432124137E-9	11.100	26.400
6/26/2022	7:51 AM	-0.2879056700	85.000	38.000	40.000	0.0000010000	-0.0000613617	7.2933692585E-9	-0.0000045996	7.9842630675E-10	11.100	26.400
6/26/2022	7:52 AM	-0.2904201300	85.000	38.000	40.000	0.0000010000	-0.0000613623	5.8579093968E-9	-0.0000045858	7.6226618169E-10	11.100	26.400
6/26/2022	7:53 AM	-0.2929345900	85.000	38.000	40.000	0.0000010000	-0.0000613633	4.3607994481E-9	-0.0000045990	4.7863046408E-10	11.100	26.400
6/26/2022	7:54 AM	-0.2954490500	85.000	38.000	40.000	0.0000010000	-0.0000613640	5.4757498188E-9	-0.0000045760	9.5726092816E-10	11.100	26.400
6/26/2022	7:54 AM	-0.2979635100	85.000	38.000	40.000	0.0000010000	-0.0000613632	3.0019694080E-9	-0.0000045612	3.3352840726E-9	11.100	26.400
6/26/2022	7:55 AM	-0.3004779700	85.000	38.000	40.000	0.0000010000	-0.0000613675	6.1655448726E-9	-0.0000045882	2.5495097568E-10	11.100	26.400
6/26/2022	7:56 AM	-0.3004779700	85.000	38.000	40.000	0.0000010000	-0.0000613599	8.2212463403E-9	-0.0000045954	1.3554377489E-9	11.100	26.400
6/26/2022	7:56 AM	-0.2979635100	85.000	38.000	40.000	0.0000010000	-0.0000613695	5.9337349773E-9	-0.0000046004	6.4510098534E-10	11.100	26.400
6/26/2022	7:57 AM	-0.2954490500	85.000	38.000	40.000	0.0000010000	-0.0000613694	6.3114957234E-9	-0.0000045919	1.0276472679E-9	11.100	26.400
6/26/2022	7:58 AM	-0.2929345900	85.000	38.000	40.000	0.0000010000	-0.0000613662	7.4326877069E-9	-0.0000045975	7.0710678119E-10	11.100	26.400
6/26/2022	7:58 AM	-0.2904201300	85.000	38.000	40.000	0.0000010000	-0.0000613650	5.6193581382E-9	-0.0000045943	4.7602787773E-10	11.100	26.400
6/26/2022	7:59 AM	-0.2879056700	85.000	38.000	40.000	0.0000010000	-0.0000613597	5.9676876977E-9	-0.0000045858	5.4649857042E-10	11.100	26.400
6/26/2022	8:00 AM	-0.2853912100	85.000	38.000	40.000	0.0000010000	-0.0000613594	5.6851837382E-9	-0.0000045737	1.5683321446E-9	11.100	26.400
6/26/2022	8:01 AM	-0.2828767500	85.000	38.000	40.000	0.0000010000	-0.0000613623	2.9103994282E-9	-0.0000045922	5.3851648071E-10	11.100	26.400
6/26/2022	8:01 AM	-0.2803622900	85.000	38.000	40.000	0.0000010000	-0.0000613666	6.4383498945E-9	-0.0000045738	1.7553379675E-9	11.100	26.400
6/26/2022	8:02 AM	-0.2778478300	85.000	38.000	40.000	0.0000010000	-0.0000613674	9.0364327291E-9	-0.0000045989	5.4063625993E-10	11.100	26.400
6/26/2022	8:03 AM	-0.2753333700	85.000	38.000	40.000	0.0000010000	-0.0000613696	8.3834460725E-9	-0.0000045815	5.7008771255E-10	11.100	26.400
6/26/2022	8:03 AM	-0.2728189100	85.000	38.000	40.000	0.0000010000	-0.0000613556	1.0428602162E-8	-0.0000045863	4.1402208188E-10	11.100	26.400
6/26/2022	8:04 AM	-0.2703044500	85.000	38.000	40.000	0.0000010000	-0.0000613660	7.7462526738E-9	-0.0000045978	1.1039933485E-9	11.100	26.400
6/26/2022	8:05 AM	-0.2677899900	85.000	38.000	40.000	0.0000010000	-0.0000613634	7.3005042434E-9	-0.0000045897	1.0032824530E-9	11.100	26.400
6/26/2022	8:05 AM	-0.2652755300	85.000	38.000	40.000	0.0000010000	-0.0000613732	4.9623766990E-9	-0.0000045801	1.0549509757E-9	11.100	26.400
6/26/2022	8:06 AM	-0.2627610700	85.000	38.000	40.000	0.0000010000	-0.0000613581	5.2935695664E-9	-0.0000045910	0.0000000000E+0	11.100	26.400
6/26/2022	8:07 AM	-0.2602466100	85.000	38.000	40.000	0.0000010000	-0.0000613697	5.7016393231E-9	-0.0000045674	2.0001481102E-9	11.100	26.400
6/26/2022	8:08 AM	-0.2577321500	85.000	38.000	40.000	0.0000010000	-0.0000613681	3.3413934068E-9	-0.0000046124	1.9924716621E-9	11.100	26.400
6/26/2022	8:08 AM	-0.2552176900	85.000	38.000	40.000	0.0000010000	-0.0000613640	4.3505457976E-9	-0.0000045929	1.5093031240E-9	11.100	26.400
6/26/2022	8:09 AM	-0.2527032300	85.000	38.000	40.000	0.0000010000	-0.0000613592	5.7512419246E-9	-0.0000045970	7.2820159556E-10	11.100	26.400
6/26/2022	8:10 AM	-0.2501887700	85.000	38.000	40.000	0.0000010000	-0.0000613641	8.1490017157E-9	-0.0000045968	7.6226618169E-10	11.100	26.400
6/26/2022	8:10 AM	-0.2476743100	85.000	38.000	40.000	0.0000010000	-0.0000613664	8.1743042697E-9	-0.0000045866	1.3022703843E-9	11.100	26.400
6/26/2022	8:11 AM	-0.2451598500	85.000	38.000	40.000	0.0000010000	-0.0000613593	6.4411082536E-9	-0.0000045617	2.9255752213E-9	11.100	26.400
6/26/2022	8:12 AM	-0.2426453900	85.000	38.000	40.000	0.0000010000	-0.0000613654	6.3635949086E-9	-0.0000045732	1.0894284674E-9	11.100	26.400
6/26/2022	8:13 AM	-0.2401309300	85.000	38.000	40.000	0.0000010000	-0.0000613643	8.8308673152E-9	-0.0000045968	4.7602787773E-10	11.100	26.400
6/26/2022	8:13 AM	-0.2376164700	85.000	38.000	40.000	0.0000010000	-0.0000613625	7.5463602766E-9	-0.0000045836	1.4011456724E-9	11.100	26.400
6/26/2022	8:14 AM	-0.2351020100	85.000	38.000	40.000	0.0000010000	-0.0000613651	3.8842994749E-9	-0.0000045970	8.6988284501E-10	11.100	26.400
6/26/2022	8:15 AM	-0.2325875500	85.000	38.000	40.000	0.0000010000	-0.0000610569	9.1440722766E-9	-0.0000045669	5.7416573868E-10	11.100	26.400
6/26/2022	8:15 AM	-0.2300730900	85.000	38.000	40.000	0.0000010000	-0.0000610542	5.0967222302E-9	-0.0000045640	6.1719913269E-10	11.100	26.400
6/26/2022	8:16 AM	-0.2275586300	85.000	38.000	40.000	0.0000010000	-0.0000610581	6.2343579125E-9	-0.0000045588	4.7416573868E-10	11.100	26.400
6/26/2022	8:17 AM	-0.2250441700	85.000	38.000	40.000	0.0000010000	-0.0000610644	5.9717313947E-9	-0.0000045536	8.6163530729E-10	11.100	26.400
6/26/2022	8:17 AM	-0.2225297100	85.000	38.000	40.000	0.0000010000	-0.0000610544	8.0985971592E-9	-0.0000045732	7.6278691088E-10	11.100	26.400
6/26/2022	8:18 AM	-0.2200152500	85.000	38.000	40.000	0.0000010000	-0.0000610556	6.4008787568E-9	-0.0000045247	5.9260019795E-9	11.100	26.400
6/26/2022	8:19 AM	-0.2175007900	85.000	38.000	40.000	0.0000010000	-0.0000610590	4.6042603300E-9	-0.0000045592	9.6205775687E-10	11.100	26.400
6/26/2022	8:20 AM	-0.2149863300	85.000	38.000	40.000	0.0000010000	-0.0000610426	4.2593977300E-9	-0.0000045739	1.1700877125E-9	11.100	26.400
6/26/2022	8:20 AM	-0.2124718700	85.000	38.000	40.000	0.0000010000	-0.0000610470	4.5174774869E-9	-0.0000045666	1.6029622846E-9	11.100	26.400
6/26/2022	8:21 AM	-0.2099574100	85.000	38.000	40.000	0.0000010000	-0.0000610553	2.0982290963E-9	-0.0000045643	5.9681613616E-10	11.100	26.400
6/26/2022	8:22 AM	-0.2074429500	82.000	38.000	40.000	0.0000010000	-0.0000610584	5.8918948754E-9	-0.0000045763	2.8058837015E-10	11.100	26.400
6/26/2022	8:22 AM	-0.2049284900	82.000	38.000	40.000	0.0000010000	-0.0000610585	4.9668158291E-9	-0.0000045732	6.0850436627E-10	11.100	26.400
6/26/2022	8:23 AM	-0.2024140300	82.000	38.000	40.000	0.0000010000	-0.0000610560	2.7902547031E-9	-0.0000045668	1.0025581909E-9	11.100	26.400
6/26/2022	8:24 AM	-0.1998995700	82.000	38.000	40.000	0.0000010000	-0.0000610582	6.4656641301E-9	-0.0000045340	3.6156791662E-9	11.000	26.400
6/26/2022	8:25 AM	-0.1973851100	82.000	38.000	40.000	0.0000010000	-0.0000610508	5.0303849519E-9	-0.0000045548	2.0636809248E-9	11.100	26.400
6/26/2022	8:25 AM	-0.1948706500	82.000	38.000	40.000	0.0000010000	-0.0000610513	7.8392074476E-9	-0.0000045670	5.8615541191E-10	11.000	26.400
6/26/2022	8:26 AM	-0.1923561900	82.000	38.000	40.000	0.0000010000	-0.0000610553	4.2777533530E-9	-0.0000045728	5.2619936850E-10	11.100	26.400
6/26/2022	8:27 AM	-0.1898417300	82.000	38.000	40.000	0.0000010000	-0.0000610598	9.5244534465E-9	-0.0000045604	7.5746071035E-10	11.000	26.400
6/26/2022	8:27 AM	-0.1873272700	82.000	38.000	40.000	0.0000010000	-0.0000610535	6.9723413572E-9	-0.0000045560	2.0000000000E-10	11.000	26.400
6/26/2022	8:28 AM	-0.1848128100	82.000	38.000	40.000	0.0000010000	-0.0000610516	4.4157447815E-9	-0.0000045745	8.2158383626E-10	11.000	26.400
6/26/2022	8:29 AM	-0.1822983500	82.000	38.000	40.000	0.0000010000	-0.0000610656	3.4259580339E-9	-0.0000045749	7.8366965395E-10	11.000	26.400
6/26/2022	8:30 AM	-0.1797838900	82.000	38.000	40.000	0.0000010000	-0.0000610485	3.9495623943E-9	-0.0000045648	6.0850436627E-10	11.000	26.400
6/26/2022	8:30 AM	-0.1772694300	82.000	38.000	40.000	0.0000010000	-0.0000610602	4.2247605497E-9	-0.0000045645	1.0451906340E-9	11.000	26.400
6/26/2022	8:31 AM	-0.1747549700	82.000	38.000	40.000	0.0000010000	-0.0000610548	1.0738175859E-8	-0.0000045634	6.4510098534E-10	11.000	26.400
6/26/2022	8:32 AM	-0.1722405100	82.000	38.000	40.000	0.0000010000	-0.0000610639	9.5626831680E-9	-0.0000045690	3.9154759474E-10	11.000	26.400
6/26/2022	8:32 AM	-0.1697260500	82.000	38.000	40.000	0.0000010000	-0.0000610555	9.1489834735E-9	-0.0000045603	6.5076379411E-10	11.000	26.400
6/26/2022	8:33 AM	-0.1672115900	82.000	38.000	40.000	0.0000010000	-0.0000610608	5.4776973020E-9	-0.0000045505	2.3188610880E-9	11.000	26.400
6/26/2022	8:34 AM	-0.1646971300	82.000	38.000	40.000	0.0000010000	-0.0000610554	5.6455724579E-9	-0.0000045624	4.4203384502E-10	11.000	26.400
6/26/2022	8:34 AM	-0.1621826700	82.000	38.000	40.000	0.0000010000	-0.0000610589	8.1529128590E-9	-0.0000045544	1.5853483710E-9	11.000	26.400
6/26/2022	8:35 AM	-0.1596682100	82.000	38.000	40.000	0.0000010000	-0.0000610683	6.6736928625E-9	-0.0000045624	3.2247448714E-10	11.000	26.400
6/26/2022	8:36 AM	-0.1571537500	82.000	38.000	40.000	0.0000010000	-0.0000610670	7.4984495218E-9	-0.0000045475	1.4684078243E-9	11.000	26.400
6/26/2022	8:37 AM	-0.1546392900	82.000	38.000	40.000	0.0000010000	-0.0000610542	7.8832868468E-9	-0.0000045724	1.1517801214E-9	11.000	26.400
6/26/2022	8:37 AM	-0.1521248300	82.000	38.000	40.000	0.0000010000	-0.0000610485	5.9336090308E-9	-0.0000045691	5.6368092477E-10	11.000	26.400
6/26/2022	8:38 AM	-0.1496103700	82.000	38.000	40.000	0.0000010000	-0.0000610549	6.6398753838E-9	-0.0000045673	6.0850436627E-10	11.000	26.400
6/26/2022	8:39 AM	-0.1470959100	82.000	38.000	40.000	0.0000010000	-0.0000610581	4.4779970943E-9	-0.0000045799	2.3846181960E-9	11.000	26.400
6/26/2022	8:39 AM	-0.1445814500	82.000	38.000	40.000	0.0000010000	-0.0000610431	5.3982861065E-9	-0.0000045723	5.3851648071E-10	11.000	26.400
6/26/2022	8:40 AM	-0.1420669900	82.000	38.000	40.000	0.0000010000	-0.0000610619	4.1974028033E-9	-0.0000045699	8.0710678119E-10	11.000	26.400
6/26/2022	8:41 AM	-0.1395525300	82.000	38.000	40.000	0.0000010000	-0.0000610648	4.1424066228E-9	-0.0000045897	1.7111204207E-9	11.000	26.400
6/26/2022	8:41 AM	-0.1370380700	82.000	38.000	40.000	0.0000010000	-0.0000610557	5.3994024792E-9	-0.0000045663	5.3851648071E-10	11.000	26.400
6/26/2022	8:42 AM	-0.1345236100	0.900	38.000	40.000	0.0000010000	-0.0000610588	7.8408399760E-9	-0.0000045709	6.6099096785E-10	11.000	26.400
6/26/2022	8:43 AM	-0.1320091500	82.000	38.000	40.000	0.0000010000	-0.0000610537	8.4628725356E-9	-0.0000045626	6.4510098534E-10	11.000	26.400
6/26/2022	8:44 AM	-0.1294946900	82.000	38.000	40.000	0.0000010000	-0.0000610520	6.0465770608E-9	-0.0000045617	6.0850436627E-10	11.000	26.400
6/26/2022	8:44 AM	-0.1269802300	82.000	38.000	40.000	0.0000010000	-0.0000610515	4.1455137983E-9	-0.0000045877	1.6291557785E-9	11.000	26.400
6/26/2022	8:45 AM	-0.1244657700	82.000	38.000	40.000	0.0000010000	-0.0000610495	5.7568060586E-9	-0.0000045536	1.5564659966E-9	11.000	26.400
6/26/2022	8:46 AM	-0.1219513100	82.000	38.000	40.000	0.0000010000	-0.0000610540	6.5394758917E-9	-0.0000045618	1.8463887552E-9	11.000	26.400
6/26/2022	8:46 AM	-0.1194368500	82.000	38.000	40.000	0.0000010000	-0.0000610503	6.3673293583E-9	-0.0000045694	8.5166481892E-10	11.000	26.400
6/26/2022	8:47 AM	-0.1169223900	82.000	38.000	40.000	0.0000010000	-0.0000610562	5.7851026396E-9	-0.0000045652	8.3006407546E-10	11.000	26.400
6/26/2022	8:48 AM	-0.1144079300	82.000	38.000	40.000	0.0000010000	-0.0000610617	4.5747406276E-9	-0.0000045706	7.9945530503E-10	11.000	26.400
6/26/2022	8:49 AM	-0.1118934700	82.000	38.000	40.000	0.0000010000	-0.0000610541	7.5277244927E-9	-0.0000045466	2.1351105434E-9	11.000	26.400
6/26/2022	8:49 AM	-0.1093790100	82.000	38.000	40.000	0.0000010000	-0.0000610544	6.6135979669E-9	-0.0000045632	5.5355339059E-10	11.000	26.400
6/26/2022	8:50 AM	-0.1068645500	82.000	38.000	40.000	0.0000010000	-0.0000610491	6.5279762511E-9	-0.0000045876	1.8860022573E-9	11.000	26.400
6/26/2022	8:51 AM	-0.1043500900	82.000	38.000	40.000	0.0000010000	-0.0000610636	9.2663668549E-9	-0.0000045713	4.7602787773E-10	11.000	26.400
6/26/2022	8:51 AM	-0.1018356300	82.000	38.000	40.000	0.0000010000	-0.0000610539	4.0721174436E-9	-0.0000045663	1.7237704277E-9	11.000	26.400
6/26/2022	8:52 AM	-0.0993211700	82.000	38.000	40.000	0.0000010000	-0.0000610502	6.2547997183E-9	-0.0000045733	5.6124860802E-10	11.000	26.400
6/26/2022	8:53 AM	-0.0968067100	82.000	38.000	40.000	0.0000010000	-0.0000610470	9.0158141565E-9	-0.0000045772	1.2913281926E-9	11.000	26.400
6/26/2022	8:53 AM	-0.0942922500	82.000	38.000	40.000	0.0000010000	-0.0000610591	4.6908579329E-9	-0.0000045654	3.2247448714E-10	11.000	26.400
6/26/2022	8:54 AM	-0.0917777900	82.000	38.000	40.000	0.0000010000	-0.0000610646	4.8361093510E-9	-0.0000045608	1.1543375949E-9	11.000	26.400
6/26/2022	8:55 AM	-0.0892633300	82.000	38.000	40.000	0.0000010000	-0.0000610516	5.2831584256E-9	-0.0000045376	3.7301162634E-9	11.000	26.400
6/26/2022	8:56 AM	-0.0867488700	82.000	38.000	40.000	0.0000010000	-0.0000610579	6.6234430752E-9	-0.0000045619	2.0327367515E-9	11.000	26.400
6/26/2022	8:56 AM	-0.0842344100	82.000	38.000	40.000	0.0000010000	-0.0000610560	1.6881359787E-9	-0.0000045763	6.5632839974E-10	11.000	26.400
6/26/2022	8:57 AM	-0.0817199500	82.000	38.000	40.000	0.0000010000	-0.0000610563	6.2238617267E-9	-0.0000045539	1.1905607780E-9	11.000	26.400
6/26/2022	8:58 AM	-0.0792054900	82.000	38.000	40.000	0.0000010000	-0.0000610546	6.0615943002E-9	-0.0000045477	1.7164667096E-9	11.000	26.400
6/26/2022	8:58 AM	-0.0766910300	82.000	38.000	40.000	0.0000010000	-0.0000610567	3.2075720974E-9	-0.0000045620	8.4010949186E-10	11.000	26.400
6/26/2022	8:59 AM	-0.0741765700	82.000	38.000	40.000	0.0000010000	-0.0000610655	6.7086647891E-9	-0.0000045704	5.4063625993E-10	11.000	26.400
6/26/2022	9:00 AM	-0.0716621100	82.000	38.000	40.000	0.0000010000	-0.0000610610	8.3328804315E-9	-0.0000045626	6.5076379411E-10	11.000	26.400
6/26/2022	9:00 AM	-0.0691476500	82.000	38.000	40.000	0.0000010000	-0.0000610535	6.7965089379E-9	-0.0000045790	6.6978115661E-10	11.000	26.400
6/26/2022	9:01 AM	-0.0666331900	82.000	38.000	40.000	0.0000010000	-0.0000610458	7.3568304714E-9	-0.0000045702	5.7117874170E-10	11.000	26.400
6/26/2022	9:02 AM	-0.0641187300	82.000	38.000	40.000	0.0000010000	-0.0000610610	6.3902598533E-9	-0.0000045824	7.5192024052E-10	11.000	26.400
6/26/2022	9:03 AM	-0.0616042700	82.000	38.000	40.000	0.0000010000	-0.0000610587	7.0814420754E-9	-0.0000045698	5.5259075049E-10	11.000	26.400
6/26/2022	9:03 AM	-0.0590898100	82.000	38.000	40.000	0.0000010000	-0.0000610632	8.6781908282E-9	-0.0000045630	1.0770329614E-9	11.000	26.400
6/26/2022	9:04 AM	-0.0565753500	82.000	38.000	40.000	0.0000010000	-0.0000610520	5.2474593302E-9	-0.0000045561	2.9154759474E-10	11.000	26.400
6/26/2022	9:05 AM	-0.0540608900	82.000	38.000	40.000	0.0000010000	-0.0000610521	3.5475415106E-9	-0.0000045742	6.5076379411E-10	11.000	26.400
6/26/2022	9:05 AM	-0.0515464300	82.000	38.000	40.000	0.0000010000	-0.0000610540	5.2548321186E-9	-0.0000045553	1.7604486534E-9	11.000	26.400
6/26/2022	9:06 AM	-0.0490319700	82.000	38.000	40.000	0.0000010000	-0.0000610607	3.6577300022E-9	-0.0000045771	5.4063625993E-10	11.000	26.400
6/26/2022	9:07 AM	-0.0465175100	82.000	38.000	40.000	0.0000010000	-0.0000610583	6.2222556757E-9	-0.0000045751	5.1515439249E-10	11.000	26.400
6/26/2022	9:07 AM	-0.0440030500	82.000	38.000	40.000	0.0000010000	-0.0000610530	5.2733255344E-9	-0.0000045614	9.8881944173E-10	11.000	26.400
6/26/2022	9:08 AM	-0.0414885900	82.000	38.000	40.000	0.0000010000	-0.0000610519	3.7597311316E-9	-0.0000045548	7.7631558048E-10	11.000	26.400
6/26/2022	9:09 AM	-0.0389741300	82.000	38.000	40.000	0.0000010000	-0.0000610567	6.3140764493E-9	-0.0000045791	1.3520516919E-9	11.000	26.400
6/26/2022	9:10 AM	-0.0364596700	82.000	38.000	40.000	0.0000010000	-0.0000610541	8.6562737592E-9	-0.0000045776	1.7922139503E-9	11.000	26.400
6/26/2022	9:10 AM	-0.0339452100	82.000	38.000	40.000	0.0000010000	-0.0000610502	8.5484614924E-9	-0.0000045644	6.5076379411E-10	11.000	26.400
6/26/2022	9:11 AM	-0.0314307500	82.000	38.000	40.000	0.0000010000	-0.0000610566	5.6262518324E-9	-0.0000045373	3.6183759767E-9	11.000	26.400
6/26/2022	9:12 AM	-0.0289162900	82.000	38.000	40.000	0.0000010000	-0.0000610573	7.8970704362E-9	-0.0000045712	1.2216013566E-9	11.000	26.400
6/26/2022	9:12 AM	-0.0264018300	82.000	38.000	40.000	0.0000010000	-0.0000610611	2.6900147857E-9	-0.0000045705	5.8708286934E-10	11.000	26.400
6/26/2022	9:13 AM	-0.0238873700	82.000	38.000	40.000	0.0000010000	-0.0000610477	7.2662034566E-9	-0.0000045729	1.8708286934E-10	11.000	26.400
6/26/2022	9:14 AM	-0.0213729100	82.000	38.000	40.000	0.0000010000	-0.0000610606	7.4569018671E-9	-0.0000045664	7.6278691088E-10	11.000	26.400
6/26/2022	9:14 AM	-0.0188584500	82.000	38.000	40.000	0.0000010000	-0.0000610588	8.6662475278E-9	-0.0000045764	1.3316630590E-9	11.000	26.400
6/26/2022	9:15 AM	-0.0163439900	82.000	38.000	40.000	0.0000010000	-0.0000610625	4.4278157285E-9	-0.0000045569	1.1000000000E-9	11.000	26.400
6/26/2022	9:16 AM	-0.0138295300	82.000	38.000	40.000	0.0000010000	-0.0000610566	5.8582791722E-9	-0.0000045744	1.2868479581E-9	11.000	26.400
6/26/2022	9:17 AM	-0.0113150700	82.000	38.000	40.000	0.0000010000	-0.0000610552	7.3524616849E-9	-0.0000045764	1.0889202844E-9	11.000	26.400
6/26/2022	9:17 AM	-0.0088006100	82.000	38.000	40.000	0.0000010000	-0.0000610583	7.1162948265E-9	-0.0000045755	4.9664022582E-10	11.000	26.400
6/26/2022	9:18 AM	-0.0062861500	82.000	38.000	40.000	0.0000010000	-0.0000610508	5.9997059851E-9	-0.0000045735	3.7742546282E-10	11.000	26.400
6/26/2022	9:19 AM	-0.0037716900	82.000	38.000	40.000	0.0000010000	-0.0000610463	6.1127948612E-9	-0.0000045753	2.2247448714E-10	11.000	26.400
6/26/2022	9:19 AM	-0.0012572300	82.000	38.000	40.000	0.0000010000	-0.0000610512	8.3378411913E-9	-0.0000045809	1.3539918022E-9	11.000	26.400
6/26/2022	9:20 AM	0.0012572300	82.000	38.000	40.000	0.0000010000	-0.0000610543	5.9064425237E-9	-0.0000045706	5.1515439249E-10	11.000	26.400
6/26/2022	9:21 AM	0.0037716900	82.000	38.000	40.000	0.0000010000	-0.0000610519	4.8970830011E-9	-0.0000045461	1.1677078252E-9	11.000	26.400
6/26/2022	9:21 AM	0.0062861500	78.100	38.000	40.000	0.0000010000	-0.0000610560	5.3815996914E-9	-0.0000045722	2.2247448714E-10	11.000	26.400
6/26/2022	9:22 AM	0.0088006100	78.100	38.000	40.000	0.0000010000	-0.0000610504	5.9499248222E-9	-0.0000045636	8.0438357199E-10	11.000	26.400
6/26/2022	9:23 AM	0.0113150700	78.100	38.000	40.000	0.0000010000	-0.0000610574	6.2159519807E-9	-0.0000045622	7.2166385809E-10	11.000	26.400
6/26/2022	9:24 AM	0.0138295300	78.100	38.000	40.000	0.0000010000	-0.0000610648	5.2592074232E-9	-0.0000045609	3.1653812134E-9	11.000	26.400
6/26/2022	9:24 AM	0.0163439900	78.100	38.000	40.000	0.0000010000	-0.0000610589	8.3175137236E-9	-0.0000045631	8.3804616516E-10	11.000	26.400
6/26/2022	9:25 AM	0.0188584500	78.100	38.000	40.000	0.0000010000	-0.0000610504	6.1325433985E-9	-0.0000045680	8.8190908485E-10	11.000	26.400
6/26/2022	9:26 AM	0.0213729100	78.100	38.000	40.000	0.0000010000	-0.0000610592	4.5242078696E-9	-0.0000045775	6.6978115661E-10	11.000	26.400
6/26/2022	9:27 AM	0.0238873700	78.100	38.000	40.000	0.0000010000	-0.0000610549	8.4059773168E-9	-0.0000045636	8.0710678119E-10	11.000	26.400
6/26/2022	9:27 AM	0.0264018300	78.100	38.000	40.000	0.0000010000	-0.0000610558	7.5231560676E-9	-0.0000045800	4.6159098630E-10	11.000	26.400
6/26/2022	9:28 AM	0.0289162900	78.100	38.000	40.000	0.0000010000	-0.0000610665	9.1224384519E-9	-0.0000045522	1.0135715639E-9	11.000	26.400
6/26/2022	9:29 AM	0.0314307500	78.100	38.000	40.000	0.0000010000	-0.0000610574	6.0278793729E-9	-0.0000045622	1.0403124237E-9	11.000	26.400
6/26/2022	9:29 AM	0.0339452100	78.100	38.000	40.000	0.0000010000	-0.0000610378	5.4281654633E-9	-0.0000045768	5.4649857042E-10	11.000	26.400
6/26/2022	9:30 AM	0.0364596700	78.100	38.000	40.000	0.0000010000	-0.0000610434	8.6329832809E-9	-0.0000045743	1.2840192568E-9	11.000	26.400
6/26/2022	9:31 AM	0.0389741300	78.100	38.000	40.000	0.0000010000	-0.0000610516	3.6912140802E-9	-0.0000045703	8.1723431537E-10	11.000	26.400
6/26/2022	9:31 AM	0.0414885900	78.100	38.000	40.000	0.0000010000	-0.0000610508	4.7944733976E-9	-0.0000045712	6.0850436627E-10	11.000	26.400
6/26/2022	9:32 AM	0.0440030500	78.100	38.000	40.000	0.0000010000	-0.0000610518	6.0880242692E-9	-0.0000045790	8.8102496759E-10	11.000	26.400
6/26/2022	9:33 AM	0.0465175100	78.100	38.000	40.000	0.0000010000	-0.0000610544	7.2779794562E-9	-0.0000045289	3.8967935537E-9	11.000	26.400
6/26/2022	9:34 AM	0.0490319700	78.100	38.000	40.000	0.0000010000	-0.0000610532	7.8889411725E-9	-0.0000045640	3.9154759474E-10	11.000	26.400
6/26/2022	9:34 AM	0.0515464300	78.100	38.000	40.000	0.0000010000	-0.0000610458	6.1275256666E-9	-0.0000045718	1.2247448714E-10	11.000	26.400
6/26/2022	9:35 AM	0.0540608900	78.100	38.000	40.000	0.0000010000	-0.0000610506	6.9204861162E-9	-0.0000045618	9.0471787406E-10	11.000	26.400
6/26/2022	9:36 AM	0.0565753500	78.100	38.000	40.000	0.0000010000	-0.0000610475	5.9522005102E-9	-0.0000045837	8.4031242374E-10	11.000	26.400
6/26/2022	9:36 AM	0.0590898100	78.100	38.000	40.000	0.0000010000	-0.0000610528	4.0068952188E-9	-0.0000045566	1.5556216368E-9	11.000	26.400
6/26/2022	9:37 AM	0.0616042700	78.100	38.000	40.000	0.0000010000	-0.0000610529	5.2138516808E-9	-0.0000045544	1.3460250527E-9	11.000	26.400
6/26/2022	9:38 AM	0.0641187300	78.100	38.000	40.000	0.0000010000	-0.0000610428	4.6111007330E-9	-0.0000045804	1.3806248475E-9	11.000	26.400
6/26/2022	9:39 AM	0.0666331900	78.100	38.000	40.000	0.0000010000	-0.0000610540	7.6868526827E-9	-0.0000045599	7.5522851952E-10	11.000	26.400
6/26/2022	9:39 AM	0.0691476500	78.100	38.000	40.000	0.0000010000	-0.0000610435	7.5797761388E-9	-0.0000045670	5.2867640737E-10	11.000	26.400
6/26/2022	9:40 AM	0.0716621100	78.100	38.000	40.000	0.0000010000	-0.0000610441	6.9221532028E-9	-0.0000045630	6.7879184514E-10	11.000	26.400
6/26/2022	9:41 AM	0.0741765700	78.100	38.000	40.000	0.0000010000	-0.0000610591	3.2905646203E-9	-0.0000045323	2.9784343403E-9	11.000	26.400
6/26/2022	9:41 AM	0.0766910300	78.100	38.000	40.000	0.0000010000	-0.0000610524	3.8150682703E-9	-0.0000045788	1.0725725623E-9	11.000	26.400
6/26/2022	9:42 AM	0.0792054900	78.100	38.000	40.000	0.0000010000	-0.0000610497	5.6213867530E-9	-0.0000045807	1.1467344941E-9	11.000	26.400
6/26/2022	9:43 AM	0.0817199500	78.100	38.000	40.000	0.0000010000	-0.0000610537	3.4839849374E-9	-0.0000045652	3.5495097568E-10	11.000	26.400
6/26/2022	9:44 AM	0.0842344100	78.100	38.000	40.000	0.0000010000	-0.0000610467	4.2614998209E-9	-0.0000045651	7.8366965395E-10	11.000	26.400
6/26/2022	9:44 AM	0.0867488700	78.100	38.000	40.000	0.0000010000	-0.0000610521	6.1824080192E-9	-0.0000045665	1.2771944937E-9	11.000	26.400
6/26/2022	9:45 AM	0.0892633300	78.100	38.000	40.000	0.0000010000	-0.0000610584	3.5017787728E-9	-0.0000045672	6.9154759474E-10	11.000	26.400
6/26/2022	9:46 AM	0.0917777900	78.100	38.000	40.000	0.0000010000	-0.0000610593	3.3597263038E-9	-0.0000045713	6.3851648071E-10	11.000	26.400
6/26/2022	9:46 AM	0.0942922500	78.100	38.000	40.000	0.0000010000	-0.0000610581	3.4303641191E-9	-0.0000045613	5.3851648071E-10	11.000	26.400
6/26/2022	9:47 AM	0.0968067100	78.100	38.000	40.000	0.0000010000	-0.0000610538	4.7200374176E-9	-0.0000059706	9.4346783526E-10	11.000	26.400
6/26/2022	9:48 AM	0.0993211700	78.100	38.000	40.000	0.0000010000	-0.0000610418	8.4692230437E-9	-0.0000059865	3.7416573868E-10	11.000	26.400
6/26/2022	9:49 AM	0.1018356300	78.100	38.000	40.000	0.0000010000	-0.0000610415	6.2970286174E-9	-0.0000059831	6.4031242374E-10	11.000	26.400
6/26/2022	9:49 AM	0.1043500900	78.100	38.000	40.000	0.0000010000	-0.0000610422	6.0313738039E-9	-0.0000059849	9.5910963477E-10	11.000	26.400
6/26/2022	9:50 AM	0.1068645500	78.100	38.000	40.000	0.0000010000	-0.0000610501	1.0904045222E-8	-0.0000059743	8.9206987131E-10	11.000	26.400
6/26/2022	9:51 AM	0.1093790100	78.100	38.000	40.000	0.0000010000	-0.0000610571	2.3674461750E-9	-0.0000060000	3.7742546282E-10	11.000	26.400
6/26/2022	9:51 AM	0.1118934700	78.100	38.000	40.000	0.0000010000	-0.0000610459	4.2788987557E-9	-0.0000059460	4.1911058913E-9	11.000	26.400
6/26/2022	9:52 AM	0.1144079300	78.100	38.000	40.000	0.0000010000	-0.0000610481	4.1408412713E-9	-0.0000059853	6.5076379411E-10	11.000	26.400
6/26/2022	9:53 AM	0.1169223900	78.100	38.000	40.000	0.0000010000	-0.0000610459	6.5435454918E-9	-0.0000059738	1.6396667740E-9	11.000	26.400
6/26/2022	9:54 AM	0.1194368500	78.100	38.000	40.000	0.0000010000	-0.0000610440	5.5004540327E-9	-0.0000059756	9.9386581434E-10	11.000	26.400
6/26/2022	9:54 AM	0.1219513100	78.100	38.000	40.000	0.0000010000	-0.0000610419	4.3546456169E-9	-0.0000059977	1.2474226377E-9	11.000	26.400
6/26/2022	9:55 AM	0.1244657700	78.100	38.000	40.000	0.0000010000	-0.0000610428	7.8022591787E-9	-0.0000060019	9.5166481892E-10	11.000	26.400
6/26/2022	9:56 AM	0.1269802300	78.100	38.000	40.000	0.0000010000	-0.0000610547	5.2094002499E-9	-0.0000059908	1.2456232619E-9	11.000	26.400
6/26/2022	9:56 AM	0.1294946900	78.100	38.000	40.000	0.0000010000	-0.0000610454	5.5251874819E-9	-0.0000059852	3.0955735648E-10	11.000	26.400
6/26/2022	9:57 AM	0.1320091500	78.100	38.000	40.000	0.0000010000	-0.0000610429	9.2450581802E-9	-0.0000059840	6.5897105616E-10	11.000	26.400
6/26/2022	9:58 AM	0.1345236100	78.100	38.000	40.000	0.0000010000	-0.0000610436	4.7467891894E-9	-0.0000059856	5.2247448714E-10	11.000	26.400
6/26/2022	9:59 AM	0.1370380700	78.100	38.000	40.000	0.0000010000	-0.0000610534	5.4668498598E-9	-0.0000059932	3.5811388301E-10	11.000	26.400
6/26/2022	9:59 AM	0.1395525300	78.100	38.000	40.000	0.0000010000	-0.0000610442	3.8881096328E-9	-0.0000060039	1.6995784433E-9	11.000	26.400
6/26/2022	10:00 AM	0.1420669900	78.100	38.000	40.000	0.0000010000	-0.0000610334	8.2087703820E-9	-0.0000060008	4.6368092477E-10	11.000	26.400
6/26/2022	10:01 AM	0.1445814500	78.100	38.000	40.000	0.0000010000	-0.0000610389	4.7316879009E-9	-0.0000059801	1.2972380323E-9	11.000	26.400
6/26/2022	10:01 AM	0.1470959100	78.100	38.000	40.000	0.0000010000	-0.0000610388	8.6225192898E-9	-0.0000059746	1.4030993346E-9	11.000	26.400
6/26/2022	10:02 AM	0.1496103700	78.100	38.000	40.000	0.0000010000	-0.0000610539	2.8239876905E-9	-0.0000059770	8.3784666345E-10	11.000	26.400
6/26/2022	10:03 AM	0.1521248300	78.100	38.000	40.000	0.0000010000	-0.0000610436	5.2861727995E-9	-0.0000059806	7.9346745639E-10	11.000	26.400
6/26/2022	10:03 AM	0.1546392900	78.100	38.000	40.000	0.0000010000	-0.0000610434	7.1014908254E-9	-0.0000059808	4.1402208188E-10	11.000	26.400
6/26/2022	10:04 AM	0.1571537500	78.100	38.000	40.000	0.0000010000	-0.0000610450	6.2259408077E-9	-0.0000060007	1.2247448714E-10	11.000	26.400
6/26/2022	10:05 AM	0.1596682100	78.100	38.000	40.000	0.0000010000	-0.0000610523	6.2175436107E-9	-0.0000059840	1.6407868650E-9	11.000	26.400
6/26/2022	10:06 AM	0.1621826700	78.100	38.000	40.000	0.0000010000	-0.0000610390	7.8536655355E-9	-0.0000059870	8.3143694192E-10	11.000	26.400
6/26/2022	10:06 AM	0.1646971300	78.100	38.000	40.000	0.0000010000	-0.0000610497	5.9837769179E-9	-0.0000059913	6.9256219969E-10	11.000	26.400
6/26/2022	10:07 AM	0.1672115900	78.100	38.000	40.000	0.0000010000	-0.0000610314	5.1493909193E-9	-0.0000059823	8.4002296786E-10	11.000	26.400
6/26/2022	10:08 AM	0.1697260500	78.100	38.000	40.000	0.0000010000	-0.0000610417	8.2719228788E-9	-0.0000059784	9.3874768826E-10	11.000	26.400
6/26/2022	10:08 AM	0.1722405100	78.100	38.000	40.000	0.0000010000	-0.0000610500	5.7424131817E-9	-0.0000059771	9.9865437593E-10	11.000	26.400
6/26/2022	10:09 AM	0.1747549700	78.100	38.000	40.000	0.0000010000	-0.0000610416	6.5556849233E-9	-0.0000059867	5.0000000000E-10	11.000	26.400
6/26/2022	10:10 AM	0.1772694300	78.100	38.000	40.000	0.0000010000	-0.0000610488	8.2465469795E-9	-0.0000059816	9.7157576010E-10	11.000	26.400
6/26/2022	10:11 AM	0.1797838900	78.100	38.000	40.000	0.0000010000	-0.0000610477	6.3268449099E-9	-0.0000059869	1.0548556983E-9	11.000	26.400
6/26/2022	10:11 AM	0.1822983500	78.100	38.000	40.000	0.0000010000	-0.0000610441	8.7340552313E-9	-0.0000059987	2.8058837015E-10	11.000	26.400
6/26/2022	10:12 AM	0.1848128100	78.100	38.000	40.000	0.0000010000	-0.0000610371	4.3222728240E-9	-0.0000059935	5.7716018834E-10	11.000	26.400
6/26/2022	10:13 AM	0.1873272700	78.100	38.000	40.000	0.0000010000	-0.0000610568	5.8646573608E-9	-0.0000059977	1.5768507575E-9	11.000	26.400
6/26/2022	10:13 AM	0.1898417300	78.100	38.000	40.000	0.0000010000	-0.0000610410	5.3374586955E-9	-0.0000059872	2.0000000000E-10	11.000	26.400
6/26/2022	10:14 AM	0.1923561900	78.100	38.000	40.000	0.0000010000	-0.0000610313	6.7247548900E-9	-0.0000059990	1.0907813181E-9	11.000	26.400
6/26/2022	10:15 AM	0.1948706500	78.100	38.000	40.000	0.0000010000	-0.0000610410	8.7141414989E-9	-0.0000059881	6.6368092477E-10	11.000	26.400
6/26/2022	10:15 AM	0.1973851100	78.100	38.000	40.000	0.0000010000	-0.0000610434	1.0068141930E-8	-0.0000059900	4.6742346142E-10	11.000	26.400
6/26/2022	10:16 AM	0.1998995700	78.100	38.000	40.000	0.0000010000	-0.0000610409	9.1116071172E-9	-0.0000059850	6.6099096785E-10	11.000	26.400
6/26/2022	10:17 AM	0.2024140300	78.100	38.000	40.000	0.0000010000	-0.0000610439	6.1086344717E-9	-0.0000059961	1.8708286934E-10	11.000	26.400
6/26/2022	10:18 AM	0.2049284900	78.100	38.000	40.000	0.0000010000	-0.0000610530	7.7176279738E-9	-0.0000059898	2.8708286934E-10	11.000	26.400
6/26/2022	10:18 AM	0.2074429500	78.100	38.000	40.000	0.0000010000	-0.0000610485	8.6708872314E-9	-0.0000059921	1.1027735043E-9	11.000	26.400
6/26/2022	10:19 AM	0.2099574100	78.100	38.000	40.000	0.0000010000	-0.0000610458	7.8879202590E-9	-0.0000059975	1.4692998236E-9	11.000	26.400
6/26/2022	10:20 AM	0.2124718700	78.100	38.000	40.000	0.0000010000	-0.0000610357	5.1132876503E-9	-0.0000059859	5.3385391260E-10	11.000	26.400
6/26/2022	10:20 AM	0.2149863300	78.100	38.000	40.000	0.0000010000	-0.0000610492	6.2440972949E-9	-0.0000059864	3.5495097568E-10	11.000	26.400
6/26/2022	10:21 AM	0.2175007900	78.100	38.000	40.000	0.0000010000	-0.0000610451	9.0689883923E-9	-0.0000059942	6.0850436627E-10	11.000	26.400
6/26/2022	10:22 AM	0.2200152500	75.000	38.000	40.000	0.0000010000	-0.0000610506	8.7396134984E-9	-0.0000060064	1.6154753215E-9	11.000	26.400
6/26/2022	10:22 AM	0.2225297100	75.000	38.000	40.000	0.0000010000	-0.0000610644	8.1211029033E-9	-0.0000059839	8.9379718813E-10	11.000	26.400
6/26/2022	10:23 AM	0.2250441700	75.000	38.000	40.000	0.0000010000	-0.0000610441	5.3458304046E-9	-0.0000059940	3.9154759474E-10	11.000	26.400
6/26/2022	10:24 AM	0.2275586300	75.000	38.000	40.000	0.0000010000	-0.0000610455	5.9842980351E-9	-0.0000059835	9.2764726786E-10	11.000	26.400
6/26/2022	10:25 AM	0.2300730900	75.000	38.000	40.000	0.0000010000	-0.0000610508	6.2765509950E-9	-0.0000059714	1.6698444093E-9	11.000	26.400
6/26/2022	10:25 AM	0.2325875500	75.000	38.000	40.000	0.0000010000	-0.0000610413	6.0386119576E-9	-0.0000059785	1.2641158308E-9	11.000	26.400
6/26/2022	10:26 AM	0.2351020100	75.000	38.000	40.000	0.0000010000	-0.0000610376	4.6298121035E-9	-0.0000059943	8.1167692474E-10	11.000	26.400
6/26/2022	10:27 AM	0.2376164700	75.000	38.000	40.000	0.0000010000	-0.0000610443	6.1977992380E-9	-0.0000059823	5.6968808264E-10	11.000	26.400
6/26/2022	10:27 AM	0.2401309300	75.000	38.000	40.000	0.0000010000	-0.0000610480	5.8365224222E-9	-0.0000059940	1.0186218983E-9	11.000	26.400
6/26/2022	10:28 AM	0.2426453900	75.000	38.000	40.000	0.0000010000	-0.0000610422	5.8790316612E-9	-0.0000059820	1.0881110051E-9	11.000	26.400
6/26/2022	10:29 AM	0.2451598500	75.000	38.000	40.000	0.0000010000	-0.0000610424	4.2189530800E-9	-0.0000059863	5.6368092477E-10	11.000	26.400
6/26/2022	10:30 AM	0.2476743100	75.000	38.000	40.000	0.0000010000	-0.0000610353	4.0956650011E-9	-0.0000059688	1.6037971125E-9	11.000	26.400
6/26/2022	10:30 AM	0.2501887700	75.000	38.000	40.000	0.0000010000	-0.0000610348	6.3873439376E-9	-0.0000059930	1.5811388301E-10	11.000	26.400
6/26/2022	10:31 AM	0.2527032300	75.000	38.000	40.000	0.0000010000	-0.0000610465	6.0409302985E-9	-0.0000059860	8.7552703827E-10	11.000	26.400
6/26/2022	10:32 AM	0.2552176900	75.000	38.000	40.000	0.0000010000	-0.0000610445	6.1454262417E-9	-0.0000059821	9.1417370250E-10	11.000	26.400
6/26/2022	10:33 AM	0.2577321500	75.000	38.000	40.000	0.0000010000	-0.0000610427	6.3712341354E-9	-0.0000059806	7.8366965395E-10	11.000	26.400
6/26/2022	10:33 AM	0.2602466100	75.000	38.000	40.000	0.0000010000	-0.0000610415	4.2449064401E-9	-0.0000059998	1.0842436902E-9	11.000	26.400
6/26/2022	10:34 AM	0.2627610700	75.000	38.000	40.000	0.0000010000	-0.0000610459	5.3550307447E-9	-0.0000059461	5.0003961994E-9	11.000	26.400
6/26/2022	10:35 AM	0.2652755300	75.000	38.000	40.000	0.0000010000	-0.0000610481	4.4650638127E-9	-0.0000059828	1.3592554199E-9	11.000	26.400
6/26/2022	10:36 AM	0.2677899900	75.000	38.000	40.000	0.0000010000	-0.0000610333	5.9158294104E-9	-0.0000059979	3.4519675235E-10	11.000	26.400
6/26/2022	10:36 AM	0.2703044500	75.000	38.000	40.000	0.0000010000	-0.0000610395	5.1887115585E-9	-0.0000059942	2.0000000000E-10	11.000	26.400
6/26/2022	10:37 AM	0.2728189100	75.000	38.000	40.000	0.0000010000	-0.0000610465	4.8587326029E-9	-0.0000059844	1.6771344914E-9	11.000	26.400
6/26/2022	10:38 AM	0.2753333700	75.000	38.000	40.000	0.0000010000	-0.0000610451	2.6811608775E-9	-0.0000060043	1.0711883953E-9	11.000	26.400
6/26/2022	10:38 AM	0.2778478300	75.000	38.000	40.000	0.0000010000	-0.0000610378	5.7798350993E-9	-0.0000059988	8.7080596449E-10	11.000	26.400
6/26/2022	10:39 AM	0.2803622900	75.000	38.000	40.000	0.0000010000	-0.0000610312	7.7268347036E-9	-0.0000059864	5.2619936850E-10	11.000	26.400
6/26/2022	10:40 AM	0.2828767500	75.000	38.000	40.000	0.0000010000	-0.0000610492	8.6945768556E-9	-0.0000060007	7.0126633228E-10	11.000	26.400
6/26/2022	10:40 AM	0.2853912100	75.000	38.000	40.000	0.0000010000	-0.0000610481	3.7634644006E-9	-0.0000059896	8.3832137633E-10	11.000	26.400
6/26/2022	10:41 AM	0.2879056700	75.000	38.000	40.000	0.0000010000	-0.0000610432	5.2714625907E-9	-0.0000059355	5.5714674295E-9	11.000	26.400
6/26/2022	10:42 AM	0.2904201300	75.000	38.000	40.000	0.0000010000	-0.0000610381	6.3778099283E-9	-0.0000059945	7.8579944521E-10	11.000	26.400
6/26/2022	10:43 AM	0.2929345900	75.000	38.000	40.000	0.0000010000	-0.0000610430	4.7395337133E-9	-0.0000059902	2.2247448714E-10	11.000	26.400
6/26/2022	10:43 AM	0.2954490500	75.000	38.000	40.000	0.0000010000	-0.0000610341	7.6942715540E-9	-0.0000059834	6.4031242374E-10	11.000	26.400
6/26/2022	10:44 AM	0.2979635100	75.000	38.000	40.000	0.0000010000	-0.0000610425	4.8395779382E-9	-0.0000059960	1.0516648189E-9	11.000	26.400
6/26/2022	10:45 AM	0.3004779700	75.000	38.000	40.000	0.0000010000	-0.0000610421	5.2767461122E-9	-0.0000059921	2.5811388301E-10	11.000	26.400
