! User Name:	Aditya 
! Sample Name:	FGT_CPS_Device  4_FC 8T_PF repeat
! Sample ID:	FGT/CrPS4
! Date:	6/15/2022	Time:	10:13 PM
! Current Source:	Keithley 224 Current Source
! Voltmeter V1:	Keithley 182 Degital voltmeter
! Voltmeter V2:	Keithley 2182A  NanoVoltmeter
! V1 (volts):	Rxx Device 1
! V2 (volts):	Rxy Device 1
! Max Field (Tesla):0.000000	! Data points (0_maxT:75.000000	! Average Number:5.000000	
! Comments:	FGT/CrPS4 device was made in glove using flaking and dry transfering of flakes. 
! 
! 
! 
! 
Data	Time	Magnetic Field (T)	Helium Level (%)	VTI Temperature (K)	Sample Temparture (K)	Current (A) 	Voltage-1(V)	Std. of V1	Voltage-2 (V)	Std. of V2	VTI  Heater Power (%)	Sample Heater Power (%)
6/15/2022	10:15 PM	0.3997991400	52.000	52.780	54.994	0.0000010000	-0.0000598241	6.4716484503E-9	-0.0000047461	3.5495097568E-10	6.700	27.800
6/15/2022	10:17 PM	0.3972846800	43.100	18.003	20.000	0.0000010000	-0.0000598220	8.6071565031E-9	-0.0000047613	9.7358920452E-10	6.600	29.900
6/15/2022	10:17 PM	0.3947702200	43.100	18.000	20.000	0.0000010000	-0.0000598027	4.0665266416E-9	-0.0000047470	1.4976338337E-9	6.700	29.900
6/15/2022	10:18 PM	0.3922557600	43.100	18.001	20.001	0.0000010000	-0.0000598065	8.3033590652E-9	-0.0000047530	8.0415229868E-10	6.700	29.900
6/15/2022	10:19 PM	0.3897413000	43.100	18.001	20.000	0.0000010000	-0.0000598204	1.0638372854E-8	-0.0000047437	1.4007837644E-9	6.600	29.900
6/15/2022	10:19 PM	0.3872268400	43.100	18.002	20.000	0.0000010000	-0.0000597960	1.1938238430E-8	-0.0000047562	4.7602787773E-10	6.600	29.900
6/15/2022	10:20 PM	0.3847123800	43.100	18.002	20.000	0.0000010000	-0.0000598178	1.1126420680E-8	-0.0000047511	7.5192024052E-10	6.600	29.900
6/15/2022	10:21 PM	0.3821979200	43.100	18.001	20.000	0.0000010000	-0.0000598249	6.2246098621E-9	-0.0000047490	1.1401754251E-9	6.600	29.900
6/15/2022	10:21 PM	0.3796834600	43.100	18.002	20.000	0.0000010000	-0.0000598059	6.1872954400E-9	-0.0000047361	8.9418965053E-10	6.600	29.900
6/15/2022	10:22 PM	0.3771690000	43.100	18.001	20.000	0.0000010000	-0.0000598064	7.9209248434E-9	-0.0000047271	1.4318112053E-9	6.600	29.900
6/15/2022	10:23 PM	0.3746545400	43.100	17.998	20.000	0.0000010000	-0.0000598106	7.2652267917E-9	-0.0000047468	8.2958126833E-10	6.600	29.800
6/15/2022	10:23 PM	0.3721400800	43.100	18.001	20.000	0.0000010000	-0.0000598051	8.2032463727E-9	-0.0000047398	1.2456232619E-9	6.600	29.800
6/15/2022	10:24 PM	0.3696256200	43.100	18.000	20.000	0.0000010000	-0.0000598152	7.2247660194E-9	-0.0000047456	5.4649857042E-10	6.600	29.800
6/15/2022	10:25 PM	0.3671111600	43.100	18.003	20.000	0.0000010000	-0.0000598221	7.7334935404E-9	-0.0000047442	2.0000000000E-10	6.600	29.800
6/15/2022	10:26 PM	0.3645967000	43.100	18.001	20.000	0.0000010000	-0.0000598074	9.1426090765E-9	-0.0000047411	1.4308818388E-9	6.600	29.800
6/15/2022	10:26 PM	0.3620822400	43.100	17.999	20.000	0.0000010000	-0.0000598037	7.0553937218E-9	-0.0000047463	5.0620192023E-10	6.600	29.800
6/15/2022	10:27 PM	0.3595677800	43.100	18.002	20.000	0.0000010000	-0.0000598192	8.5655331431E-9	-0.0000047516	1.5745340648E-9	6.600	29.800
6/15/2022	10:28 PM	0.3570533200	43.100	18.001	20.000	0.0000010000	-0.0000598137	9.8003157333E-9	-0.0000047589	1.3385164807E-9	6.600	29.800
6/15/2022	10:28 PM	0.3545388600	43.100	18.001	20.000	0.0000010000	-0.0000598221	6.7715901749E-9	-0.0000047331	1.0276472679E-9	6.600	29.800
6/15/2022	10:29 PM	0.3520244000	43.100	18.001	20.001	0.0000010000	-0.0000598204	6.7067038370E-9	-0.0000047501	7.2559935005E-10	6.600	29.800
6/15/2022	10:30 PM	0.3495099400	43.100	18.000	20.000	0.0000010000	-0.0000598308	5.9857069857E-9	-0.0000047362	9.3874768826E-10	6.600	29.800
6/15/2022	10:30 PM	0.3469954800	43.100	17.999	20.000	0.0000010000	-0.0000598061	1.3374673413E-8	-0.0000047493	4.1402208188E-10	6.600	29.800
6/15/2022	10:31 PM	0.3444810200	43.100	18.001	20.000	0.0000010000	-0.0000598267	8.8490928663E-9	-0.0000047419	3.0955735648E-10	6.600	29.800
6/15/2022	10:32 PM	0.3419665600	43.100	18.002	20.000	0.0000010000	-0.0000598102	1.3510763635E-8	-0.0000047379	8.8740730319E-10	6.600	29.800
6/15/2022	10:32 PM	0.3394521000	43.100	18.000	20.000	0.0000010000	-0.0000598199	9.9318311795E-9	-0.0000047443	4.7602787773E-10	6.600	29.800
6/15/2022	10:33 PM	0.3369376400	43.100	17.999	20.000	0.0000010000	-0.0000598080	8.6550156460E-9	-0.0000047543	4.7855777343E-10	6.600	29.800
6/15/2022	10:34 PM	0.3344231800	43.100	17.999	20.000	0.0000010000	-0.0000598190	8.4745738058E-9	-0.0000047626	1.1149461492E-9	6.600	29.800
6/15/2022	10:34 PM	0.3319087200	43.100	18.001	20.000	0.0000010000	-0.0000598359	1.3772654162E-8	-0.0000047486	5.5259075049E-10	6.600	29.800
6/15/2022	10:35 PM	0.3293942600	43.100	17.988	19.998	0.0000010000	-0.0000598132	7.2755409364E-9	-0.0000047506	5.3385391260E-10	6.600	29.900
6/15/2022	10:36 PM	0.3268798000	43.100	17.997	20.000	0.0000010000	-0.0000598224	7.6911574373E-9	-0.0000047371	1.0276472679E-9	6.600	29.900
6/15/2022	10:36 PM	0.3243653400	43.100	18.001	20.000	0.0000010000	-0.0000598153	7.3790062518E-9	-0.0000047460	3.2247448714E-10	6.600	29.900
6/15/2022	10:37 PM	0.3218508800	43.100	18.001	20.000	0.0000010000	-0.0000598281	3.4985407328E-9	-0.0000047462	6.0850436627E-10	6.600	29.900
6/15/2022	10:38 PM	0.3193364200	43.100	17.999	20.000	0.0000010000	-0.0000598171	5.6367245177E-9	-0.0000047394	1.0000000000E-10	6.600	29.900
6/15/2022	10:38 PM	0.3168219600	43.100	18.001	20.000	0.0000010000	-0.0000598140	8.8040932536E-9	-0.0000047512	9.5770568927E-10	6.600	29.900
6/15/2022	10:39 PM	0.3143075000	43.100	17.999	20.000	0.0000010000	-0.0000598321	7.8520213088E-9	-0.0000047065	3.6231558438E-9	6.600	29.900
6/15/2022	10:40 PM	0.3117930400	43.100	18.000	20.000	0.0000010000	-0.0000598266	4.7240377904E-9	-0.0000047492	4.9154759474E-10	6.600	29.800
6/15/2022	10:40 PM	0.3092785800	43.100	18.001	20.000	0.0000010000	-0.0000598184	6.3662723468E-9	-0.0000047440	9.4471840095E-10	6.600	29.800
6/15/2022	10:41 PM	0.3067641200	43.100	17.999	20.000	0.0000010000	-0.0000598243	1.2365558375E-8	-0.0000047422	5.4649857042E-10	6.600	29.800
6/15/2022	10:42 PM	0.3042496600	43.100	18.002	20.000	0.0000010000	-0.0000598202	7.9224417327E-9	-0.0000047319	1.5323866476E-9	6.600	29.800
6/15/2022	10:42 PM	0.3017352000	43.100	18.001	20.000	0.0000010000	-0.0000598161	5.2696549987E-9	-0.0000047357	1.5124474049E-9	6.600	29.800
6/15/2022	10:43 PM	0.2992207400	43.100	17.999	20.000	0.0000010000	-0.0000598141	6.0051719850E-9	-0.0000047204	2.9514348104E-9	6.600	29.800
6/15/2022	10:44 PM	0.2967062800	43.100	18.000	20.000	0.0000010000	-0.0000598170	8.1385198536E-9	-0.0000047411	4.5355339059E-10	6.600	29.800
6/15/2022	10:44 PM	0.2941918200	43.100	18.001	20.000	0.0000010000	-0.0000598163	6.5207257444E-9	-0.0000047594	1.3460250527E-9	6.600	29.800
6/15/2022	10:45 PM	0.2916773600	43.100	18.001	20.000	0.0000010000	-0.0000598213	6.3688174559E-9	-0.0000047194	2.3870828693E-9	6.600	29.800
6/15/2022	10:46 PM	0.2891629000	43.100	18.000	20.000	0.0000010000	-0.0000598042	8.0809946490E-9	-0.0000047444	3.2360679775E-10	6.600	29.800
6/15/2022	10:46 PM	0.2866484400	43.100	18.000	20.000	0.0000010000	-0.0000598062	7.4257474464E-9	-0.0000047588	6.5632839974E-10	6.600	29.800
6/15/2022	10:47 PM	0.2841339800	43.100	18.000	20.000	0.0000010000	-0.0000598258	4.7077253387E-9	-0.0000047447	5.0620192023E-10	6.600	29.800
6/15/2022	10:48 PM	0.2816195200	43.100	17.999	20.000	0.0000010000	-0.0000598108	1.0011361041E-8	-0.0000047255	7.7459666924E-10	6.600	29.800
6/15/2022	10:48 PM	0.2791050600	43.100	18.003	20.000	0.0000010000	-0.0000598158	8.5765953523E-9	-0.0000047454	6.5076379411E-10	6.600	29.800
6/15/2022	10:49 PM	0.2765906000	43.100	18.001	20.000	0.0000010000	-0.0000598156	6.4929832652E-9	-0.0000047280	1.0847679857E-9	6.600	29.800
6/15/2022	10:50 PM	0.2740761400	43.100	18.000	20.000	0.0000010000	-0.0000598224	8.9757739502E-9	-0.0000047525	9.1203127704E-10	6.600	29.800
6/15/2022	10:50 PM	0.2715616800	43.100	18.000	20.000	0.0000010000	-0.0000598157	6.2862184638E-9	-0.0000047508	1.1531829020E-9	6.600	29.800
6/15/2022	10:51 PM	0.2690472200	0.900	18.000	20.000	0.0000010000	-0.0000598224	9.7569759764E-9	-0.0000047357	9.6810783693E-10	6.600	29.800
6/15/2022	10:52 PM	0.2665327600	43.100	18.001	20.000	0.0000010000	-0.0000598061	8.0084474968E-9	-0.0000047205	3.2709116584E-9	6.600	29.800
6/15/2022	10:53 PM	0.2640183000	43.100	18.001	20.000	0.0000010000	-0.0000598319	1.0339301044E-8	-0.0000047549	4.1068966709E-10	6.600	29.800
6/15/2022	10:53 PM	0.2615038400	43.100	17.999	20.000	0.0000010000	-0.0000598301	8.5218976171E-9	-0.0000047422	8.7574888773E-10	6.600	29.800
6/15/2022	10:54 PM	0.2589893800	43.100	18.002	20.000	0.0000010000	-0.0000598073	9.4282995331E-9	-0.0000047455	2.8708286934E-10	6.600	29.800
6/15/2022	10:55 PM	0.2564749200	43.100	18.001	20.000	0.0000010000	-0.0000598200	8.0100691665E-9	-0.0000047440	1.2324165118E-9	6.600	29.800
6/15/2022	10:55 PM	0.2539604600	43.100	17.999	20.000	0.0000010000	-0.0000598153	7.3500555884E-9	-0.0000047548	9.3005376189E-10	6.600	29.800
6/15/2022	10:56 PM	0.2514460000	43.100	18.000	20.000	0.0000010000	-0.0000598148	4.6920249624E-9	-0.0000047462	1.0025581909E-9	6.600	29.800
6/15/2022	10:57 PM	0.2489315400	43.100	18.001	20.000	0.0000010000	-0.0000598236	6.2998174371E-9	-0.0000047220	3.5873448294E-9	6.600	29.800
6/15/2022	10:57 PM	0.2464170800	43.100	18.001	20.000	0.0000010000	-0.0000598324	9.5079208303E-9	-0.0000047414	9.9386581434E-10	6.500	29.800
6/15/2022	10:58 PM	0.2439026200	44.600	18.001	20.000	0.0000010000	-0.0000598282	6.3773135939E-9	-0.0000047412	1.1919766537E-9	6.500	29.800
6/15/2022	10:59 PM	0.2413881600	44.600	18.000	20.000	0.0000010000	-0.0000598235	8.6923466703E-9	-0.0000047366	1.2395556479E-9	6.600	29.800
6/15/2022	10:59 PM	0.2388737000	44.600	18.001	20.000	0.0000010000	-0.0000598010	8.4722446260E-9	-0.0000047489	3.0955735648E-10	6.500	29.800
6/15/2022	11:00 PM	0.2363592400	44.600	18.001	20.000	0.0000010000	-0.0000598191	9.8143429395E-9	-0.0000047274	2.6829418036E-9	6.500	29.800
6/15/2022	11:01 PM	0.2338447800	44.600	18.001	20.000	0.0000010000	-0.0000598209	5.9209165226E-9	-0.0000047624	9.0445791238E-10	6.500	29.800
6/15/2022	11:01 PM	0.2313303200	44.600	18.001	20.000	0.0000010000	-0.0000598246	8.3098112886E-9	-0.0000047427	2.2247448714E-10	6.500	29.800
6/15/2022	11:02 PM	0.2288158600	44.600	18.000	20.000	0.0000010000	-0.0000598399	4.3169497950E-9	-0.0000047434	7.8366965395E-10	6.500	29.800
6/15/2022	11:03 PM	0.2263014000	44.600	18.000	20.000	0.0000010000	-0.0000598138	1.0043776014E-8	-0.0000047578	5.6368092477E-10	6.500	29.800
6/15/2022	11:04 PM	0.2237869400	44.600	18.000	20.000	0.0000010000	-0.0000598265	8.5345681044E-9	-0.0000047415	1.3688151597E-9	6.500	29.800
6/15/2022	11:04 PM	0.2212724800	44.600	18.000	20.000	0.0000010000	-0.0000598229	6.5855014604E-9	-0.0000047391	6.6099096785E-10	6.500	29.800
6/15/2022	11:05 PM	0.2187580200	44.600	18.000	20.000	0.0000010000	-0.0000598159	9.3776630507E-9	-0.0000047362	8.1723431537E-10	6.500	29.800
6/15/2022	11:06 PM	0.2162435600	44.600	17.999	20.000	0.0000010000	-0.0000598243	6.7316341723E-9	-0.0000047565	1.3307220622E-9	6.500	29.800
6/15/2022	11:06 PM	0.2137291000	44.600	18.000	20.000	0.0000010000	-0.0000598183	8.3030781707E-9	-0.0000047594	2.5811388301E-10	6.500	29.800
6/15/2022	11:07 PM	0.2112146400	44.600	18.001	20.000	0.0000010000	-0.0000598296	6.6603743145E-9	-0.0000047427	8.1723431537E-10	6.500	29.800
6/15/2022	11:08 PM	0.2087001800	44.600	17.999	20.000	0.0000010000	-0.0000598206	6.9884074709E-9	-0.0000047421	6.5372306110E-10	6.500	29.800
6/15/2022	11:08 PM	0.2061857200	44.600	18.001	20.000	0.0000010000	-0.0000598153	6.5308814764E-9	-0.0000047450	1.2220079531E-9	6.500	29.800
6/15/2022	11:09 PM	0.2036712600	44.600	17.999	20.000	0.0000010000	-0.0000598193	5.1054357423E-9	-0.0000047417	4.1306485869E-10	6.500	29.800
6/15/2022	11:10 PM	0.2011568000	44.600	18.000	20.000	0.0000010000	-0.0000598162	6.9445147265E-9	-0.0000047197	2.1171466370E-9	6.500	29.800
6/15/2022	11:10 PM	0.1986423400	44.600	18.000	20.000	0.0000010000	-0.0000598107	5.2328663093E-9	-0.0000047465	5.0990195136E-10	6.500	29.800
6/15/2022	11:11 PM	0.1961278800	44.600	18.001	20.000	0.0000010000	-0.0000598156	5.9194207877E-9	-0.0000047469	5.5259075049E-10	6.500	29.800
6/15/2022	11:12 PM	0.1936134200	44.600	18.000	20.000	0.0000010000	-0.0000598263	6.2451465916E-9	-0.0000047474	1.3565563235E-9	6.500	29.800
6/15/2022	11:12 PM	0.1910989600	44.600	17.999	20.000	0.0000010000	-0.0000598276	7.2896871436E-9	-0.0000047616	1.7885378165E-9	6.500	29.800
6/15/2022	11:13 PM	0.1885845000	44.600	18.001	20.000	0.0000010000	-0.0000598056	7.6328294199E-9	-0.0000047393	1.7614624477E-9	6.500	29.800
6/15/2022	11:14 PM	0.1860700400	44.600	18.000	20.000	0.0000010000	-0.0000598216	9.1946773635E-9	-0.0000047399	1.3275904635E-9	6.500	29.800
6/15/2022	11:14 PM	0.1835555800	44.600	17.999	20.000	0.0000010000	-0.0000598222	9.4469666559E-9	-0.0000047373	8.9206987131E-10	6.500	29.800
6/15/2022	11:15 PM	0.1810411200	44.600	18.000	20.000	0.0000010000	-0.0000598296	5.4584542220E-9	-0.0000047318	1.7110545514E-9	6.500	29.800
6/15/2022	11:16 PM	0.1785266600	44.600	18.001	20.000	0.0000010000	-0.0000598131	7.6564051745E-9	-0.0000047443	7.5522851952E-10	6.500	29.800
6/15/2022	11:16 PM	0.1760122000	44.600	18.002	20.000	0.0000010000	-0.0000598195	7.0574226982E-9	-0.0000047502	1.4351038255E-9	6.500	29.800
6/15/2022	11:17 PM	0.1734977400	44.600	18.001	20.000	0.0000010000	-0.0000598261	4.6677869323E-9	-0.0000047321	1.6403124237E-9	6.500	29.800
6/15/2022	11:18 PM	0.1709832800	44.600	18.001	20.000	0.0000010000	-0.0000598190	6.8267295684E-9	-0.0000047423	1.2514889173E-9	6.500	29.800
6/15/2022	11:18 PM	0.1684688200	44.600	18.000	20.000	0.0000010000	-0.0000598192	9.1908750128E-9	-0.0000047508	4.7863046408E-10	6.500	29.800
6/15/2022	11:19 PM	0.1659543600	44.600	17.998	20.000	0.0000010000	-0.0000598314	6.0259585957E-9	-0.0000047610	1.7064226829E-9	6.500	29.800
6/15/2022	11:20 PM	0.1634399000	44.600	18.000	20.000	0.0000010000	-0.0000598329	7.4397663794E-9	-0.0000047471	1.2514889173E-9	6.500	29.800
6/15/2022	11:20 PM	0.1609254400	44.600	18.003	20.000	0.0000010000	-0.0000598196	1.0055588545E-8	-0.0000047395	5.8309518948E-10	6.500	29.800
6/15/2022	11:21 PM	0.1584109800	44.600	18.001	20.000	0.0000010000	-0.0000598322	8.7877272323E-9	-0.0000047350	8.2540150734E-10	6.500	29.800
6/15/2022	11:22 PM	0.1558965200	44.600	18.000	20.000	0.0000010000	-0.0000598272	6.9278202600E-9	-0.0000047358	9.8102496759E-10	6.500	29.800
6/15/2022	11:22 PM	0.1533820600	44.600	18.001	20.000	0.0000010000	-0.0000598298	7.2374118830E-9	-0.0000047632	8.9526339942E-10	6.500	29.800
6/15/2022	11:23 PM	0.1508676000	44.600	18.002	20.000	0.0000010000	-0.0000598078	8.0655328601E-9	-0.0000047465	1.0725725623E-9	6.500	29.800
6/15/2022	11:24 PM	0.1483531400	44.600	18.001	20.000	0.0000010000	-0.0000598179	6.9137191443E-9	-0.0000047499	5.7434164903E-10	6.500	29.800
6/15/2022	11:25 PM	0.1458386800	44.600	18.000	20.000	0.0000010000	-0.0000598249	5.4801416219E-9	-0.0000047550	7.1328223783E-10	6.500	29.800
6/15/2022	11:25 PM	0.1433242200	44.600	17.999	20.000	0.0000010000	-0.0000598215	6.8929204136E-9	-0.0000047429	5.4649857042E-10	6.500	29.800
6/15/2022	11:26 PM	0.1408097600	44.600	17.999	20.000	0.0000010000	-0.0000598268	4.1975388322E-9	-0.0000047481	3.8708286934E-10	6.500	29.700
6/15/2022	11:27 PM	0.1382953000	44.600	18.001	20.000	0.0000010000	-0.0000598229	7.6628478187E-9	-0.0000047561	1.3522077665E-9	6.500	29.800
6/15/2022	11:27 PM	0.1357808400	44.600	18.000	20.000	0.0000010000	-0.0000598286	6.5144731509E-9	-0.0000047407	6.2179480778E-10	6.500	29.700
6/15/2022	11:28 PM	0.1332663800	44.600	18.001	20.000	0.0000010000	-0.0000598151	6.3240851600E-9	-0.0000047481	6.5632839974E-10	6.500	29.800
6/15/2022	11:29 PM	0.1307519200	44.600	18.001	20.000	0.0000010000	-0.0000598147	7.6814758307E-9	-0.0000047543	9.6909381853E-10	6.500	29.800
6/15/2022	11:29 PM	0.1282374600	44.600	18.001	20.000	0.0000010000	-0.0000598270	8.2101061530E-9	-0.0000047403	6.6571333342E-10	6.500	29.800
6/15/2022	11:30 PM	0.1257230000	44.600	18.001	20.000	0.0000010000	-0.0000598258	7.1835044110E-9	-0.0000047516	4.9664022582E-10	6.500	29.800
6/15/2022	11:31 PM	0.1232085400	44.600	18.001	20.000	0.0000010000	-0.0000598150	6.5027533458E-9	-0.0000047465	1.5263255747E-9	6.500	29.800
6/15/2022	11:31 PM	0.1206940800	44.600	18.001	20.000	0.0000010000	-0.0000598171	8.4682928473E-9	-0.0000047446	7.8366965395E-10	6.500	29.800
6/15/2022	11:32 PM	0.1181796200	44.600	18.000	20.000	0.0000010000	-0.0000598212	8.4816411899E-9	-0.0000047432	3.7416573868E-10	6.500	29.700
6/15/2022	11:33 PM	0.1156651600	44.600	18.000	20.000	0.0000010000	-0.0000598175	6.3290116689E-9	-0.0000047429	1.4881317488E-9	6.500	29.700
6/15/2022	11:34 PM	0.1131507000	44.600	18.001	20.000	0.0000010000	-0.0000598243	6.7199488994E-9	-0.0000047262	2.2046602417E-9	6.500	29.700
6/15/2022	11:34 PM	0.1106362400	44.600	17.999	20.000	0.0000010000	-0.0000598233	5.5127195854E-9	-0.0000047455	4.7863046408E-10	6.500	29.800
6/15/2022	11:35 PM	0.1081217800	44.600	18.000	20.000	0.0000010000	-0.0000598213	7.5092167661E-9	-0.0000047546	9.9386581434E-10	6.500	29.700
6/15/2022	11:36 PM	0.1056073200	44.600	18.000	20.000	0.0000010000	-0.0000598256	7.8673317923E-9	-0.0000047338	1.1052182095E-9	6.500	29.700
6/15/2022	11:36 PM	0.1030928600	44.600	18.002	20.000	0.0000010000	-0.0000598045	9.8658403054E-9	-0.0000047473	4.8989794856E-10	6.500	29.700
6/15/2022	11:37 PM	0.1005784000	44.600	18.001	20.000	0.0000010000	-0.0000598104	5.3026958049E-9	-0.0000047229	1.9131126470E-9	6.500	29.700
6/15/2022	11:38 PM	0.0980639400	44.600	18.001	20.000	0.0000010000	-0.0000598235	8.1040244555E-9	-0.0000047540	1.1813159295E-9	6.500	29.700
6/15/2022	11:38 PM	0.0955494800	44.600	18.002	20.000	0.0000010000	-0.0000598192	8.5064522505E-9	-0.0000047550	1.3525003665E-9	6.500	29.700
6/15/2022	11:39 PM	0.0930350200	44.600	18.000	20.000	0.0000010000	-0.0000598332	8.1496394834E-9	-0.0000047374	6.0777536076E-10	6.500	29.700
6/15/2022	11:40 PM	0.0905205600	44.600	18.001	20.000	0.0000010000	-0.0000598142	9.1379914830E-9	-0.0000047454	1.2601679960E-9	6.500	29.700
6/15/2022	11:40 PM	0.0880061000	44.600	18.001	20.000	0.0000010000	-0.0000598161	8.0985069290E-9	-0.0000047414	2.2247448714E-10	6.500	29.700
6/15/2022	11:41 PM	0.0854916400	44.600	17.999	20.000	0.0000010000	-0.0000598258	5.9639950589E-9	-0.0000047611	7.3385391260E-10	6.500	29.700
6/15/2022	11:42 PM	0.0829771800	44.600	18.000	20.000	0.0000010000	-0.0000598170	7.3060094805E-9	-0.0000047644	9.0445791238E-10	6.500	29.700
6/15/2022	11:42 PM	0.0804627200	44.600	17.999	20.000	0.0000010000	-0.0000598328	8.9715800274E-9	-0.0000047374	1.7102046603E-9	6.500	29.700
6/15/2022	11:43 PM	0.0779482600	44.600	18.000	20.000	0.0000010000	-0.0000598161	5.5139666875E-9	-0.0000047411	1.0000000000E-10	6.500	29.700
6/15/2022	11:44 PM	0.0754338000	44.600	18.000	20.000	0.0000010000	-0.0000598285	7.3354419003E-9	-0.0000047511	1.0002039759E-9	6.500	29.700
6/15/2022	11:45 PM	0.0729193400	44.600	18.000	20.000	0.0000010000	-0.0000598003	7.7855755909E-9	-0.0000047510	8.2739529308E-10	6.500	29.700
6/15/2022	11:45 PM	0.0704048800	44.600	18.001	20.000	0.0000010000	-0.0000598226	5.7797514791E-9	-0.0000047516	5.5259075049E-10	6.500	29.700
6/15/2022	11:46 PM	0.0678904200	44.600	18.000	20.000	0.0000010000	-0.0000598066	5.3263789204E-9	-0.0000047383	8.1723431537E-10	6.500	29.700
6/15/2022	11:47 PM	0.0653759600	44.600	18.001	20.000	0.0000010000	-0.0000598269	9.1410609060E-9	-0.0000047307	9.6863274407E-10	6.500	29.700
6/15/2022	11:47 PM	0.0628615000	44.600	18.000	20.000	0.0000010000	-0.0000598345	9.5948101921E-9	-0.0000047454	6.0000000000E-10	6.500	29.700
6/15/2022	11:48 PM	0.0603470400	44.600	17.998	20.000	0.0000010000	-0.0000598204	7.7155354291E-9	-0.0000047391	1.5369134444E-9	6.500	29.700
6/15/2022	11:49 PM	0.0402313600	44.600	17.998	20.000	0.0000010000	-0.0000598235	1.0018088495E-8	-0.0000047437	5.8309518948E-10	6.500	29.700
6/15/2022	11:49 PM	0.0201156800	44.600	17.999	20.000	0.0000010000	-0.0000598247	5.3521186406E-9	-0.0000047371	1.1345783582E-9	6.500	29.700
6/15/2022	11:50 PM	0.0000000000	44.600	18.001	20.000	0.0000010000	-0.0000598323	5.9376778918E-9	-0.0000047417	2.8058837015E-10	6.500	29.700
6/15/2022	11:51 PM	-0.0201156800	44.600	18.001	20.000	0.0000010000	-0.0000598192	8.6079025162E-9	-0.0000047417	5.3011626335E-10	6.500	29.700
6/15/2022	11:51 PM	-0.0402313600	44.600	18.001	20.000	0.0000010000	-0.0000598276	4.8660190698E-9	-0.0000047442	9.5770568927E-10	6.400	29.700
6/15/2022	11:52 PM	-0.0603470400	44.600	18.001	20.000	0.0000010000	-0.0000598282	8.1408320159E-9	-0.0000047584	7.6588924377E-10	6.400	29.700
6/15/2022	11:53 PM	-0.0628615000	44.600	17.999	20.000	0.0000010000	-0.0000598359	5.9572899374E-9	-0.0000047258	2.2141245535E-9	6.400	29.700
6/15/2022	11:53 PM	-0.0653759600	44.600	18.000	20.000	0.0000010000	-0.0000598431	8.5836446955E-9	-0.0000047461	5.1515439249E-10	6.400	29.700
6/15/2022	11:54 PM	-0.0678904200	44.600	18.001	20.000	0.0000010000	-0.0000598372	7.9820975622E-9	-0.0000047411	7.5522851952E-10	6.400	29.700
6/15/2022	11:55 PM	-0.0704048800	44.600	18.001	20.000	0.0000010000	-0.0000598153	9.9905444397E-9	-0.0000047547	5.6431580324E-10	6.400	29.700
6/15/2022	11:56 PM	-0.0729193400	44.600	18.000	20.000	0.0000010000	-0.0000598388	7.6947494216E-9	-0.0000047409	5.6540887349E-10	6.400	29.700
6/15/2022	11:56 PM	-0.0754338000	44.600	17.999	20.000	0.0000010000	-0.0000598186	6.8199842153E-9	-0.0000047333	1.0056904376E-9	6.400	29.700
6/15/2022	11:57 PM	-0.0779482600	44.600	18.000	20.000	0.0000010000	-0.0000598076	1.0888619769E-8	-0.0000047359	7.2559935005E-10	6.400	29.700
6/15/2022	11:58 PM	-0.0804627200	44.600	18.000	20.000	0.0000010000	-0.0000598314	7.4955948767E-9	-0.0000047395	8.0756655164E-10	6.400	29.700
6/15/2022	11:58 PM	-0.0829771800	41.100	18.001	20.000	0.0000010000	-0.0000598284	8.9449003822E-9	-0.0000047303	8.1723431537E-10	6.400	29.700
6/15/2022	11:59 PM	-0.0854916400	41.100	18.001	20.000	0.0000010000	-0.0000598367	4.8746975225E-9	-0.0000047475	2.0000000000E-10	6.400	29.700
6/16/2022	12:00 AM	-0.0880061000	41.100	17.999	20.000	0.0000010000	-0.0000598336	1.0040159963E-8	-0.0000047415	1.2806248475E-9	6.400	29.700
6/16/2022	12:00 AM	-0.0905205600	41.100	18.000	20.000	0.0000010000	-0.0000598257	8.6343431994E-9	-0.0000047422	6.1719913269E-10	6.400	29.700
6/16/2022	12:01 AM	-0.0930350200	41.100	18.001	20.000	0.0000010000	-0.0000598268	9.8048030091E-9	-0.0000047470	7.0556967662E-10	6.400	29.700
6/16/2022	12:02 AM	-0.0955494800	41.100	18.000	20.000	0.0000010000	-0.0000598158	7.5163930974E-9	-0.0000047581	1.5347540490E-9	6.400	29.700
6/16/2022	12:02 AM	-0.0980639400	41.100	18.000	20.000	0.0000010000	-0.0000598169	6.7728993365E-9	-0.0000047616	6.4510098534E-10	6.400	29.700
6/16/2022	12:03 AM	-0.1005784000	41.100	18.001	20.000	0.0000010000	-0.0000598259	7.1797089559E-9	-0.0000047413	7.9753972477E-10	6.400	29.700
6/16/2022	12:04 AM	-0.1030928600	41.100	17.998	20.000	0.0000010000	-0.0000598312	4.8643382235E-9	-0.0000047370	7.2048368230E-10	6.400	29.700
6/16/2022	12:04 AM	-0.1056073200	41.100	18.000	20.000	0.0000010000	-0.0000598258	8.0353155150E-9	-0.0000047426	6.2440442409E-10	6.400	29.700
6/16/2022	12:05 AM	-0.1081217800	41.100	18.001	20.000	0.0000010000	-0.0000598349	7.0270131923E-9	-0.0000047436	4.7416573868E-10	6.400	29.700
6/16/2022	12:06 AM	-0.1106362400	41.100	18.001	20.000	0.0000010000	-0.0000598248	5.9000232433E-9	-0.0000047381	7.5746071035E-10	6.400	29.700
6/16/2022	12:06 AM	-0.1131507000	41.100	18.000	20.000	0.0000010000	-0.0000598293	7.6318055649E-9	-0.0000047477	1.1741663363E-9	6.400	29.700
6/16/2022	12:07 AM	-0.1156651600	41.100	18.000	20.000	0.0000010000	-0.0000598290	1.0398545281E-8	-0.0000047408	4.7863046408E-10	6.400	29.700
6/16/2022	12:08 AM	-0.1181796200	41.100	18.001	20.000	0.0000010000	-0.0000598349	9.1300033603E-9	-0.0000047385	5.8615541191E-10	6.400	29.700
6/16/2022	12:08 AM	-0.1206940800	41.100	18.001	20.000	0.0000010000	-0.0000598339	9.9515502432E-9	-0.0000047406	4.5355339059E-10	6.400	29.700
6/16/2022	12:09 AM	-0.1232085400	41.100	18.001	20.000	0.0000010000	-0.0000598132	8.5103262517E-9	-0.0000047334	9.3794980865E-10	6.400	29.700
6/16/2022	12:10 AM	-0.1257230000	41.100	17.999	20.000	0.0000010000	-0.0000598211	6.8873355465E-9	-0.0000047594	9.3318397399E-10	6.400	29.700
6/16/2022	12:10 AM	-0.1282374600	41.100	18.001	20.000	0.0000010000	-0.0000598331	9.7054051776E-9	-0.0000047366	1.2526848594E-9	6.400	29.700
6/16/2022	12:11 AM	-0.1307519200	41.100	18.000	20.000	0.0000010000	-0.0000598301	7.6625788034E-9	-0.0000047325	1.3535533906E-9	6.400	29.700
6/16/2022	12:12 AM	-0.1332663800	41.100	18.000	20.000	0.0000010000	-0.0000598228	7.3534433160E-9	-0.0000047521	9.9386581434E-10	6.400	29.700
6/16/2022	12:12 AM	-0.1357808400	41.100	18.000	20.000	0.0000010000	-0.0000598233	6.8606907756E-9	-0.0000047572	8.2540150734E-10	6.400	29.700
6/16/2022	12:13 AM	-0.1382953000	41.100	18.000	20.000	0.0000010000	-0.0000598239	9.1068703299E-9	-0.0000047421	8.6391922149E-10	6.400	29.700
6/16/2022	12:14 AM	-0.1408097600	41.100	17.999	20.000	0.0000010000	-0.0000598174	6.8760224420E-9	-0.0000047375	1.6195069567E-9	6.400	29.700
6/16/2022	12:14 AM	-0.1433242200	41.100	18.001	20.000	0.0000010000	-0.0000597985	9.7258205294E-9	-0.0000039448	1.1788289045E-9	6.400	29.700
6/16/2022	12:15 AM	-0.1458386800	41.100	18.001	20.000	0.0000010000	-0.0000598228	9.0587077964E-9	-0.0000031314	3.6742346142E-10	6.400	29.700
6/16/2022	12:16 AM	-0.1483531400	41.100	18.001	20.000	0.0000010000	-0.0000598089	8.3706676261E-9	-0.0000031307	8.2775909643E-10	6.400	29.700
6/16/2022	12:16 AM	-0.1508676000	41.100	18.000	20.000	0.0000010000	-0.0000598180	9.6438281457E-9	-0.0000031358	3.0000000000E-10	6.400	29.700
6/16/2022	12:17 AM	-0.1533820600	41.100	18.001	20.000	0.0000010000	-0.0000598328	6.2109845558E-9	-0.0000031297	3.9154759474E-10	6.400	29.700
6/16/2022	12:18 AM	-0.1558965200	41.100	18.001	20.000	0.0000010000	-0.0000598207	8.3388385501E-9	-0.0000031291	6.6099096785E-10	6.400	29.700
6/16/2022	12:19 AM	-0.1584109800	41.100	18.001	20.000	0.0000010000	-0.0000598115	6.7345127909E-9	-0.0000030927	4.3057746198E-9	6.400	29.700
6/16/2022	12:19 AM	-0.1609254400	41.100	18.001	20.000	0.0000010000	-0.0000598153	8.7720734199E-9	-0.0000031459	3.2247448714E-10	6.400	29.700
6/16/2022	12:20 AM	-0.1634399000	41.100	18.000	20.000	0.0000010000	-0.0000598222	7.2571408313E-9	-0.0000031336	5.3911649916E-10	6.400	29.700
6/16/2022	12:21 AM	-0.1659543600	41.100	18.001	20.000	0.0000010000	-0.0000598268	7.4454814413E-9	-0.0000031334	4.5355339059E-10	6.400	29.700
6/16/2022	12:21 AM	-0.1684688200	41.100	17.999	20.000	0.0000010000	-0.0000598117	5.6161117683E-9	-0.0000031213	1.2447058924E-9	6.400	29.700
6/16/2022	12:22 AM	-0.1709832800	41.100	18.000	20.000	0.0000010000	-0.0000598247	8.1558496672E-9	-0.0000031407	6.2980871798E-10	6.400	29.700
6/16/2022	12:23 AM	-0.1734977400	41.100	18.001	20.000	0.0000010000	-0.0000598311	7.4287795479E-9	-0.0000031260	7.2093678194E-10	6.400	29.700
6/16/2022	12:23 AM	-0.1760122000	41.100	18.002	20.000	0.0000010000	-0.0000598154	9.0080319774E-9	-0.0000031516	9.3874768826E-10	6.400	29.700
6/16/2022	12:24 AM	-0.1785266600	41.100	18.001	20.000	0.0000010000	-0.0000598125	7.4049722805E-9	-0.0000031293	5.6124860802E-10	6.400	29.700
6/16/2022	12:25 AM	-0.1810411200	41.100	18.000	20.000	0.0000010000	-0.0000598202	7.5116304518E-9	-0.0000031220	1.0924716621E-9	6.400	29.700
6/16/2022	12:25 AM	-0.1835555800	41.100	18.001	20.000	0.0000010000	-0.0000598276	6.0676332282E-9	-0.0000031423	1.2562429031E-9	6.400	29.700
6/16/2022	12:26 AM	-0.1860700400	41.100	18.000	20.000	0.0000010000	-0.0000598225	9.3439152539E-9	-0.0000031295	2.0000000000E-10	6.400	29.600
6/16/2022	12:27 AM	-0.1885845000	41.100	18.000	20.000	0.0000010000	-0.0000598139	8.2923939435E-9	-0.0000031436	9.7846243182E-10	6.400	29.600
6/16/2022	12:27 AM	-0.1910989600	41.100	17.997	20.000	0.0000010000	-0.0000598131	4.5710546686E-9	-0.0000031361	5.1515439249E-10	6.400	29.700
6/16/2022	12:28 AM	-0.1936134200	41.100	18.001	20.000	0.0000010000	-0.0000598121	9.1177014865E-9	-0.0000031279	1.0086667056E-9	6.400	29.600
6/16/2022	12:29 AM	-0.1961278800	41.100	17.999	20.000	0.0000010000	-0.0000598115	7.4719464927E-9	-0.0000031296	9.1547532151E-10	6.400	29.700
6/16/2022	12:30 AM	-0.1986423400	41.100	18.000	20.000	0.0000010000	-0.0000598158	1.3188701490E-8	-0.0000031307	4.9154759474E-10	6.400	29.600
6/16/2022	12:30 AM	-0.2011568000	41.100	17.999	20.000	0.0000010000	-0.0000598114	8.4406777883E-9	-0.0000031406	1.5304136202E-9	6.400	29.700
6/16/2022	12:31 AM	-0.2036712600	41.100	17.999	20.000	0.0000010000	-0.0000598122	7.6739313198E-9	-0.0000031186	2.0400692018E-9	6.400	29.600
6/16/2022	12:32 AM	-0.2061857200	41.100	18.000	20.000	0.0000010000	-0.0000598075	9.8174199658E-9	-0.0000031487	1.3886439011E-9	6.400	29.600
6/16/2022	12:32 AM	-0.2087001800	41.100	18.000	20.000	0.0000010000	-0.0000598105	7.6090713430E-9	-0.0000031374	2.4494897428E-10	6.400	29.600
6/16/2022	12:33 AM	-0.2112146400	41.100	17.999	20.000	0.0000010000	-0.0000598115	7.5581343452E-9	-0.0000031354	7.3911649916E-10	6.400	29.600
6/16/2022	12:34 AM	-0.2137291000	41.100	18.000	20.000	0.0000010000	-0.0000598152	8.5682753595E-9	-0.0000031273	8.1414284285E-10	6.400	29.600
6/16/2022	12:34 AM	-0.2162435600	41.100	18.000	20.000	0.0000010000	-0.0000598198	7.5288913284E-9	-0.0000031244	2.7273387830E-9	6.400	29.600
6/16/2022	12:35 AM	-0.2187580200	41.100	17.999	20.000	0.0000010000	-0.0000598025	1.0300519275E-8	-0.0000031224	6.3011626335E-10	6.400	29.600
6/16/2022	12:36 AM	-0.2212724800	41.100	17.999	20.000	0.0000010000	-0.0000598193	6.9528480348E-9	-0.0000031430	9.0122571219E-10	6.400	29.600
6/16/2022	12:36 AM	-0.2237869400	41.100	18.000	20.000	0.0000010000	-0.0000598122	6.1229795310E-9	-0.0000031417	1.1540368496E-9	6.400	29.600
6/16/2022	12:37 AM	-0.2263014000	41.100	17.998	20.000	0.0000010000	-0.0000598075	8.9231686143E-9	-0.0000031178	1.1775498521E-9	6.400	29.700
6/16/2022	12:38 AM	-0.2288158600	41.100	18.001	20.000	0.0000010000	-0.0000598288	9.3899122330E-9	-0.0000031441	1.1817810823E-9	6.400	29.700
6/16/2022	12:38 AM	-0.2313303200	41.100	17.999	20.000	0.0000010000	-0.0000598128	1.0618690112E-8	-0.0000031435	9.2736184955E-10	6.400	29.600
6/16/2022	12:39 AM	-0.2338447800	41.100	17.999	20.000	0.0000010000	-0.0000598337	1.1123395422E-8	-0.0000031275	4.6159098630E-10	6.400	29.600
6/16/2022	12:40 AM	-0.2363592400	41.100	17.999	20.000	0.0000010000	-0.0000598141	8.9340034526E-9	-0.0000031222	9.3802257380E-10	6.400	29.600
6/16/2022	12:40 AM	-0.2388737000	41.100	18.000	20.000	0.0000010000	-0.0000598184	6.6305474665E-9	-0.0000031184	1.3987213931E-9	6.400	29.600
6/16/2022	12:41 AM	-0.2413881600	41.100	18.000	20.000	0.0000010000	-0.0000598145	2.6884159863E-9	-0.0000031063	2.8669678878E-9	6.400	29.600
6/16/2022	12:42 AM	-0.2439026200	41.100	17.999	20.000	0.0000010000	-0.0000598205	7.8217290105E-9	-0.0000031308	1.0711883953E-9	6.400	29.600
6/16/2022	12:42 AM	-0.2464170800	41.100	18.001	20.000	0.0000010000	-0.0000598098	7.6455189939E-9	-0.0000031074	3.3798975277E-9	6.400	29.600
6/16/2022	12:43 AM	-0.2489315400	41.100	18.000	20.000	0.0000010000	-0.0000598243	1.0094435583E-8	-0.0000031384	7.8880488828E-10	6.400	29.600
6/16/2022	12:44 AM	-0.2514460000	41.100	18.001	20.000	0.0000010000	-0.0000598200	9.9157761278E-9	-0.0000031242	1.1409532330E-9	6.400	29.600
6/16/2022	12:44 AM	-0.2539604600	41.100	18.000	20.000	0.0000010000	-0.0000598167	4.5177916409E-9	-0.0000031249	1.1817810823E-9	6.400	29.600
6/16/2022	12:45 AM	-0.2564749200	41.100	18.001	20.000	0.0000010000	-0.0000598239	7.0503540891E-9	-0.0000031335	1.1426687794E-9	6.400	29.600
6/16/2022	12:46 AM	-0.2589893800	41.100	18.001	20.000	0.0000010000	-0.0000598113	6.2819032472E-9	-0.0000031148	1.7056762114E-9	6.400	29.600
6/16/2022	12:46 AM	-0.2615038400	41.100	18.003	20.000	0.0000010000	-0.0000598117	6.3098440229E-9	-0.0000031314	1.0000000000E-10	6.300	29.600
6/16/2022	12:47 AM	-0.2640183000	41.100	18.001	20.000	0.0000010000	-0.0000597984	4.3559027305E-9	-0.0000031360	1.4332168963E-9	6.400	29.600
6/16/2022	12:48 AM	-0.2665327600	41.100	18.000	20.000	0.0000010000	-0.0000598255	7.1822052427E-9	-0.0000031165	1.6069764929E-9	6.400	29.600
6/16/2022	12:48 AM	-0.2690472200	41.100	18.000	20.000	0.0000010000	-0.0000598071	6.8733176673E-9	-0.0000031208	8.1237243570E-10	6.400	29.600
6/16/2022	12:49 AM	-0.2715616800	41.100	18.000	20.000	0.0000010000	-0.0000598078	6.4032627291E-9	-0.0000031283	1.7471980188E-9	6.400	29.600
6/16/2022	12:50 AM	-0.2740761400	41.100	18.000	20.000	0.0000010000	-0.0000598117	7.1033978763E-9	-0.0000031314	1.2447058924E-9	6.400	29.600
6/16/2022	12:50 AM	-0.2765906000	41.100	18.001	20.000	0.0000010000	-0.0000598242	5.6005946751E-9	-0.0000031326	6.8506723903E-10	6.400	29.600
6/16/2022	12:51 AM	-0.2791050600	41.100	18.001	20.000	0.0000010000	-0.0000598044	8.3341889876E-9	-0.0000031250	7.0710678119E-10	6.400	29.600
6/16/2022	12:52 AM	-0.2816195200	41.100	18.000	20.000	0.0000010000	-0.0000598149	9.5011959174E-9	-0.0000031260	1.1502143751E-9	6.400	29.600
6/16/2022	12:52 AM	-0.2841339800	41.100	18.000	20.000	0.0000010000	-0.0000598175	3.2457766838E-9	-0.0000031324	1.3493292341E-9	6.400	29.600
6/16/2022	12:53 AM	-0.2866484400	41.100	18.000	20.000	0.0000010000	-0.0000597966	7.0242449733E-9	-0.0000031373	4.7863046408E-10	6.400	29.600
6/16/2022	12:54 AM	-0.2891629000	41.100	18.001	20.000	0.0000010000	-0.0000598080	7.6248247570E-9	-0.0000031353	6.0724247288E-10	6.300	29.600
6/16/2022	12:54 AM	-0.2916773600	41.100	18.002	20.000	0.0000010000	-0.0000598073	5.3952693406E-9	-0.0000031333	2.8058837015E-10	6.300	29.600
6/16/2022	12:55 AM	-0.2941918200	41.100	18.001	20.000	0.0000010000	-0.0000598027	7.4357325311E-9	-0.0000031089	1.8847795212E-9	6.300	29.600
6/16/2022	12:56 AM	-0.2967062800	41.100	18.001	20.000	0.0000010000	-0.0000598094	7.1408695258E-9	-0.0000031285	5.8708286934E-10	6.300	29.600
6/16/2022	12:56 AM	-0.2992207400	41.100	17.999	20.000	0.0000010000	-0.0000598066	1.1384433757E-8	-0.0000031058	2.5538784859E-9	6.400	29.600
6/16/2022	12:57 AM	-0.3017352000	41.100	18.000	20.000	0.0000010000	-0.0000597997	6.0078005979E-9	-0.0000031431	9.2221168864E-10	6.300	29.600
6/16/2022	12:58 AM	-0.3042496600	41.100	18.000	20.000	0.0000010000	-0.0000598058	8.0766117114E-9	-0.0000031282	7.5522851952E-10	6.300	29.600
6/16/2022	12:58 AM	-0.3067641200	41.400	18.002	20.000	0.0000010000	-0.0000598031	4.2837673014E-9	-0.0000031340	6.3385391260E-10	6.300	29.600
6/16/2022	12:59 AM	-0.3092785800	41.400	18.000	20.000	0.0000010000	-0.0000597980	8.8948826951E-9	-0.0000031169	2.0988146753E-9	6.300	29.600
6/16/2022	1:00 AM	-0.3117930400	41.400	17.999	20.000	0.0000010000	-0.0000598056	7.8896641934E-9	-0.0000031374	1.0144781624E-9	6.300	29.600
6/16/2022	1:01 AM	-0.3143075000	41.400	18.001	20.000	0.0000010000	-0.0000597892	9.6885012414E-9	-0.0000031471	1.1149461492E-9	6.300	29.600
6/16/2022	1:01 AM	-0.3168219600	41.400	18.000	20.000	0.0000010000	-0.0000598065	1.2397138465E-8	-0.0000031390	1.2791562463E-9	6.300	29.600
6/16/2022	1:02 AM	-0.3193364200	41.400	18.001	20.000	0.0000010000	-0.0000597955	6.1105707034E-9	-0.0000031395	1.0021974055E-9	6.300	29.600
6/16/2022	1:03 AM	-0.3218508800	41.400	18.000	20.000	0.0000010000	-0.0000598099	8.3537015017E-9	-0.0000031399	7.3851648071E-10	6.300	29.600
6/16/2022	1:04 AM	-0.3243653400	41.400	18.001	20.000	0.0000010000	-0.0000598079	9.7880129790E-9	-0.0000031255	3.9154759474E-10	6.300	29.600
6/16/2022	1:04 AM	-0.3268798000	41.400	18.000	20.000	0.0000010000	-0.0000597960	6.4615268837E-9	-0.0000031363	5.6742346142E-10	6.300	29.600
6/16/2022	1:05 AM	-0.3293942600	41.400	18.000	20.000	0.0000010000	-0.0000598046	6.4256273428E-9	-0.0000031207	9.3186001849E-10	6.300	29.600
6/16/2022	1:06 AM	-0.3319087200	41.400	18.001	20.000	0.0000010000	-0.0000598168	1.2562107451E-8	-0.0000031375	8.0415229868E-10	6.300	29.600
6/16/2022	1:06 AM	-0.3344231800	41.400	18.001	20.000	0.0000010000	-0.0000598034	7.6355161621E-9	-0.0000031276	7.9842630675E-10	6.300	29.600
6/16/2022	1:07 AM	-0.3369376400	41.400	18.000	20.000	0.0000010000	-0.0000598063	8.6298280671E-9	-0.0000031215	9.2736184955E-10	6.300	29.600
6/16/2022	1:08 AM	-0.3394521000	41.400	18.000	20.000	0.0000010000	-0.0000598108	8.4871719955E-9	-0.0000031297	2.5495097568E-10	6.300	29.600
6/16/2022	1:08 AM	-0.3419665600	41.400	18.000	20.000	0.0000010000	-0.0000598165	7.3624803456E-9	-0.0000031306	6.3851648071E-10	6.300	29.600
6/16/2022	1:09 AM	-0.3444810200	41.400	18.000	20.000	0.0000010000	-0.0000598103	7.0044094211E-9	-0.0000031273	4.7602787773E-10	6.300	29.600
6/16/2022	1:10 AM	-0.3469954800	41.400	18.000	20.000	0.0000010000	-0.0000598120	6.0651734302E-9	-0.0000031302	9.4844891052E-10	6.300	29.600
6/16/2022	1:10 AM	-0.3495099400	41.400	18.001	20.000	0.0000010000	-0.0000598287	8.1685419964E-9	-0.0000031319	2.0601794873E-9	6.300	29.600
6/16/2022	1:11 AM	-0.3520244000	41.400	18.001	20.000	0.0000010000	-0.0000598000	9.7084615808E-9	-0.0000031373	6.3851648071E-10	6.300	29.600
6/16/2022	1:12 AM	-0.3545388600	41.400	18.001	20.000	0.0000010000	-0.0000598129	4.1518229319E-9	-0.0000031378	9.6205775687E-10	6.300	29.600
6/16/2022	1:12 AM	-0.3570533200	41.400	17.999	20.000	0.0000010000	-0.0000598173	1.0566646002E-8	-0.0000031236	8.0438357199E-10	6.300	29.600
6/16/2022	1:13 AM	-0.3595677800	41.400	18.001	20.000	0.0000010000	-0.0000598043	1.0286622406E-8	-0.0000031338	1.0215838363E-9	6.300	29.600
6/16/2022	1:14 AM	-0.3620822400	41.400	18.001	20.000	0.0000010000	-0.0000598110	1.2255382052E-8	-0.0000031303	8.7017895975E-10	6.300	29.600
6/16/2022	1:14 AM	-0.3645967000	41.400	18.001	20.000	0.0000010000	-0.0000598154	1.0094137614E-8	-0.0000031364	6.6099096785E-10	6.300	29.600
6/16/2022	1:15 AM	-0.3671111600	41.400	18.002	20.000	0.0000010000	-0.0000598214	7.4956079838E-9	-0.0000031312	6.2980871798E-10	6.300	29.600
6/16/2022	1:16 AM	-0.3696256200	41.400	17.999	20.000	0.0000010000	-0.0000598066	7.6090225457E-9	-0.0000031450	1.1775498521E-9	6.300	29.600
6/16/2022	1:16 AM	-0.3721400800	41.400	17.998	20.000	0.0000010000	-0.0000598028	8.5289698368E-9	-0.0000031226	7.5717058189E-10	6.300	29.600
6/16/2022	1:17 AM	-0.3746545400	41.400	18.000	20.000	0.0000010000	-0.0000598079	7.3060919562E-9	-0.0000031360	4.5495097568E-10	6.300	29.600
6/16/2022	1:18 AM	-0.3771690000	41.400	18.001	20.000	0.0000010000	-0.0000598126	8.1184401982E-9	-0.0000031399	1.6405411544E-9	6.300	29.600
6/16/2022	1:18 AM	-0.3796834600	41.400	18.001	20.000	0.0000010000	-0.0000598167	8.9949789292E-9	-0.0000031342	1.2519967974E-9	6.300	29.600
6/16/2022	1:19 AM	-0.3821979200	41.400	18.001	20.000	0.0000010000	-0.0000598049	1.0393121865E-8	-0.0000031299	2.4494897428E-10	6.300	29.600
6/16/2022	1:20 AM	-0.3847123800	41.400	18.001	20.000	0.0000010000	-0.0000598051	6.5059674577E-9	-0.0000031352	5.6368092477E-10	6.300	29.600
6/16/2022	1:21 AM	-0.3872268400	41.400	18.001	20.000	0.0000010000	-0.0000598082	1.1610505147E-8	-0.0000031373	2.0000000000E-10	6.300	29.600
6/16/2022	1:21 AM	-0.3897413000	41.400	17.999	20.000	0.0000010000	-0.0000597963	1.1807367799E-8	-0.0000031384	4.5495097568E-10	6.300	29.600
6/16/2022	1:22 AM	-0.3922557600	41.400	18.000	20.000	0.0000010000	-0.0000598154	1.2879309654E-8	-0.0000031267	4.1402208188E-10	6.300	29.600
6/16/2022	1:23 AM	-0.3947702200	41.400	18.000	20.000	0.0000010000	-0.0000597957	6.8695432567E-9	-0.0000031369	2.9154759474E-10	6.300	29.600
6/16/2022	1:23 AM	-0.3972846800	41.400	17.999	20.000	0.0000010000	-0.0000598191	5.0479358877E-9	-0.0000031311	2.4494897428E-10	6.300	29.600
6/16/2022	1:24 AM	-0.3997991400	41.400	17.999	20.000	0.0000010000	-0.0000598072	8.2616103790E-9	-0.0000030965	4.1938594539E-9	6.300	29.600
6/16/2022	1:25 AM	-0.3997991400	41.400	18.001	20.000	0.0000010000	-0.0000598002	8.5296151543E-9	-0.0000031320	5.2867640737E-10	6.300	29.600
6/16/2022	1:25 AM	-0.3972846800	41.400	18.000	20.000	0.0000010000	-0.0000598006	1.1101647744E-8	-0.0000031385	1.4719146312E-9	6.300	29.600
6/16/2022	1:26 AM	-0.3947702200	41.400	18.000	20.000	0.0000010000	-0.0000598064	1.5559845345E-8	-0.0000031440	1.0870828693E-9	6.300	29.600
6/16/2022	1:27 AM	-0.3922557600	41.400	18.000	20.000	0.0000010000	-0.0000598018	8.4311244673E-9	-0.0000031444	1.7042947632E-9	6.300	29.600
6/16/2022	1:27 AM	-0.3897413000	41.400	17.999	20.000	0.0000010000	-0.0000598293	9.7365991867E-9	-0.0000031250	5.8615541191E-10	6.300	29.600
6/16/2022	1:28 AM	-0.3872268400	41.400	18.001	20.000	0.0000010000	-0.0000598001	8.7595043950E-9	-0.0000031089	1.9670105626E-9	6.300	29.600
6/16/2022	1:29 AM	-0.3847123800	41.400	18.001	20.000	0.0000010000	-0.0000598121	5.9632519654E-9	-0.0000031256	2.4494897428E-10	6.300	29.600
6/16/2022	1:29 AM	-0.3821979200	41.400	18.000	20.000	0.0000010000	-0.0000598041	7.4553655069E-9	-0.0000031148	1.5721724422E-9	6.300	29.600
6/16/2022	1:30 AM	-0.3796834600	41.400	18.000	20.000	0.0000010000	-0.0000597999	6.9993699794E-9	-0.0000031182	7.2559935005E-10	6.300	29.600
6/16/2022	1:31 AM	-0.3771690000	41.400	17.999	20.000	0.0000010000	-0.0000598202	6.8851761772E-9	-0.0000031146	3.0235246157E-9	6.300	29.600
6/16/2022	1:31 AM	-0.3746545400	41.400	18.000	20.000	0.0000010000	-0.0000598050	9.1399417521E-9	-0.0000031389	5.4649857042E-10	6.300	29.600
6/16/2022	1:32 AM	-0.3721400800	41.400	18.000	20.000	0.0000010000	-0.0000597932	7.9479217310E-9	-0.0000031467	6.6571333342E-10	6.300	29.600
6/16/2022	1:33 AM	-0.3696256200	41.400	18.000	20.000	0.0000010000	-0.0000598207	7.4398756541E-9	-0.0000031219	5.8615541191E-10	6.300	29.600
6/16/2022	1:33 AM	-0.3671111600	41.400	18.000	20.000	0.0000010000	-0.0000598046	9.2930943563E-9	-0.0000031324	1.1039416252E-9	6.300	29.600
6/16/2022	1:34 AM	-0.3645967000	41.400	17.999	20.000	0.0000010000	-0.0000598032	8.1855932283E-9	-0.0000031318	3.0955735648E-10	6.300	29.600
6/16/2022	1:35 AM	-0.3620822400	41.400	18.000	20.000	0.0000010000	-0.0000598052	1.0713975071E-8	-0.0000031274	1.4983746930E-9	6.300	29.600
6/16/2022	1:35 AM	-0.3595677800	41.400	18.002	20.000	0.0000010000	-0.0000598243	1.0231403832E-8	-0.0000031316	6.6099096785E-10	6.300	29.600
6/16/2022	1:36 AM	-0.3570533200	41.400	18.000	20.000	0.0000010000	-0.0000598095	5.8991389997E-9	-0.0000031358	8.1723431537E-10	6.300	29.600
6/16/2022	1:37 AM	-0.3545388600	41.400	18.001	20.000	0.0000010000	-0.0000598150	9.4688522455E-9	-0.0000031390	1.5261573305E-9	6.300	29.600
6/16/2022	1:37 AM	-0.3520244000	41.400	18.001	20.000	0.0000010000	-0.0000598045	5.2810343963E-9	-0.0000031236	1.3661637486E-9	6.300	29.600
6/16/2022	1:38 AM	-0.3495099400	41.400	18.001	20.000	0.0000010000	-0.0000598224	8.8689456680E-9	-0.0000031340	1.1872474882E-9	6.300	29.600
6/16/2022	1:39 AM	-0.3469954800	41.400	18.002	20.000	0.0000010000	-0.0000598033	9.9628647844E-9	-0.0000031196	1.8643694988E-9	6.300	29.600
6/16/2022	1:39 AM	-0.3444810200	41.400	17.999	20.000	0.0000010000	-0.0000597912	7.0738760985E-9	-0.0000031442	7.5166481892E-10	6.300	29.600
6/16/2022	1:40 AM	-0.3419665600	41.400	18.001	20.000	0.0000010000	-0.0000597960	6.6050790567E-9	-0.0000031386	6.3851648071E-10	6.300	29.600
6/16/2022	1:41 AM	-0.3394521000	41.400	18.001	20.000	0.0000010000	-0.0000598019	1.1206244677E-8	-0.0000031349	6.1478150705E-10	6.300	29.600
6/16/2022	1:41 AM	-0.3369376400	41.400	18.001	20.000	0.0000010000	-0.0000598021	8.3679022965E-9	-0.0000031384	1.2581138830E-9	6.300	29.600
6/16/2022	1:42 AM	-0.3344231800	41.400	18.000	20.000	0.0000010000	-0.0000598077	1.0674424487E-8	-0.0000031308	1.1707877060E-9	6.300	29.600
6/16/2022	1:43 AM	-0.3319087200	41.400	18.001	20.000	0.0000010000	-0.0000598007	8.6388663453E-9	-0.0000031296	1.0000000000E-10	6.300	29.600
6/16/2022	1:43 AM	-0.3293942600	41.400	18.000	20.000	0.0000010000	-0.0000598072	8.6474045494E-9	-0.0000031270	3.7742546282E-10	6.300	29.600
6/16/2022	1:44 AM	-0.3268798000	41.400	17.999	20.000	0.0000010000	-0.0000598201	8.7541591433E-9	-0.0000031272	9.0710678119E-10	6.300	29.600
6/16/2022	1:45 AM	-0.3243653400	41.400	18.001	20.000	0.0000010000	-0.0000597945	9.6974344604E-9	-0.0000031391	7.2662678582E-10	6.300	29.600
6/16/2022	1:45 AM	-0.3218508800	41.400	18.000	20.000	0.0000010000	-0.0000598157	8.2727465026E-9	-0.0000031341	3.0955735648E-10	6.300	29.600
6/16/2022	1:46 AM	-0.3193364200	41.400	17.999	20.000	0.0000010000	-0.0000598263	6.0893298254E-9	-0.0000031373	4.6368092477E-10	6.300	29.600
6/16/2022	1:47 AM	-0.3168219600	41.400	18.000	20.000	0.0000010000	-0.0000597982	1.0387307140E-8	-0.0000031525	1.8191413282E-9	6.300	29.600
6/16/2022	1:48 AM	-0.3143075000	41.400	17.999	20.000	0.0000010000	-0.0000598046	9.8392994502E-9	-0.0000031314	2.3020517474E-9	6.300	29.600
6/16/2022	1:48 AM	-0.3117930400	41.400	17.999	20.000	0.0000010000	-0.0000598140	4.9241101537E-9	-0.0000031237	1.1878382748E-9	6.300	29.600
6/16/2022	1:49 AM	-0.3092785800	41.400	17.999	20.000	0.0000010000	-0.0000598114	5.9513149270E-9	-0.0000031328	4.7602787773E-10	6.300	29.600
6/16/2022	1:50 AM	-0.3067641200	41.400	18.000	20.000	0.0000010000	-0.0000598196	5.3564061028E-9	-0.0000031312	2.5495097568E-10	6.300	29.600
6/16/2022	1:50 AM	-0.3042496600	41.400	18.000	20.000	0.0000010000	-0.0000598077	9.5739408172E-9	-0.0000031327	4.1306485869E-10	6.300	29.600
6/16/2022	1:51 AM	-0.3017352000	41.400	18.000	20.000	0.0000010000	-0.0000597962	1.1451916561E-8	-0.0000031263	3.0955735648E-10	6.300	29.600
6/16/2022	1:52 AM	-0.2992207400	41.400	18.001	20.000	0.0000010000	-0.0000598048	7.4260491327E-9	-0.0000031511	8.3832137633E-10	6.300	29.600
6/16/2022	1:52 AM	-0.2967062800	41.400	18.000	20.000	0.0000010000	-0.0000598056	8.7573505463E-9	-0.0000031156	1.3144957801E-9	6.300	29.600
6/16/2022	1:53 AM	-0.2941918200	41.400	18.001	20.000	0.0000010000	-0.0000598098	1.2738313709E-8	-0.0000031466	8.9569989342E-10	6.300	29.600
6/16/2022	1:54 AM	-0.2916773600	41.400	17.999	20.000	0.0000010000	-0.0000598198	8.1378579735E-9	-0.0000031331	8.0428200203E-10	6.300	29.600
6/16/2022	1:54 AM	-0.2891629000	41.400	18.001	20.000	0.0000010000	-0.0000597937	1.0942287223E-8	-0.0000031220	7.0710678119E-10	6.300	29.600
6/16/2022	1:55 AM	-0.2866484400	41.400	18.000	20.000	0.0000010000	-0.0000598085	5.8522232005E-9	-0.0000031199	1.3522077665E-9	6.300	29.500
6/16/2022	1:56 AM	-0.2841339800	41.400	18.000	20.000	0.0000010000	-0.0000598177	6.6419778449E-9	-0.0000031456	7.6278691088E-10	6.300	29.600
6/16/2022	1:56 AM	-0.2816195200	41.400	18.000	20.000	0.0000010000	-0.0000598105	9.9901135862E-9	-0.0000031252	1.1803670365E-9	6.300	29.500
6/16/2022	1:57 AM	-0.2791050600	41.400	18.000	20.000	0.0000010000	-0.0000598092	7.9271299897E-9	-0.0000031197	1.6975166437E-9	6.300	29.500
6/16/2022	1:58 AM	-0.2765906000	41.400	18.000	20.000	0.0000010000	-0.0000598149	1.1019132780E-8	-0.0000031298	3.0955735648E-10	6.300	29.500
6/16/2022	1:58 AM	-0.2740761400	42.400	18.001	20.000	0.0000010000	-0.0000598003	7.0973469867E-9	-0.0000031427	7.6212327846E-10	6.300	29.500
6/16/2022	1:59 AM	-0.2715616800	42.400	17.999	20.000	0.0000010000	-0.0000598164	1.1158533462E-8	-0.0000031205	8.7413930606E-10	6.300	29.600
6/16/2022	2:00 AM	-0.2690472200	42.400	18.001	20.000	0.0000010000	-0.0000598252	9.7161907864E-9	-0.0000031295	1.1258305576E-9	6.300	29.500
6/16/2022	2:00 AM	-0.2665327600	42.400	18.000	20.000	0.0000010000	-0.0000598016	6.6025390967E-9	-0.0000031320	0.0000000000E+0	6.300	29.600
6/16/2022	2:01 AM	-0.2640183000	42.400	18.001	20.000	0.0000010000	-0.0000598101	8.3848777773E-9	-0.0000031264	4.1402208188E-10	6.300	29.600
6/16/2022	2:02 AM	-0.2615038400	42.400	18.001	20.000	0.0000010000	-0.0000598050	1.0798124027E-8	-0.0000031291	3.0955735648E-10	6.300	29.500
6/16/2022	2:02 AM	-0.2589893800	42.400	18.001	20.000	0.0000010000	-0.0000598079	5.7377893845E-9	-0.0000031262	6.5076379411E-10	6.300	29.500
6/16/2022	2:03 AM	-0.2564749200	42.400	18.001	20.000	0.0000010000	-0.0000598139	9.7983231364E-9	-0.0000031363	4.7602787773E-10	6.300	29.500
6/16/2022	2:04 AM	-0.2539604600	42.400	18.001	20.000	0.0000010000	-0.0000597919	9.9297213344E-9	-0.0000031422	9.4405832340E-10	6.300	29.500
6/16/2022	2:04 AM	-0.2514460000	42.400	18.000	20.000	0.0000010000	-0.0000598168	9.2772434993E-9	-0.0000031380	5.7416573868E-10	6.300	29.600
6/16/2022	2:05 AM	-0.2489315400	42.400	18.001	20.000	0.0000010000	-0.0000598034	6.9067475355E-9	-0.0000031206	5.7434164903E-10	6.200	29.500
6/16/2022	2:06 AM	-0.2464170800	42.400	18.000	20.000	0.0000010000	-0.0000598231	8.8979033307E-9	-0.0000031264	3.8708286934E-10	6.300	29.500
6/16/2022	2:06 AM	-0.2439026200	42.400	18.001	20.000	0.0000010000	-0.0000598154	7.8267123335E-9	-0.0000031185	1.3420893957E-9	6.300	29.500
6/16/2022	2:07 AM	-0.2413881600	42.400	18.000	20.000	0.0000010000	-0.0000598228	5.1907926427E-9	-0.0000031299	4.5495097568E-10	6.300	29.500
6/16/2022	2:08 AM	-0.2388737000	42.400	18.000	20.000	0.0000010000	-0.0000598118	6.0931834607E-9	-0.0000031377	9.6863274407E-10	6.300	29.500
6/16/2022	2:08 AM	-0.2363592400	42.400	18.001	20.000	0.0000010000	-0.0000598193	1.0401866633E-8	-0.0000031292	2.8058837015E-10	6.300	29.500
6/16/2022	2:09 AM	-0.2338447800	42.400	18.000	20.000	0.0000010000	-0.0000598173	5.5858712587E-9	-0.0000031270	5.8615541191E-10	6.300	29.500
6/16/2022	2:10 AM	-0.2313303200	42.400	18.000	20.000	0.0000010000	-0.0000598110	4.4431681055E-9	-0.0000031295	5.5450633076E-10	6.300	29.500
6/16/2022	2:10 AM	-0.2288158600	42.400	18.001	20.000	0.0000010000	-0.0000598133	8.9225928159E-9	-0.0000031265	1.4273359224E-9	6.300	29.500
6/16/2022	2:11 AM	-0.2263014000	42.400	18.000	20.000	0.0000010000	-0.0000598015	8.0277209928E-9	-0.0000031289	2.2247448714E-10	6.200	29.500
6/16/2022	2:12 AM	-0.2237869400	42.400	18.001	20.000	0.0000010000	-0.0000598197	7.5032903680E-9	-0.0000031235	8.3851648071E-10	6.200	29.500
6/16/2022	2:12 AM	-0.2212724800	42.400	18.001	20.000	0.0000010000	-0.0000598278	6.7053066271E-9	-0.0000031261	9.1827593375E-10	6.200	29.500
6/16/2022	2:13 AM	-0.2187580200	42.400	18.001	20.000	0.0000010000	-0.0000598087	8.3235350712E-9	-0.0000031286	7.5522851952E-10	6.200	29.500
6/16/2022	2:14 AM	-0.2162435600	42.400	18.000	20.000	0.0000010000	-0.0000598023	1.1392616470E-8	-0.0000031111	2.1693689764E-9	6.200	29.500
6/16/2022	2:14 AM	-0.2137291000	42.400	18.001	20.000	0.0000010000	-0.0000598151	5.9499153151E-9	-0.0000031318	3.3911649916E-10	6.200	29.500
6/16/2022	2:15 AM	-0.2112146400	42.400	18.000	20.000	0.0000010000	-0.0000598124	9.4051376085E-9	-0.0000031355	5.8309518948E-10	6.200	29.500
6/16/2022	2:16 AM	-0.2087001800	42.400	18.000	20.000	0.0000010000	-0.0000598096	8.5131871588E-9	-0.0000031157	3.0000000000E-10	6.200	29.500
6/16/2022	2:17 AM	-0.2061857200	42.400	17.998	20.000	0.0000010000	-0.0000598150	9.0074453592E-9	-0.0000031285	1.3161185207E-9	6.200	29.500
6/16/2022	2:17 AM	-0.2036712600	42.400	18.000	20.000	0.0000010000	-0.0000598055	7.4816260604E-9	-0.0000031169	1.8831831467E-9	6.200	29.500
6/16/2022	2:18 AM	-0.2011568000	42.400	18.002	20.000	0.0000010000	-0.0000598100	1.0384193673E-8	-0.0000031269	1.3558171176E-9	6.200	29.500
6/16/2022	2:19 AM	-0.1986423400	42.400	18.000	20.000	0.0000010000	-0.0000598277	1.6625399321E-8	-0.0000031206	1.1070229163E-9	6.200	29.500
6/16/2022	2:19 AM	-0.1961278800	42.400	18.001	20.000	0.0000010000	-0.0000598133	5.3546840295E-9	-0.0000031226	7.2662678582E-10	6.200	29.500
6/16/2022	2:20 AM	-0.1936134200	42.400	18.000	20.000	0.0000010000	-0.0000598149	7.8601553349E-9	-0.0000031304	5.8823014636E-10	6.200	29.500
6/16/2022	2:21 AM	-0.1910989600	42.400	18.000	20.000	0.0000010000	-0.0000598039	6.4876191398E-9	-0.0000031169	8.6391922149E-10	6.200	29.500
6/16/2022	2:21 AM	-0.1885845000	42.400	18.001	20.000	0.0000010000	-0.0000598115	6.9748676281E-9	-0.0000031340	9.2364110314E-10	6.200	29.500
6/16/2022	2:22 AM	-0.1860700400	42.400	18.001	20.000	0.0000010000	-0.0000598093	6.9940963697E-9	-0.0000031305	3.7742546282E-10	6.200	29.500
6/16/2022	2:23 AM	-0.1835555800	42.400	18.001	20.000	0.0000010000	-0.0000598030	6.5560029400E-9	-0.0000031280	3.7742546282E-10	6.200	29.500
6/16/2022	2:23 AM	-0.1810411200	42.400	18.000	20.000	0.0000010000	-0.0000598023	9.4264754391E-9	-0.0000031140	1.3903754583E-9	6.200	29.500
6/16/2022	2:24 AM	-0.1785266600	42.400	18.001	20.000	0.0000010000	-0.0000598152	9.9453760817E-9	-0.0000031362	1.2877227173E-9	6.200	29.500
6/16/2022	2:25 AM	-0.1760122000	42.400	18.002	20.000	0.0000010000	-0.0000598039	8.3779689081E-9	-0.0000031390	1.3590270217E-9	6.200	29.500
6/16/2022	2:25 AM	-0.1734977400	42.400	18.001	20.000	0.0000010000	-0.0000598127	9.7720279667E-9	-0.0000031423	6.5632839974E-10	6.200	29.500
6/16/2022	2:26 AM	-0.1709832800	42.400	18.001	20.000	0.0000010000	-0.0000598175	7.1291185608E-9	-0.0000031145	1.5949916388E-9	6.200	29.500
6/16/2022	2:27 AM	-0.1684688200	42.400	18.001	20.000	0.0000010000	-0.0000598068	8.1307837490E-9	-0.0000031344	1.6276472679E-9	6.200	29.500
6/16/2022	2:27 AM	-0.1659543600	42.400	18.000	20.000	0.0000010000	-0.0000598025	4.6013135576E-9	-0.0000031253	5.6368092477E-10	6.200	29.500
6/16/2022	2:28 AM	-0.1634399000	42.400	18.000	20.000	0.0000010000	-0.0000598362	5.3384979120E-9	-0.0000031221	1.2913281926E-9	6.200	29.500
6/16/2022	2:29 AM	-0.1609254400	42.400	18.000	20.000	0.0000010000	-0.0000598258	1.2191238433E-8	-0.0000031259	1.1803670365E-9	6.200	29.500
6/16/2022	2:29 AM	-0.1584109800	42.400	18.000	20.000	0.0000010000	-0.0000598166	5.0518826633E-9	-0.0000031364	1.8708286934E-10	6.200	29.500
6/16/2022	2:30 AM	-0.1558965200	42.400	17.999	20.000	0.0000010000	-0.0000597960	6.2882840529E-9	-0.0000031400	5.8309518948E-10	6.200	29.500
6/16/2022	2:31 AM	-0.1533820600	42.400	17.999	20.000	0.0000010000	-0.0000598041	9.4173727901E-9	-0.0000031096	1.8584970658E-9	6.200	29.500
6/16/2022	2:32 AM	-0.1508676000	42.400	18.000	20.000	0.0000010000	-0.0000598190	5.3273369445E-9	-0.0000031281	6.4031242374E-10	6.200	29.500
6/16/2022	2:32 AM	-0.1483531400	42.400	18.000	20.000	0.0000010000	-0.0000598018	3.1058584619E-9	-0.0000031259	1.5291318655E-9	6.200	29.500
6/16/2022	2:33 AM	-0.1458386800	42.400	17.999	20.000	0.0000010000	-0.0000598133	9.0751699846E-9	-0.0000031439	1.4149897770E-9	6.200	29.500
6/16/2022	2:34 AM	-0.1433242200	42.400	17.999	20.000	0.0000010000	-0.0000598041	8.8929502578E-9	-0.0000031345	7.0710678119E-10	6.200	29.500
6/16/2022	2:34 AM	-0.1408097600	42.400	17.999	20.000	0.0000010000	-0.0000598182	8.6206079481E-9	-0.0000031265	1.5636946682E-9	6.200	29.500
6/16/2022	2:35 AM	-0.1382953000	42.400	18.001	20.000	0.0000010000	-0.0000598113	7.0914416950E-9	-0.0000031289	1.1039933485E-9	6.200	29.500
6/16/2022	2:36 AM	-0.1357808400	42.400	18.000	20.000	0.0000010000	-0.0000598145	8.4644209770E-9	-0.0000031210	1.3509256086E-9	6.200	29.500
6/16/2022	2:36 AM	-0.1332663800	42.400	17.999	20.000	0.0000010000	-0.0000598089	6.0922608256E-9	-0.0000031357	8.2503868823E-10	6.200	29.500
6/16/2022	2:37 AM	-0.1307519200	42.400	18.000	20.000	0.0000010000	-0.0000598261	5.8979720251E-9	-0.0000031186	1.2974772233E-9	6.200	29.500
6/16/2022	2:38 AM	-0.1282374600	42.400	18.000	20.000	0.0000010000	-0.0000598207	8.8933387530E-9	-0.0000031227	1.2000000000E-9	6.200	29.500
6/16/2022	2:38 AM	-0.1257230000	42.400	18.001	20.000	0.0000010000	-0.0000598094	6.7122604547E-9	-0.0000031196	1.0021974055E-9	6.200	29.500
6/16/2022	2:39 AM	-0.1232085400	42.400	17.999	20.000	0.0000010000	-0.0000598230	9.8020232550E-9	-0.0000031363	4.7602787773E-10	6.200	29.500
6/16/2022	2:40 AM	-0.1206940800	42.400	18.000	20.000	0.0000010000	-0.0000598198	1.2703186173E-8	-0.0000031287	7.4031242374E-10	6.200	29.500
6/16/2022	2:40 AM	-0.1181796200	42.400	17.999	20.000	0.0000010000	-0.0000598103	6.5062802845E-9	-0.0000031433	1.7730603473E-9	6.200	29.500
6/16/2022	2:41 AM	-0.1156651600	42.400	18.002	20.000	0.0000010000	-0.0000598248	4.3681949134E-9	-0.0000031223	3.9154759474E-10	6.200	29.500
6/16/2022	2:42 AM	-0.1131507000	42.400	18.000	20.000	0.0000010000	-0.0000598157	1.0914386063E-8	-0.0000031483	1.7697715469E-9	6.200	29.500
6/16/2022	2:42 AM	-0.1106362400	42.400	18.001	20.000	0.0000010000	-0.0000598044	9.2334119811E-9	-0.0000031345	8.3784666345E-10	6.200	29.500
6/16/2022	2:43 AM	-0.1081217800	42.400	18.001	20.001	0.0000010000	-0.0000598193	9.0676867105E-9	-0.0000031254	8.8740730319E-10	6.200	29.500
6/16/2022	2:44 AM	-0.1056073200	42.400	17.999	20.000	0.0000010000	-0.0000598009	8.9392845893E-9	-0.0000031380	3.5355339059E-10	6.200	29.500
6/16/2022	2:44 AM	-0.1030928600	42.400	17.998	20.000	0.0000010000	-0.0000598030	7.7305700372E-9	-0.0000031337	4.1402208188E-10	6.200	29.500
6/16/2022	2:45 AM	-0.1005784000	42.400	18.000	20.000	0.0000010000	-0.0000598209	5.9431712890E-9	-0.0000031362	1.0359759433E-9	6.200	29.500
6/16/2022	2:46 AM	-0.0980639400	42.400	18.000	20.000	0.0000010000	-0.0000598088	1.3013914519E-8	-0.0000031442	7.7823299831E-10	6.200	29.500
6/16/2022	2:46 AM	-0.0955494800	42.400	17.999	20.000	0.0000010000	-0.0000598204	4.6314413681E-9	-0.0000031252	7.4031242374E-10	6.200	29.500
6/16/2022	2:47 AM	-0.0930350200	42.400	18.001	20.000	0.0000010000	-0.0000598176	1.3450413466E-8	-0.0000031287	7.2166385809E-10	6.200	29.500
6/16/2022	2:48 AM	-0.0905205600	42.400	17.999	20.000	0.0000010000	-0.0000598296	1.1609708411E-8	-0.0000031340	8.6023252670E-10	6.200	29.500
6/16/2022	2:48 AM	-0.0880061000	42.400	18.000	20.000	0.0000010000	-0.0000598007	5.6329186728E-9	-0.0000031465	7.2662678582E-10	6.200	29.500
6/16/2022	2:49 AM	-0.0854916400	42.400	18.000	20.000	0.0000010000	-0.0000598312	1.1237044042E-8	-0.0000031262	1.0465143440E-9	6.200	29.500
6/16/2022	2:50 AM	-0.0829771800	42.400	18.000	20.000	0.0000010000	-0.0000598293	3.3618809104E-9	-0.0000031262	1.0032824530E-9	6.200	29.500
6/16/2022	2:50 AM	-0.0804627200	42.400	17.999	20.000	0.0000010000	-0.0000598069	7.7297849680E-9	-0.0000031298	9.0801965128E-10	6.200	29.500
6/16/2022	2:51 AM	-0.0779482600	42.400	18.001	20.000	0.0000010000	-0.0000598224	1.0292047605E-8	-0.0000031464	1.7591369029E-9	6.200	29.500
6/16/2022	2:52 AM	-0.0754338000	42.400	17.998	20.000	0.0000010000	-0.0000598288	4.9670792933E-9	-0.0000031245	1.1593097469E-9	6.200	29.500
6/16/2022	2:52 AM	-0.0729193400	42.400	17.999	20.000	0.0000010000	-0.0000598109	6.8847351475E-9	-0.0000031235	8.7413930606E-10	6.200	29.500
6/16/2022	2:53 AM	-0.0704048800	42.400	18.000	20.000	0.0000010000	-0.0000598248	7.8684061600E-9	-0.0000031471	1.8831878814E-9	6.200	29.500
6/16/2022	2:54 AM	-0.0678904200	42.400	18.001	20.000	0.0000010000	-0.0000598223	1.0552813764E-8	-0.0000031409	9.5654018976E-10	6.200	29.500
6/16/2022	2:54 AM	-0.0653759600	42.400	18.000	20.000	0.0000010000	-0.0000598156	4.3996215046E-9	-0.0000031304	1.2409606938E-9	6.200	29.500
6/16/2022	2:55 AM	-0.0628615000	42.400	18.000	20.000	0.0000010000	-0.0000598091	9.3354044499E-9	-0.0000031303	7.5975531083E-10	6.200	29.500
6/16/2022	2:56 AM	-0.0603470400	42.400	18.000	20.000	0.0000010000	-0.0000598070	8.1733655738E-9	-0.0000031189	4.9664022582E-10	6.200	29.500
6/16/2022	2:57 AM	-0.0402313600	42.400	18.000	20.000	0.0000010000	-0.0000598312	7.1634409142E-9	-0.0000031362	5.2247448714E-10	6.200	29.500
6/16/2022	2:57 AM	-0.0201156800	42.400	17.999	20.000	0.0000010000	-0.0000598114	8.3282886057E-9	-0.0000031193	1.2455915849E-9	6.200	29.500
6/16/2022	2:58 AM	0.0000000000	42.400	18.000	20.000	0.0000010000	-0.0000598185	8.3726097006E-9	-0.0000031311	1.1788289045E-9	6.200	29.500
6/16/2022	2:59 AM	0.0201156800	44.100	17.999	20.000	0.0000010000	-0.0000598167	9.0607465805E-9	-0.0000031533	1.5844067531E-9	6.200	29.500
6/16/2022	2:59 AM	0.0402313600	44.100	17.999	20.000	0.0000010000	-0.0000598289	7.0343484334E-9	-0.0000031378	3.9154759474E-10	6.200	29.500
6/16/2022	3:00 AM	0.0603470400	44.100	17.999	20.000	0.0000010000	-0.0000598082	7.2766246477E-9	-0.0000031287	8.1723431537E-10	6.200	29.500
6/16/2022	3:01 AM	0.0628615000	44.100	17.998	20.000	0.0000010000	-0.0000598088	1.2578649422E-8	-0.0000031314	3.2247448714E-10	6.200	29.500
6/16/2022	3:01 AM	0.0653759600	44.100	18.000	20.000	0.0000010000	-0.0000598114	8.7030072559E-9	-0.0000031332	1.1039933485E-9	6.200	29.500
6/16/2022	3:02 AM	0.0678904200	44.100	18.000	20.000	0.0000010000	-0.0000598159	5.2625017556E-9	-0.0000031264	5.2553734443E-10	6.200	29.500
6/16/2022	3:03 AM	0.0704048800	44.100	18.000	20.000	0.0000010000	-0.0000598173	5.5937225044E-9	-0.0000031386	7.6278691088E-10	6.200	29.500
6/16/2022	3:03 AM	0.0729193400	44.100	18.002	20.000	0.0000010000	-0.0000598382	1.5529734874E-8	-0.0000031304	8.4031242374E-10	6.200	29.500
6/16/2022	3:04 AM	0.0754338000	44.100	18.000	20.000	0.0000010000	-0.0000598196	9.4681917546E-9	-0.0000031189	1.2893779071E-9	6.200	29.500
6/16/2022	3:05 AM	0.0779482600	44.100	18.001	20.000	0.0000010000	-0.0000598187	7.7031888219E-9	-0.0000031301	3.2247448714E-10	6.200	29.500
6/16/2022	3:05 AM	0.0804627200	44.100	18.001	20.000	0.0000010000	-0.0000598238	7.9741341562E-9	-0.0000031030	4.1843496525E-9	6.200	29.500
6/16/2022	3:06 AM	0.0829771800	44.100	18.000	20.000	0.0000010000	-0.0000598302	9.9889722180E-9	-0.0000031234	8.3832137633E-10	6.200	29.500
6/16/2022	3:07 AM	0.0854916400	44.100	18.000	20.000	0.0000010000	-0.0000598173	7.1499872939E-9	-0.0000030748	6.2062081103E-9	6.200	29.500
6/16/2022	3:07 AM	0.0880061000	44.100	18.001	20.000	0.0000010000	-0.0000598133	1.0412927010E-8	-0.0000031261	8.7080596449E-10	6.200	29.500
6/16/2022	3:08 AM	0.0905205600	44.100	17.999	20.000	0.0000010000	-0.0000598237	1.0072870109E-8	-0.0000031168	1.5852794038E-9	6.200	29.500
6/16/2022	3:09 AM	0.0930350200	44.100	18.000	20.000	0.0000010000	-0.0000598296	6.2799915261E-9	-0.0000031340	8.0076698609E-10	6.200	29.500
6/16/2022	3:10 AM	0.0955494800	44.100	17.999	20.000	0.0000010000	-0.0000598108	1.1739575887E-8	-0.0000031246	9.6909381853E-10	6.200	29.500
6/16/2022	3:10 AM	0.0980639400	44.100	18.000	20.000	0.0000010000	-0.0000598224	1.3408938772E-8	-0.0000031435	1.2618484968E-9	6.200	29.500
6/16/2022	3:11 AM	0.1005784000	44.100	18.000	20.000	0.0000010000	-0.0000598144	4.9322632711E-9	-0.0000031298	1.4636809248E-9	6.200	29.500
6/16/2022	3:12 AM	0.1030928600	44.100	18.000	20.000	0.0000010000	-0.0000598185	7.7033575680E-9	-0.0000031177	9.3874768826E-10	6.200	29.500
6/16/2022	3:12 AM	0.1056073200	44.100	17.999	20.000	0.0000010000	-0.0000598157	1.4278091470E-8	-0.0000031324	7.8366965395E-10	6.200	29.500
6/16/2022	3:13 AM	0.1081217800	44.100	18.001	20.000	0.0000010000	-0.0000597926	8.2731923383E-9	-0.0000031246	1.3403564429E-9	6.200	29.500
6/16/2022	3:14 AM	0.1106362400	44.100	18.000	20.000	0.0000010000	-0.0000598286	7.7679265412E-9	-0.0000031254	1.0000000000E-10	6.200	29.500
6/16/2022	3:15 AM	0.1131507000	44.100	17.999	20.000	0.0000010000	-0.0000598226	7.8589544422E-9	-0.0000031317	1.3719760310E-9	6.200	29.500
6/16/2022	3:15 AM	0.1156651600	44.100	18.002	20.000	0.0000010000	-0.0000598177	7.9002174405E-9	-0.0000031246	1.2219049560E-9	6.200	29.500
6/16/2022	3:16 AM	0.1181796200	0.900	18.000	20.000	0.0000010000	-0.0000598294	9.0059442088E-9	-0.0000031461	1.4400197036E-9	6.200	29.500
6/16/2022	3:17 AM	0.1206940800	44.100	18.001	20.000	0.0000010000	-0.0000598100	6.6082980656E-9	-0.0000031017	2.0422617347E-9	6.200	29.500
6/16/2022	3:17 AM	0.1232085400	44.100	18.000	20.000	0.0000010000	-0.0000598283	4.9819273582E-9	-0.0000031418	1.6480135914E-9	6.200	29.500
6/16/2022	3:18 AM	0.1257230000	44.100	18.000	20.000	0.0000010000	-0.0000598189	6.6053156619E-9	-0.0000031322	8.8054356926E-10	6.200	29.500
6/16/2022	3:19 AM	0.1282374600	44.100	18.000	20.000	0.0000010000	-0.0000598087	6.7838443967E-9	-0.0000031428	8.1723431537E-10	6.200	29.500
6/16/2022	3:19 AM	0.1307519200	44.100	18.000	20.000	0.0000010000	-0.0000598257	7.1754818241E-9	-0.0000031271	5.9850236487E-10	6.200	29.500
6/16/2022	3:20 AM	0.1332663800	44.100	18.001	20.000	0.0000010000	-0.0000598271	7.6996170932E-9	-0.0000031303	1.1707877060E-9	6.200	29.500
6/16/2022	3:21 AM	0.1357808400	44.100	17.999	20.000	0.0000010000	-0.0000598096	6.3986799296E-9	-0.0000031284	9.6863274407E-10	6.200	29.500
6/16/2022	3:21 AM	0.1382953000	44.100	18.000	20.000	0.0000010000	-0.0000598189	8.3804752327E-9	-0.0000047435	3.9154759474E-10	6.200	29.500
6/16/2022	3:22 AM	0.1408097600	44.100	17.999	20.000	0.0000010000	-0.0000597993	7.1840750854E-9	-0.0000047320	1.4381025779E-9	6.200	29.500
6/16/2022	3:23 AM	0.1433242200	44.100	17.998	20.000	0.0000010000	-0.0000598134	6.8343652111E-9	-0.0000047297	9.3874768826E-10	6.200	29.500
6/16/2022	3:24 AM	0.1458386800	44.100	18.001	20.000	0.0000010000	-0.0000598081	9.8576185812E-9	-0.0000047446	1.7216149268E-9	6.200	29.500
6/16/2022	3:24 AM	0.1483531400	44.100	18.002	20.000	0.0000010000	-0.0000598065	5.4036381455E-9	-0.0000047415	7.4820292778E-10	6.200	29.500
6/16/2022	3:25 AM	0.1508676000	44.100	18.001	20.001	0.0000010000	-0.0000598018	6.1082750807E-9	-0.0000047426	1.1238369250E-9	6.200	29.500
6/16/2022	3:26 AM	0.1533820600	44.100	18.000	20.000	0.0000010000	-0.0000598203	5.3672897542E-9	-0.0000047437	1.3888194417E-9	6.200	29.500
6/16/2022	3:26 AM	0.1558965200	44.100	18.000	20.000	0.0000010000	-0.0000598138	4.5657659641E-9	-0.0000047333	2.5949500086E-9	6.200	29.400
6/16/2022	3:27 AM	0.1584109800	44.100	18.000	20.001	0.0000010000	-0.0000598181	1.0719177949E-8	-0.0000047344	5.5259075049E-10	6.200	29.400
6/16/2022	3:28 AM	0.1609254400	44.100	18.000	20.000	0.0000010000	-0.0000598094	1.2043512104E-8	-0.0000047577	6.3066409390E-10	6.200	29.500
6/16/2022	3:28 AM	0.1634399000	44.100	18.001	20.000	0.0000010000	-0.0000597940	1.2324089641E-8	-0.0000047464	4.3011626335E-10	6.200	29.500
6/16/2022	3:29 AM	0.1659543600	44.100	18.001	20.000	0.0000010000	-0.0000598315	7.4605230341E-9	-0.0000047375	4.7863046408E-10	6.200	29.500
6/16/2022	3:30 AM	0.1684688200	44.100	18.000	20.000	0.0000010000	-0.0000598037	1.1747411790E-8	-0.0000047301	1.0091825995E-9	6.200	29.500
6/16/2022	3:30 AM	0.1709832800	44.100	17.999	20.000	0.0000010000	-0.0000598118	7.5703313759E-9	-0.0000047368	9.0710678119E-10	6.200	29.500
6/16/2022	3:31 AM	0.1734977400	44.100	18.001	20.000	0.0000010000	-0.0000598213	7.6770813088E-9	-0.0000047389	8.4031242374E-10	6.100	29.400
6/16/2022	3:32 AM	0.1760122000	44.100	18.000	20.000	0.0000010000	-0.0000598118	6.5150923956E-9	-0.0000047440	1.1813159295E-9	6.100	29.400
6/16/2022	3:32 AM	0.1785266600	44.100	18.000	20.000	0.0000010000	-0.0000598130	8.9155481444E-9	-0.0000047321	1.0025581909E-9	6.100	29.500
6/16/2022	3:33 AM	0.1810411200	44.100	18.001	20.000	0.0000010000	-0.0000598162	9.0615590036E-9	-0.0000047459	9.2736184955E-10	6.100	29.500
6/16/2022	3:34 AM	0.1835555800	44.100	18.001	20.000	0.0000010000	-0.0000598145	5.3612362278E-9	-0.0000047349	2.9154759474E-10	6.100	29.500
6/16/2022	3:34 AM	0.1860700400	44.100	18.000	20.000	0.0000010000	-0.0000598026	8.3536387186E-9	-0.0000047443	7.5975531083E-10	6.100	29.400
6/16/2022	3:35 AM	0.1885845000	44.100	18.000	20.000	0.0000010000	-0.0000598065	7.2236344065E-9	-0.0000047485	5.8615541191E-10	6.100	29.400
6/16/2022	3:36 AM	0.1910989600	44.100	18.001	20.000	0.0000010000	-0.0000598133	1.1057437547E-8	-0.0000047467	8.0632910179E-10	6.100	29.400
6/16/2022	3:36 AM	0.1936134200	44.100	18.000	20.000	0.0000010000	-0.0000598089	6.6615966217E-9	-0.0000047496	4.3011626335E-10	6.100	29.400
6/16/2022	3:37 AM	0.1961278800	44.100	18.000	20.000	0.0000010000	-0.0000598189	8.2244096424E-9	-0.0000047376	7.3385391260E-10	6.100	29.500
6/16/2022	3:38 AM	0.1986423400	44.100	18.000	20.000	0.0000010000	-0.0000598142	1.0690838189E-8	-0.0000047554	1.2942977767E-9	6.100	29.400
6/16/2022	3:38 AM	0.2011568000	44.100	18.000	20.000	0.0000010000	-0.0000598153	1.2429269615E-8	-0.0000047577	4.7602787773E-10	6.100	29.400
6/16/2022	3:39 AM	0.2036712600	44.100	18.000	20.000	0.0000010000	-0.0000598028	7.6495570856E-9	-0.0000047413	5.6368092477E-10	6.100	29.400
6/16/2022	3:40 AM	0.2061857200	44.100	18.001	20.000	0.0000010000	-0.0000598117	4.5201223642E-9	-0.0000047354	1.2447058924E-9	6.100	29.500
6/16/2022	3:40 AM	0.2087001800	44.100	18.000	20.000	0.0000010000	-0.0000598111	9.8639430372E-9	-0.0000047342	9.5770568927E-10	6.100	29.400
6/16/2022	3:41 AM	0.2112146400	44.100	17.999	20.000	0.0000010000	-0.0000598216	1.2048849698E-8	-0.0000047406	7.3385391260E-10	6.100	29.400
6/16/2022	3:42 AM	0.2137291000	44.100	18.000	20.000	0.0000010000	-0.0000598114	9.0802876008E-9	-0.0000047533	1.9612256727E-9	6.100	29.400
6/16/2022	3:42 AM	0.2162435600	44.100	18.000	20.000	0.0000010000	-0.0000598055	7.9037943146E-9	-0.0000047380	9.3186001849E-10	6.100	29.400
6/16/2022	3:43 AM	0.2187580200	44.100	18.000	20.000	0.0000010000	-0.0000598133	5.4173464023E-9	-0.0000047441	1.2234076132E-9	6.100	29.400
6/16/2022	3:44 AM	0.2212724800	44.100	18.001	20.000	0.0000010000	-0.0000598090	6.2232422462E-9	-0.0000047435	8.2739529308E-10	6.100	29.400
6/16/2022	3:44 AM	0.2237869400	44.100	18.001	20.000	0.0000010000	-0.0000598105	5.5236323097E-9	-0.0000047367	1.3717493657E-9	6.100	29.400
6/16/2022	3:45 AM	0.2263014000	44.100	18.000	20.000	0.0000010000	-0.0000598168	1.0304973596E-8	-0.0000047246	1.5513746105E-9	6.100	29.400
6/16/2022	3:46 AM	0.2288158600	44.100	18.000	20.000	0.0000010000	-0.0000598080	8.0905271007E-9	-0.0000047514	8.7464278423E-10	6.100	29.400
6/16/2022	3:47 AM	0.2313303200	44.100	17.999	20.000	0.0000010000	-0.0000598022	8.9160603274E-9	-0.0000047516	8.9569989342E-10	6.100	29.400
6/16/2022	3:47 AM	0.2338447800	44.100	18.000	20.000	0.0000010000	-0.0000597954	4.0010630261E-9	-0.0000047438	2.2247448714E-10	6.100	29.400
6/16/2022	3:48 AM	0.2363592400	44.100	18.000	20.000	0.0000010000	-0.0000597940	9.1227458402E-9	-0.0000047360	2.2360679775E-10	6.100	29.400
6/16/2022	3:49 AM	0.2388737000	44.100	17.999	20.000	0.0000010000	-0.0000598122	1.0789027522E-8	-0.0000047556	1.0548556983E-9	6.100	29.400
6/16/2022	3:49 AM	0.2413881600	44.100	17.999	20.000	0.0000010000	-0.0000598145	8.9091437295E-9	-0.0000047310	5.0000000000E-10	6.100	29.400
6/16/2022	3:50 AM	0.2439026200	44.100	18.000	20.000	0.0000010000	-0.0000598120	8.3133226330E-9	-0.0000047483	4.7602787773E-10	6.100	29.400
6/16/2022	3:51 AM	0.2464170800	44.100	17.998	20.000	0.0000010000	-0.0000598094	9.9842553186E-9	-0.0000047541	8.4031242374E-10	6.100	29.500
6/16/2022	3:51 AM	0.2489315400	44.100	17.999	20.000	0.0000010000	-0.0000598174	3.8822173652E-9	-0.0000047473	9.4844891052E-10	6.100	29.400
6/16/2022	3:52 AM	0.2514460000	44.100	18.000	20.000	0.0000010000	-0.0000598129	9.8237186246E-9	-0.0000047468	4.6742346142E-10	6.100	29.400
6/16/2022	3:53 AM	0.2539604600	44.100	17.999	20.000	0.0000010000	-0.0000598243	8.9268664997E-9	-0.0000047195	2.1416333328E-9	6.100	29.400
6/16/2022	3:53 AM	0.2564749200	44.100	18.000	20.000	0.0000010000	-0.0000598053	8.1779622655E-9	-0.0000047453	5.5355339059E-10	6.100	29.400
6/16/2022	3:54 AM	0.2589893800	44.100	18.000	20.000	0.0000010000	-0.0000598164	8.7127626718E-9	-0.0000047594	1.1403124237E-9	6.100	29.400
6/16/2022	3:55 AM	0.2615038400	44.100	17.999	20.000	0.0000010000	-0.0000598024	1.1293296104E-8	-0.0000047514	7.5717058189E-10	6.100	29.400
6/16/2022	3:55 AM	0.2640183000	44.100	18.000	20.000	0.0000010000	-0.0000598156	1.3783947121E-8	-0.0000047168	2.1022703843E-9	6.100	29.400
6/16/2022	3:56 AM	0.2665327600	44.100	17.998	20.000	0.0000010000	-0.0000598025	5.4817336667E-9	-0.0000046995	5.1092233829E-9	6.100	29.400
6/16/2022	3:57 AM	0.2690472200	44.100	17.998	20.000	0.0000010000	-0.0000598057	7.1732009423E-9	-0.0000047630	1.0021974055E-9	6.100	29.400
6/16/2022	3:57 AM	0.2715616800	44.100	18.001	20.000	0.0000010000	-0.0000598224	9.4074508060E-9	-0.0000047095	3.2995565253E-9	6.100	29.400
6/16/2022	3:58 AM	0.2740761400	45.900	18.001	20.000	0.0000010000	-0.0000598038	7.9721642140E-9	-0.0000047374	9.6863274407E-10	6.100	29.400
6/16/2022	3:59 AM	0.2765906000	45.900	18.000	20.000	0.0000010000	-0.0000598109	6.6898931859E-9	-0.0000047496	1.1812006585E-9	6.100	29.400
6/16/2022	3:59 AM	0.2791050600	45.900	18.000	20.000	0.0000010000	-0.0000597996	7.4910826376E-9	-0.0000047419	1.1146540728E-9	6.100	29.400
6/16/2022	4:00 AM	0.2816195200	45.900	17.998	20.000	0.0000010000	-0.0000598054	1.0163675294E-8	-0.0000047508	5.5355339059E-10	6.100	29.400
6/16/2022	4:01 AM	0.2841339800	45.900	17.999	20.000	0.0000010000	-0.0000598000	7.6655225759E-9	-0.0000047298	1.6810968231E-9	6.100	29.400
6/16/2022	4:01 AM	0.2866484400	45.900	18.001	20.000	0.0000010000	-0.0000598113	3.8544344340E-9	-0.0000047531	7.6588924377E-10	6.100	29.400
6/16/2022	4:02 AM	0.2891629000	45.900	18.000	20.000	0.0000010000	-0.0000598139	7.1186821386E-9	-0.0000047416	4.1622776602E-10	6.100	29.400
6/16/2022	4:03 AM	0.2916773600	45.900	18.000	20.000	0.0000010000	-0.0000598170	7.3023564090E-9	-0.0000047404	9.8106750810E-10	6.100	29.400
6/16/2022	4:03 AM	0.2941918200	45.900	18.000	20.000	0.0000010000	-0.0000598169	5.1827761453E-9	-0.0000047436	1.3558171176E-9	6.100	29.400
6/16/2022	4:04 AM	0.2967062800	45.900	17.999	20.000	0.0000010000	-0.0000598133	8.1308666035E-9	-0.0000047464	5.0331063536E-10	6.100	29.400
6/16/2022	4:05 AM	0.2992207400	45.900	17.999	20.000	0.0000010000	-0.0000598173	1.2732576879E-8	-0.0000047432	6.7434164903E-10	6.100	29.400
6/16/2022	4:06 AM	0.3017352000	45.900	18.000	20.000	0.0000010000	-0.0000598165	4.7506801224E-9	-0.0000047559	1.3571852026E-9	6.100	29.400
6/16/2022	4:06 AM	0.3042496600	45.900	18.001	20.000	0.0000010000	-0.0000598111	9.0544702465E-9	-0.0000047404	2.2247448714E-10	6.100	29.400
6/16/2022	4:07 AM	0.3067641200	45.900	18.001	20.000	0.0000010000	-0.0000598093	4.3169430074E-9	-0.0000047431	4.4203384502E-10	6.100	29.400
6/16/2022	4:08 AM	0.3092785800	45.900	18.000	20.000	0.0000010000	-0.0000598029	5.6440255476E-9	-0.0000047470	1.2687974318E-9	6.100	29.400
6/16/2022	4:08 AM	0.3117930400	45.900	17.999	20.000	0.0000010000	-0.0000598117	6.8880056974E-9	-0.0000047357	7.4031242374E-10	6.100	29.400
6/16/2022	4:09 AM	0.3143075000	45.900	18.000	20.000	0.0000010000	-0.0000598115	4.7997059392E-9	-0.0000047169	3.5785054262E-9	6.100	29.400
6/16/2022	4:10 AM	0.3168219600	45.900	18.000	20.000	0.0000010000	-0.0000597990	7.7787164380E-9	-0.0000047416	9.9386581434E-10	6.100	29.400
6/16/2022	4:10 AM	0.3193364200	45.900	18.000	20.000	0.0000010000	-0.0000598068	7.1327797951E-9	-0.0000047466	3.7742546282E-10	6.100	29.400
6/16/2022	4:11 AM	0.3218508800	45.900	18.000	20.000	0.0000010000	-0.0000598061	4.4864237894E-9	-0.0000047494	3.2360679775E-10	6.100	29.400
6/16/2022	4:12 AM	0.3243653400	45.900	18.000	20.000	0.0000010000	-0.0000598092	9.7347865033E-9	-0.0000047524	8.0632910179E-10	6.100	29.400
6/16/2022	4:12 AM	0.3268798000	45.900	18.000	20.000	0.0000010000	-0.0000598058	8.8187693411E-9	-0.0000047464	6.9774951497E-10	6.100	29.400
6/16/2022	4:13 AM	0.3293942600	45.900	18.001	20.000	0.0000010000	-0.0000598164	8.1699631056E-9	-0.0000047536	1.0144781624E-9	6.100	29.400
6/16/2022	4:14 AM	0.3319087200	45.900	18.001	20.000	0.0000010000	-0.0000598201	8.1911851169E-9	-0.0000047438	5.5355339059E-10	6.100	29.400
6/16/2022	4:14 AM	0.3344231800	45.900	18.000	20.000	0.0000010000	-0.0000598031	1.0253103093E-8	-0.0000047085	3.7339575773E-9	6.100	29.400
6/16/2022	4:15 AM	0.3369376400	45.900	18.000	20.000	0.0000010000	-0.0000598163	9.9886957728E-9	-0.0000047319	7.3385391260E-10	6.100	29.400
6/16/2022	4:16 AM	0.3394521000	45.900	18.001	20.000	0.0000010000	-0.0000598116	4.2473236076E-9	-0.0000047452	7.2771912927E-10	6.100	29.400
6/16/2022	4:16 AM	0.3419665600	45.900	18.001	20.000	0.0000010000	-0.0000598181	9.0888173194E-9	-0.0000047399	8.9526339942E-10	6.100	29.400
6/16/2022	4:17 AM	0.3444810200	45.900	18.000	20.000	0.0000010000	-0.0000597994	7.1242216341E-9	-0.0000047323	5.8476798574E-10	6.100	29.400
6/16/2022	4:18 AM	0.3469954800	45.900	18.000	20.000	0.0000010000	-0.0000598181	1.2081121059E-8	-0.0000047422	1.2806248475E-9	6.100	29.400
6/16/2022	4:18 AM	0.3495099400	45.900	18.001	20.000	0.0000010000	-0.0000598021	7.3684433095E-9	-0.0000047399	4.9154759474E-10	6.100	29.400
6/16/2022	4:19 AM	0.3520244000	45.900	18.001	20.000	0.0000010000	-0.0000598043	6.8472442922E-9	-0.0000047412	6.3011626335E-10	6.100	29.400
6/16/2022	4:20 AM	0.3545388600	45.900	18.002	20.000	0.0000010000	-0.0000598020	9.0054269774E-9	-0.0000047599	9.9386581434E-10	6.100	29.400
6/16/2022	4:20 AM	0.3570533200	45.900	18.001	20.000	0.0000010000	-0.0000597985	7.1879367890E-9	-0.0000047366	1.1677078252E-9	6.100	29.400
6/16/2022	4:21 AM	0.3595677800	45.900	18.000	20.000	0.0000010000	-0.0000597985	5.4321571935E-9	-0.0000047455	5.7416573868E-10	6.100	29.400
6/16/2022	4:22 AM	0.3620822400	45.900	18.001	20.000	0.0000010000	-0.0000598037	7.6984220390E-9	-0.0000047318	1.0132114528E-9	6.100	29.400
6/16/2022	4:22 AM	0.3645967000	45.900	17.999	20.000	0.0000010000	-0.0000598257	7.2893998928E-9	-0.0000047633	1.9899159808E-9	6.100	29.400
6/16/2022	4:23 AM	0.3671111600	45.900	18.000	20.000	0.0000010000	-0.0000598079	7.3795270883E-9	-0.0000047218	4.4781455345E-9	6.100	29.400
6/16/2022	4:24 AM	0.3696256200	45.900	18.000	20.000	0.0000010000	-0.0000598037	9.6741544306E-9	-0.0000047515	1.2901812996E-9	6.100	29.400
6/16/2022	4:24 AM	0.3721400800	45.900	18.000	20.000	0.0000010000	-0.0000598238	4.8807401386E-9	-0.0000047168	3.3237818991E-9	6.100	29.400
6/16/2022	4:25 AM	0.3746545400	45.900	17.998	20.000	0.0000010000	-0.0000598242	8.3763456070E-9	-0.0000047416	1.6531001303E-9	6.100	29.400
6/16/2022	4:26 AM	0.3771690000	45.900	17.999	20.000	0.0000010000	-0.0000598146	6.9653939706E-9	-0.0000047544	3.2247448714E-10	6.100	29.400
6/16/2022	4:26 AM	0.3796834600	45.900	17.999	20.000	0.0000010000	-0.0000598256	3.8722878274E-9	-0.0000047487	1.5407396823E-9	6.100	29.400
6/16/2022	4:27 AM	0.3821979200	45.900	18.000	20.000	0.0000010000	-0.0000598270	1.0298549251E-8	-0.0000047415	7.2166385809E-10	6.100	29.400
6/16/2022	4:28 AM	0.3847123800	45.900	18.000	20.000	0.0000010000	-0.0000598302	6.6645287600E-9	-0.0000047471	1.0232844665E-9	6.100	29.400
6/16/2022	4:28 AM	0.3872268400	45.900	17.999	20.000	0.0000010000	-0.0000598064	9.1313061575E-9	-0.0000047594	6.4031242374E-10	6.100	29.400
6/16/2022	4:29 AM	0.3897413000	45.900	18.000	20.000	0.0000010000	-0.0000598417	1.2155661026E-8	-0.0000047368	1.1201414667E-9	6.100	29.400
6/16/2022	4:30 AM	0.3922557600	45.900	18.000	20.000	0.0000010000	-0.0000598235	1.0535546830E-8	-0.0000047534	7.8366965395E-10	6.100	29.400
6/16/2022	4:30 AM	0.3947702200	45.900	17.999	20.000	0.0000010000	-0.0000598264	6.8934640662E-9	-0.0000047457	3.4608128489E-10	6.100	29.400
6/16/2022	4:31 AM	0.3972846800	45.900	17.999	20.000	0.0000010000	-0.0000598236	7.7453457264E-9	-0.0000047551	3.2360679775E-10	6.100	29.400
6/16/2022	4:32 AM	0.3997991400	45.900	18.001	20.000	0.0000010000	-0.0000598279	1.1587239433E-8	-0.0000047406	1.5060433749E-9	6.100	29.400
