! User Name:	Aditya 
! Sample Name:	FGT_CPS_Device  4_FC 8T
! Sample ID:	FGT/CrPS4
! Date:	6/19/2022	Time:	7:18 PM
! Current Source:	Keithley 224 Current Source
! Voltmeter V1:	Keithley 182 Degital voltmeter
! Voltmeter V2:	Keithley 2182A  NanoVoltmeter
! V1 (volts):	Rxx Device 1
! V2 (volts):	Rxy Device 1
! Max Field (Tesla):0.000000	! Data points (0_maxT:75.000000	! Average Number:5.000000	
! Comments:	FGT/CrPS4 device was made in glove using flaking and dry transfering of flakes. 
! 
! 
! 
! 
Data	Time	Magnetic Field (T)	Helium Level (%)	VTI Temperature (K)	Sample Temparture (K)	Current (A) 	Voltage-1(V)	Std. of V1	Voltage-2 (V)	Std. of V2	VTI  Heater Power (%)	Sample Heater Power (%)
6/19/2022	7:20 PM	0.3997991400	52.000	52.780	54.994	0.0000010000	-0.0000601976	9.4958565424E-9	-0.0000048019	8.6368092477E-10	6.700	27.800
6/19/2022	7:21 PM	0.3972846800	58.200	10.494	12.499	0.0000010000	-0.0000601983	1.1664368173E-8	-0.0000047859	8.9418965053E-10	6.100	22.500
6/19/2022	7:22 PM	0.3947702200	58.200	10.497	12.500	0.0000010000	-0.0000601915	8.5205098295E-9	-0.0000048067	7.7631558048E-10	6.100	22.500
6/19/2022	7:22 PM	0.3922557600	58.200	10.506	12.501	0.0000010000	-0.0000601972	8.0381589039E-9	-0.0000047450	3.5045396128E-9	6.000	22.500
6/19/2022	7:23 PM	0.3897413000	58.200	10.499	12.500	0.0000010000	-0.0000601828	9.9627127795E-9	-0.0000047920	4.9664022582E-10	6.000	22.400
6/19/2022	7:24 PM	0.3872268400	58.200	10.501	12.501	0.0000010000	-0.0000602255	6.2528389602E-9	-0.0000047973	4.1306485869E-10	6.000	22.400
6/19/2022	7:24 PM	0.3847123800	58.200	10.500	12.501	0.0000010000	-0.0000601946	5.3852072942E-9	-0.0000047923	1.2247448714E-10	6.000	22.400
6/19/2022	7:25 PM	0.3821979200	58.200	10.503	12.500	0.0000010000	-0.0000601958	1.1721967863E-8	-0.0000048002	2.8058837015E-10	6.000	22.400
6/19/2022	7:26 PM	0.3796834600	58.200	10.508	12.501	0.0000010000	-0.0000602082	1.0438920951E-8	-0.0000048007	3.5495097568E-10	6.000	22.400
6/19/2022	7:26 PM	0.3771690000	58.200	10.506	12.501	0.0000010000	-0.0000602127	9.2386342647E-9	-0.0000047910	9.7258598040E-10	6.000	22.400
6/19/2022	7:27 PM	0.3746545400	58.200	10.496	12.500	0.0000010000	-0.0000602088	8.5331418155E-9	-0.0000047825	6.3385391260E-10	6.000	22.400
6/19/2022	7:28 PM	0.3721400800	58.200	10.494	12.500	0.0000010000	-0.0000602078	7.0345959436E-9	-0.0000048031	7.9123516802E-10	6.000	22.400
6/19/2022	7:28 PM	0.3696256200	58.200	10.504	12.500	0.0000010000	-0.0000601956	1.3163675506E-8	-0.0000048115	1.0606601718E-9	5.900	22.300
6/19/2022	7:29 PM	0.3671111600	58.200	10.501	12.501	0.0000010000	-0.0000602012	3.4259560921E-9	-0.0000047526	3.9097180469E-9	5.900	22.300
6/19/2022	7:30 PM	0.3645967000	58.200	10.504	12.501	0.0000010000	-0.0000601941	1.0751044537E-8	-0.0000047993	7.2771912927E-10	5.900	22.300
6/19/2022	7:30 PM	0.3620822400	58.200	10.499	12.500	0.0000010000	-0.0000601904	1.4597578217E-8	-0.0000048061	7.5522851952E-10	5.900	22.300
6/19/2022	7:31 PM	0.3595677800	58.200	10.499	12.500	0.0000010000	-0.0000601895	9.0531471814E-9	-0.0000047900	4.0000000000E-10	5.900	22.300
6/19/2022	7:32 PM	0.3570533200	58.200	10.504	12.500	0.0000010000	-0.0000601817	9.0311361667E-9	-0.0000047714	2.0082951062E-9	5.900	22.300
6/19/2022	7:33 PM	0.3545388600	58.200	10.500	12.501	0.0000010000	-0.0000601976	7.8458078879E-9	-0.0000048160	1.2561514854E-9	5.900	22.300
6/19/2022	7:33 PM	0.3520244000	58.200	10.495	12.499	0.0000010000	-0.0000601997	8.1692592002E-9	-0.0000047929	5.4063625993E-10	5.900	22.300
6/19/2022	7:34 PM	0.3495099400	58.200	10.505	12.500	0.0000010000	-0.0000601863	8.1579279697E-9	-0.0000047649	2.5862094071E-9	5.900	22.300
6/19/2022	7:35 PM	0.3469954800	58.200	10.503	12.500	0.0000010000	-0.0000601898	4.7668066110E-9	-0.0000047921	5.6540887349E-10	5.900	22.300
6/19/2022	7:35 PM	0.3444810200	58.200	10.504	12.501	0.0000010000	-0.0000601900	8.8530552754E-9	-0.0000047756	1.5034762877E-9	5.900	22.300
6/19/2022	7:36 PM	0.3419665600	58.200	10.499	12.500	0.0000010000	-0.0000601849	1.0069206072E-8	-0.0000047680	2.2356632719E-9	5.900	22.200
6/19/2022	7:37 PM	0.3394521000	58.200	10.503	12.501	0.0000010000	-0.0000602082	7.0502920129E-9	-0.0000047965	8.3784666345E-10	5.800	22.200
6/19/2022	7:37 PM	0.3369376400	58.200	10.498	12.501	0.0000010000	-0.0000602221	9.3785898528E-9	-0.0000047885	1.2791562463E-9	5.800	22.200
6/19/2022	7:38 PM	0.3344231800	58.200	10.501	12.501	0.0000010000	-0.0000601887	9.5263757901E-9	-0.0000047859	7.6278691088E-10	5.800	22.200
6/19/2022	7:39 PM	0.3319087200	58.200	10.501	12.501	0.0000010000	-0.0000601762	5.8819072135E-9	-0.0000048084	1.0476647079E-9	5.800	22.200
6/19/2022	7:39 PM	0.3293942600	58.200	10.498	12.501	0.0000010000	-0.0000601863	1.5663643303E-8	-0.0000047998	1.2652908545E-9	5.800	22.200
6/19/2022	7:40 PM	0.3268798000	58.200	10.501	12.500	0.0000010000	-0.0000601821	9.4190385486E-9	-0.0000047931	4.3911649916E-10	5.800	22.200
6/19/2022	7:41 PM	0.3243653400	58.200	10.504	12.501	0.0000010000	-0.0000601683	5.2632607865E-9	-0.0000047696	2.8491941280E-9	5.800	22.200
6/19/2022	7:41 PM	0.3218508800	58.200	10.496	12.500	0.0000010000	-0.0000601645	9.2961697877E-9	-0.0000047843	1.1086041933E-9	5.800	22.200
6/19/2022	7:42 PM	0.3193364200	58.200	10.500	12.501	0.0000010000	-0.0000601931	6.4636833639E-9	-0.0000047888	1.1124262395E-9	5.800	22.200
6/19/2022	7:43 PM	0.3168219600	58.200	10.501	12.500	0.0000010000	-0.0000601768	9.8098471063E-9	-0.0000047861	7.6588924377E-10	5.800	22.200
6/19/2022	7:43 PM	0.3143075000	58.200	10.501	12.500	0.0000010000	-0.0000601866	1.0726247054E-8	-0.0000047981	1.2234076132E-9	5.800	22.200
6/19/2022	7:44 PM	0.3117930400	58.200	10.501	12.501	0.0000010000	-0.0000601813	4.8711507762E-9	-0.0000047912	6.3066409390E-10	5.800	22.100
6/19/2022	7:45 PM	0.3092785800	58.200	10.498	12.500	0.0000010000	-0.0000601655	6.4516234955E-9	-0.0000047913	8.9206987131E-10	5.800	22.200
6/19/2022	7:46 PM	0.3067641200	58.200	10.498	12.500	0.0000010000	-0.0000602043	6.1816955790E-9	-0.0000047863	1.2247448714E-10	5.800	22.200
6/19/2022	7:46 PM	0.3042496600	58.200	10.497	12.500	0.0000010000	-0.0000601579	1.1095422823E-8	-0.0000047848	1.2852647610E-9	5.800	22.200
6/19/2022	7:47 PM	0.3017352000	58.200	10.501	12.500	0.0000010000	-0.0000601708	9.9910004179E-9	-0.0000047965	1.0021974055E-9	5.800	22.100
6/19/2022	7:48 PM	0.2992207400	58.200	10.502	12.500	0.0000010000	-0.0000601787	9.2949603690E-9	-0.0000047976	1.2483207109E-9	5.800	22.100
6/19/2022	7:48 PM	0.2967062800	58.200	10.505	12.501	0.0000010000	-0.0000601707	7.5515158887E-9	-0.0000047983	9.3186001849E-10	5.800	22.100
6/19/2022	7:49 PM	0.2941918200	58.200	10.504	12.501	0.0000010000	-0.0000601974	1.0060480469E-8	-0.0000048056	1.1901823123E-9	5.800	22.100
6/19/2022	7:50 PM	0.2916773600	58.200	10.497	12.500	0.0000010000	-0.0000601640	8.6316470244E-9	-0.0000047854	1.1000000000E-9	5.800	22.100
6/19/2022	7:50 PM	0.2891629000	58.200	10.499	12.500	0.0000010000	-0.0000601678	8.4453656289E-9	-0.0000047919	4.0000000000E-10	5.800	22.100
6/19/2022	7:51 PM	0.2866484400	58.200	10.507	12.501	0.0000010000	-0.0000601618	9.3416450180E-9	-0.0000047962	5.0620192023E-10	5.700	22.100
6/19/2022	7:52 PM	0.2841339800	58.200	10.499	12.501	0.0000010000	-0.0000601928	5.7226415505E-9	-0.0000047975	2.8708286934E-10	5.700	22.100
6/19/2022	7:52 PM	0.2816195200	58.200	10.497	12.499	0.0000010000	-0.0000601832	8.8468853669E-9	-0.0000047929	8.6345534195E-10	5.800	22.100
6/19/2022	7:53 PM	0.2791050600	58.200	10.498	12.499	0.0000010000	-0.0000601839	4.2477287818E-9	-0.0000048050	6.2911671436E-10	5.800	22.100
6/19/2022	7:54 PM	0.2765906000	58.200	10.508	12.501	0.0000010000	-0.0000601839	7.0628026194E-9	-0.0000047841	1.0032824530E-9	5.700	22.100
6/19/2022	7:54 PM	0.2740761400	58.200	10.503	12.501	0.0000010000	-0.0000601954	7.0966758277E-9	-0.0000047828	6.0850436627E-10	5.700	22.000
6/19/2022	7:55 PM	0.2715616800	58.200	10.497	12.501	0.0000010000	-0.0000601831	8.5701418268E-9	-0.0000047866	2.8715928634E-9	5.700	22.100
6/19/2022	7:56 PM	0.2690472200	58.200	10.502	12.501	0.0000010000	-0.0000601853	5.9899596925E-9	-0.0000047940	7.4031242374E-10	5.700	22.100
6/19/2022	7:57 PM	0.2665327600	58.200	10.499	12.501	0.0000010000	-0.0000602025	8.2117648924E-9	-0.0000048040	1.0704286871E-9	5.700	22.100
6/19/2022	7:57 PM	0.2640183000	58.200	10.500	12.500	0.0000010000	-0.0000601849	8.9884477065E-9	-0.0000047798	1.7107141422E-9	5.700	22.100
6/19/2022	7:58 PM	0.2615038400	58.200	10.500	12.500	0.0000010000	-0.0000601616	8.7478483010E-9	-0.0000047843	6.6571333342E-10	5.700	22.000
6/19/2022	7:59 PM	0.2589893800	58.200	10.505	12.501	0.0000010000	-0.0000601849	9.3525598577E-9	-0.0000047972	1.5453624047E-9	5.700	22.100
6/19/2022	7:59 PM	0.2564749200	58.200	10.502	12.500	0.0000010000	-0.0000601769	8.6509482415E-9	-0.0000047941	1.0000000000E-10	5.700	22.100
6/19/2022	8:00 PM	0.2539604600	58.200	10.500	12.500	0.0000010000	-0.0000601772	7.9785528835E-9	-0.0000047866	7.2097685201E-10	5.700	22.100
6/19/2022	8:01 PM	0.2514460000	58.200	10.503	12.500	0.0000010000	-0.0000602014	8.6971309111E-9	-0.0000048007	4.7602787773E-10	5.700	22.000
6/19/2022	8:01 PM	0.2489315400	58.200	10.502	12.501	0.0000010000	-0.0000601749	7.2133965977E-9	-0.0000047902	4.7602787773E-10	5.700	22.000
6/19/2022	8:02 PM	0.2464170800	58.200	10.500	12.500	0.0000010000	-0.0000601823	5.4964700270E-9	-0.0000047703	3.5044429995E-9	5.700	22.000
6/19/2022	8:03 PM	0.2439026200	58.200	10.495	12.500	0.0000010000	-0.0000601722	9.2082147732E-9	-0.0000047727	1.7748146064E-9	5.700	22.100
6/19/2022	8:03 PM	0.2413881600	58.200	10.501	12.501	0.0000010000	-0.0000601723	7.8082919485E-9	-0.0000047992	2.0000000000E-10	5.700	22.000
6/19/2022	8:04 PM	0.2388737000	58.200	10.503	12.500	0.0000010000	-0.0000601812	7.0247720600E-9	-0.0000047861	1.0705851525E-9	5.700	22.000
6/19/2022	8:05 PM	0.2363592400	58.200	10.500	12.500	0.0000010000	-0.0000601876	1.2340214444E-8	-0.0000047960	1.1191948626E-9	5.700	22.000
6/19/2022	8:05 PM	0.2338447800	58.200	10.500	12.500	0.0000010000	-0.0000601897	1.2844087870E-8	-0.0000047992	1.0147301372E-9	5.700	22.000
6/19/2022	8:06 PM	0.2313303200	58.200	10.498	12.500	0.0000010000	-0.0000601904	8.6609208387E-9	-0.0000048039	1.2993347167E-9	5.700	22.000
6/19/2022	8:07 PM	0.2288158600	58.200	10.501	12.500	0.0000010000	-0.0000602025	6.5815530368E-9	-0.0000047945	8.2789503962E-10	5.700	22.000
6/19/2022	8:07 PM	0.2263014000	58.200	10.498	12.499	0.0000010000	-0.0000602113	1.0558353806E-8	-0.0000047978	1.1133087014E-9	5.700	22.000
6/19/2022	8:08 PM	0.2237869400	58.200	10.501	12.500	0.0000010000	-0.0000601907	3.5308500590E-9	-0.0000047989	1.0000000000E-10	5.700	22.000
6/19/2022	8:09 PM	0.2212724800	58.200	10.499	12.500	0.0000010000	-0.0000601956	1.0039930701E-8	-0.0000048003	7.9123516802E-10	5.700	22.000
6/19/2022	8:09 PM	0.2187580200	58.200	10.502	12.499	0.0000010000	-0.0000601873	6.1387956306E-9	-0.0000047963	6.5897105616E-10	5.700	22.000
6/19/2022	8:10 PM	0.2162435600	58.200	10.499	12.500	0.0000010000	-0.0000601852	4.3035355332E-9	-0.0000047732	1.1788289045E-9	5.700	22.000
6/19/2022	8:11 PM	0.2137291000	58.200	10.499	12.500	0.0000010000	-0.0000601682	9.0239073065E-9	-0.0000047902	1.0432124137E-9	5.700	22.000
6/19/2022	8:11 PM	0.2112146400	58.200	10.501	12.500	0.0000010000	-0.0000601823	7.3469486442E-9	-0.0000047964	5.6124860802E-10	5.700	22.000
6/19/2022	8:12 PM	0.2087001800	58.200	10.501	12.500	0.0000010000	-0.0000602072	8.1822661488E-9	-0.0000047811	7.7017805882E-10	5.700	22.000
6/19/2022	8:13 PM	0.2061857200	58.200	10.500	12.500	0.0000010000	-0.0000601905	9.6770846285E-9	-0.0000047775	1.8837236488E-9	5.700	22.000
6/19/2022	8:13 PM	0.2036712600	58.200	10.501	12.500	0.0000010000	-0.0000601868	6.4314648744E-9	-0.0000048043	8.5192024052E-10	5.700	22.000
6/19/2022	8:14 PM	0.2011568000	58.200	10.503	12.500	0.0000010000	-0.0000601725	8.7876604969E-9	-0.0000047863	1.1690287121E-9	5.700	22.000
6/19/2022	8:15 PM	0.1986423400	58.200	10.498	12.500	0.0000010000	-0.0000602020	9.2280327515E-9	-0.0000047895	1.0704286871E-9	5.700	22.000
6/19/2022	8:16 PM	0.1961278800	58.200	10.498	12.500	0.0000010000	-0.0000601870	6.6592511553E-9	-0.0000047927	9.0710678119E-10	5.700	22.000
6/19/2022	8:16 PM	0.1936134200	58.200	10.508	12.501	0.0000010000	-0.0000601797	7.5829726357E-9	-0.0000048204	1.9925332274E-9	5.700	22.000
6/19/2022	8:17 PM	0.1910989600	58.200	10.508	12.500	0.0000010000	-0.0000601883	1.0168297250E-8	-0.0000047931	1.7776388835E-9	5.700	22.000
6/19/2022	8:18 PM	0.1885845000	58.200	10.503	12.501	0.0000010000	-0.0000601798	6.3296191933E-9	-0.0000047880	3.1622776602E-10	5.700	22.000
6/19/2022	8:18 PM	0.1860700400	58.200	10.497	12.501	0.0000010000	-0.0000602094	7.3213691386E-9	-0.0000048054	6.4510098534E-10	5.700	22.000
6/19/2022	8:19 PM	0.1835555800	58.200	10.501	12.500	0.0000010000	-0.0000601631	9.0474647926E-9	-0.0000048050	1.1784477407E-9	5.700	22.000
6/19/2022	8:20 PM	0.1810411200	55.400	10.500	12.500	0.0000010000	-0.0000602016	3.7971785280E-9	-0.0000047893	4.1402208188E-10	5.700	22.000
6/19/2022	8:20 PM	0.1785266600	55.400	10.498	12.500	0.0000010000	-0.0000601832	8.5166999865E-9	-0.0000047963	6.5355339059E-10	5.700	22.000
6/19/2022	8:21 PM	0.1760122000	55.400	10.500	12.500	0.0000010000	-0.0000601884	6.4699906604E-9	-0.0000047817	9.3186001849E-10	5.700	22.000
6/19/2022	8:22 PM	0.1734977400	55.400	10.504	12.500	0.0000010000	-0.0000601852	5.4396580391E-9	-0.0000047823	7.6278691088E-10	5.700	22.000
6/19/2022	8:22 PM	0.1709832800	55.400	10.505	12.501	0.0000010000	-0.0000601746	6.9708004693E-9	-0.0000048137	1.4978240886E-9	5.600	22.000
6/19/2022	8:23 PM	0.1684688200	55.400	10.495	12.500	0.0000010000	-0.0000601766	1.2960066254E-8	-0.0000047989	5.4063625993E-10	5.700	22.000
6/19/2022	8:24 PM	0.1659543600	55.400	10.500	12.499	0.0000010000	-0.0000601722	9.3603851971E-9	-0.0000048059	1.2624230597E-9	5.700	22.000
6/19/2022	8:24 PM	0.1634399000	55.400	10.503	12.500	0.0000010000	-0.0000601909	7.4740481591E-9	-0.0000047784	1.7875160804E-9	5.700	22.000
6/19/2022	8:25 PM	0.1609254400	55.400	10.496	12.500	0.0000010000	-0.0000601887	7.9375218071E-9	-0.0000047954	7.9346745639E-10	5.700	22.000
6/19/2022	8:26 PM	0.1584109800	55.400	10.499	12.500	0.0000010000	-0.0000601889	9.4279005148E-9	-0.0000048000	5.3011626335E-10	5.700	21.900
6/19/2022	8:26 PM	0.1558965200	55.400	10.498	12.500	0.0000010000	-0.0000601838	1.1652217277E-8	-0.0000047839	1.1951178667E-9	5.700	22.000
6/19/2022	8:27 PM	0.1533820600	55.400	10.493	12.500	0.0000010000	-0.0000602076	5.4840330561E-9	-0.0000047820	3.9154759474E-10	5.700	21.900
6/19/2022	8:28 PM	0.1508676000	55.400	10.497	12.499	0.0000010000	-0.0000601933	6.5051026315E-9	-0.0000047935	7.2093678194E-10	5.700	22.000
6/19/2022	8:28 PM	0.1483531400	55.400	10.500	12.501	0.0000010000	-0.0000601875	1.0003883792E-8	-0.0000047818	1.7107411108E-9	5.600	21.900
6/19/2022	8:29 PM	0.1458386800	55.400	10.495	12.499	0.0000010000	-0.0000601627	7.0408978476E-9	-0.0000047943	1.6069764929E-9	5.700	22.000
6/19/2022	8:30 PM	0.1433242200	55.400	10.504	12.500	0.0000010000	-0.0000601736	1.0548575505E-8	-0.0000048073	1.4671062632E-9	5.600	21.900
6/19/2022	8:30 PM	0.1408097600	55.400	10.504	12.501	0.0000010000	-0.0000601837	1.0294969472E-8	-0.0000047852	5.3227962169E-10	5.600	21.900
6/19/2022	8:31 PM	0.1382953000	55.400	10.505	12.501	0.0000010000	-0.0000601772	8.6826536645E-9	-0.0000048023	1.0337686373E-9	5.600	21.900
6/19/2022	8:32 PM	0.1357808400	55.400	10.499	12.500	0.0000010000	-0.0000601749	6.2365519633E-9	-0.0000047906	1.1980617786E-9	5.600	21.900
6/19/2022	8:32 PM	0.1332663800	55.400	10.502	12.500	0.0000010000	-0.0000601897	1.0735766583E-8	-0.0000048051	5.4063625993E-10	5.600	21.900
6/19/2022	8:33 PM	0.1307519200	55.400	10.501	12.500	0.0000010000	-0.0000601702	8.4937941491E-9	-0.0000047941	3.7742546282E-10	5.600	21.900
6/19/2022	8:34 PM	0.1282374600	55.400	10.502	12.500	0.0000010000	-0.0000601807	6.7113847749E-9	-0.0000047923	5.9681613616E-10	5.600	21.900
6/19/2022	8:34 PM	0.1257230000	55.400	10.501	12.500	0.0000010000	-0.0000601805	7.6252644396E-9	-0.0000048026	9.3794980865E-10	5.600	21.900
6/19/2022	8:35 PM	0.1232085400	55.400	10.502	12.500	0.0000010000	-0.0000601828	9.4397246904E-9	-0.0000047829	8.0710678119E-10	5.600	21.900
6/19/2022	8:36 PM	0.1206940800	55.400	10.500	12.500	0.0000010000	-0.0000601891	6.9858218636E-9	-0.0000047898	8.1723431537E-10	5.600	21.900
6/19/2022	8:36 PM	0.1181796200	55.400	10.497	12.500	0.0000010000	-0.0000601934	7.7796285197E-9	-0.0000048001	3.5495097568E-10	5.600	21.900
6/19/2022	8:37 PM	0.1156651600	55.400	10.501	12.500	0.0000010000	-0.0000601975	9.5324310425E-9	-0.0000047627	2.9123319748E-9	5.600	21.900
6/19/2022	8:38 PM	0.1131507000	55.400	10.500	12.500	0.0000010000	-0.0000601747	8.7309748044E-9	-0.0000047913	2.5495097568E-10	5.600	21.900
6/19/2022	8:38 PM	0.1106362400	55.400	10.497	12.500	0.0000010000	-0.0000601834	7.4457771781E-9	-0.0000047790	1.3844237041E-9	5.600	21.900
6/19/2022	8:39 PM	0.1081217800	55.400	10.499	12.500	0.0000010000	-0.0000601724	7.6277230276E-9	-0.0000047634	1.7161148953E-9	5.600	21.900
6/19/2022	8:40 PM	0.1056073200	55.400	10.497	12.501	0.0000010000	-0.0000601713	8.1288592482E-9	-0.0000047916	4.1068966709E-10	5.600	21.900
6/19/2022	8:41 PM	0.1030928600	55.400	10.500	12.500	0.0000010000	-0.0000601766	5.3715113161E-9	-0.0000047874	1.2809152401E-9	5.600	21.900
6/19/2022	8:41 PM	0.1005784000	55.400	10.495	12.500	0.0000010000	-0.0000601632	7.3831542117E-9	-0.0000047641	3.0311466357E-9	5.600	21.900
6/19/2022	8:42 PM	0.0980639400	55.400	10.498	12.500	0.0000010000	-0.0000601782	9.2088653385E-9	-0.0000047831	9.3011626335E-10	5.600	21.900
6/19/2022	8:43 PM	0.0955494800	55.400	10.505	12.500	0.0000010000	-0.0000601929	6.3021987462E-9	-0.0000047851	5.3385391260E-10	5.600	21.900
6/19/2022	8:43 PM	0.0930350200	55.400	10.499	12.499	0.0000010000	-0.0000601895	9.4957218848E-9	-0.0000048015	2.8708286934E-10	5.600	21.900
6/19/2022	8:44 PM	0.0905205600	55.400	10.503	12.501	0.0000010000	-0.0000601693	9.6824030358E-9	-0.0000048166	1.6740607615E-9	5.600	21.900
6/19/2022	8:45 PM	0.0880061000	55.400	10.500	12.501	0.0000010000	-0.0000601785	6.3255980485E-9	-0.0000047878	9.1547532152E-10	5.600	21.900
6/19/2022	8:45 PM	0.0854916400	55.400	10.503	12.500	0.0000010000	-0.0000601758	6.6745103150E-9	-0.0000047961	1.7496169101E-9	5.600	21.900
6/19/2022	8:46 PM	0.0829771800	55.400	10.497	12.501	0.0000010000	-0.0000601744	8.2964298963E-9	-0.0000048001	6.8506723903E-10	5.600	21.900
6/19/2022	8:47 PM	0.0804627200	55.400	10.499	12.500	0.0000010000	-0.0000601861	9.1701520108E-9	-0.0000047758	2.3394009211E-9	5.600	21.900
6/19/2022	8:47 PM	0.0779482600	55.400	10.499	12.500	0.0000010000	-0.0000601850	8.7712456185E-9	-0.0000047937	4.7602787773E-10	5.600	21.900
6/19/2022	8:48 PM	0.0754338000	55.400	10.501	12.500	0.0000010000	-0.0000601954	6.7985623504E-9	-0.0000047858	1.1070229163E-9	5.600	21.900
6/19/2022	8:49 PM	0.0729193400	55.400	10.500	12.500	0.0000010000	-0.0000601847	1.1324474527E-8	-0.0000048030	1.0606601718E-9	5.600	21.900
6/19/2022	8:49 PM	0.0704048800	55.400	10.504	12.500	0.0000010000	-0.0000601860	8.8405160378E-9	-0.0000047884	1.2157629975E-9	5.600	21.900
6/19/2022	8:50 PM	0.0678904200	55.400	10.495	12.500	0.0000010000	-0.0000601966	7.0423655710E-9	-0.0000047871	4.3911649916E-10	5.600	21.900
6/19/2022	8:51 PM	0.0653759600	55.400	10.502	12.500	0.0000010000	-0.0000601855	4.7660822346E-9	-0.0000048059	7.9842630675E-10	5.600	21.900
6/19/2022	8:51 PM	0.0628615000	55.400	10.498	12.500	0.0000010000	-0.0000601889	6.4472852155E-9	-0.0000048069	6.0620192023E-10	5.600	21.900
6/19/2022	8:52 PM	0.0603470400	55.400	10.499	12.500	0.0000010000	-0.0000601737	7.0715959176E-9	-0.0000047880	5.3911649916E-10	5.600	21.900
6/19/2022	8:53 PM	0.0578325800	55.400	10.501	12.501	0.0000010000	-0.0000601834	7.4380060916E-9	-0.0000048044	8.2048368230E-10	5.600	21.900
6/19/2022	8:53 PM	0.0553181200	55.400	10.506	12.500	0.0000010000	-0.0000601764	9.5186769139E-9	-0.0000047976	2.2247448714E-10	5.600	21.900
6/19/2022	8:54 PM	0.0528036600	55.400	10.500	12.501	0.0000010000	-0.0000601940	5.4942856556E-9	-0.0000047758	1.0765348119E-9	5.600	21.900
6/19/2022	8:55 PM	0.0502892000	55.400	10.488	12.497	0.0000010000	-0.0000601840	1.1950371341E-8	-0.0000047910	6.7506523763E-10	5.600	22.000
6/19/2022	8:56 PM	0.0477747400	55.400	10.502	12.499	0.0000010000	-0.0000601722	7.9501406625E-9	-0.0000047895	1.5874376626E-9	5.600	22.000
6/19/2022	8:56 PM	0.0452602800	55.400	10.497	12.500	0.0000010000	-0.0000601650	1.0210087288E-8	-0.0000047880	8.6988284501E-10	5.600	22.000
6/19/2022	8:57 PM	0.0427458200	55.400	10.499	12.500	0.0000010000	-0.0000601832	1.0875391088E-8	-0.0000048147	1.8385969608E-9	5.600	22.000
6/19/2022	8:58 PM	0.0402313600	55.400	10.507	12.500	0.0000010000	-0.0000601559	7.5315771586E-9	-0.0000048068	6.2237443710E-10	5.600	22.000
6/19/2022	8:58 PM	0.0377169000	55.400	10.503	12.501	0.0000010000	-0.0000601690	9.6169374435E-9	-0.0000047962	7.7631558048E-10	5.600	22.000
6/19/2022	8:59 PM	0.0352024400	55.400	10.496	12.500	0.0000010000	-0.0000601924	6.1965810786E-9	-0.0000048006	7.6332495807E-10	5.600	21.900
6/19/2022	9:00 PM	0.0326879800	55.400	10.501	12.500	0.0000010000	-0.0000602107	1.1429563800E-8	-0.0000047632	1.9760029314E-9	5.600	22.000
6/19/2022	9:00 PM	0.0301735200	55.400	10.498	12.500	0.0000010000	-0.0000601853	8.0176516702E-9	-0.0000047865	1.3685805562E-9	5.600	22.000
6/19/2022	9:01 PM	0.0276590600	55.400	10.501	12.501	0.0000010000	-0.0000601932	6.5613239435E-9	-0.0000047937	9.6205775687E-10	5.600	22.000
6/19/2022	9:02 PM	0.0251446000	55.400	10.503	12.501	0.0000010000	-0.0000601812	8.2610258954E-9	-0.0000047964	8.6163530729E-10	5.600	21.900
6/19/2022	9:02 PM	0.0226301400	55.400	10.496	12.499	0.0000010000	-0.0000601810	8.1505169196E-9	-0.0000047772	8.2739529308E-10	5.600	21.900
6/19/2022	9:03 PM	0.0201156800	55.400	10.500	12.500	0.0000010000	-0.0000601677	7.2092847887E-9	-0.0000047844	1.1768602296E-9	5.600	21.900
6/19/2022	9:04 PM	0.0176012200	55.400	10.502	12.500	0.0000010000	-0.0000601866	5.1372049504E-9	-0.0000048072	4.7602787773E-10	5.600	22.000
6/19/2022	9:04 PM	0.0150867600	55.400	10.495	12.499	0.0000010000	-0.0000601832	7.9752476474E-9	-0.0000047924	7.9534340381E-10	5.600	21.900
6/19/2022	9:05 PM	0.0125723000	55.400	10.501	12.500	0.0000010000	-0.0000601810	8.6975832011E-9	-0.0000048082	1.1022703843E-9	5.600	22.000
6/19/2022	9:06 PM	0.0100578400	55.400	10.498	12.499	0.0000010000	-0.0000601900	5.3209695616E-9	-0.0000048016	1.1995074486E-9	5.600	21.900
6/19/2022	9:06 PM	0.0075433800	55.400	10.501	12.500	0.0000010000	-0.0000601811	9.2393213485E-9	-0.0000047844	1.4535533906E-9	5.600	21.900
6/19/2022	9:07 PM	0.0050289200	55.400	10.503	12.500	0.0000010000	-0.0000601927	7.8214225444E-9	-0.0000047778	1.7946679661E-9	5.600	21.900
6/19/2022	9:08 PM	0.0025144600	55.400	10.498	12.499	0.0000010000	-0.0000601797	5.5700151223E-9	-0.0000047718	2.4915475947E-9	5.600	21.900
6/19/2022	9:08 PM	0.0000000000	55.400	10.499	12.500	0.0000010000	-0.0000602069	8.7495511425E-9	-0.0000048092	1.1951178667E-9	5.600	21.900
6/19/2022	9:09 PM	-0.0025144600	55.400	10.497	12.500	0.0000010000	-0.0000601718	9.6422829879E-9	-0.0000048022	1.1149461492E-9	5.600	21.900
6/19/2022	9:10 PM	-0.0050289200	55.400	10.503	12.500	0.0000010000	-0.0000601905	3.7464499772E-9	-0.0000047996	4.9154759474E-10	5.600	21.900
6/19/2022	9:10 PM	-0.0075433800	55.400	10.502	12.501	0.0000010000	-0.0000601915	6.1170856070E-9	-0.0000047910	7.1863190045E-10	5.600	21.900
6/19/2022	9:11 PM	-0.0100578400	55.400	10.502	12.500	0.0000010000	-0.0000601824	8.9766734978E-9	-0.0000047783	1.1052182095E-9	5.600	21.900
6/19/2022	9:12 PM	-0.0125723000	55.400	10.494	12.500	0.0000010000	-0.0000601848	8.4981560776E-9	-0.0000048027	7.6212327846E-10	5.600	21.900
6/19/2022	9:12 PM	-0.0150867600	55.400	10.497	12.499	0.0000010000	-0.0000601658	1.0137854900E-8	-0.0000047946	1.6492311041E-9	5.600	21.900
6/19/2022	9:13 PM	-0.0176012200	55.400	10.499	12.500	0.0000010000	-0.0000601659	5.0188464415E-9	-0.0000048052	7.2166385809E-10	5.600	21.900
6/19/2022	9:14 PM	-0.0201156800	55.400	10.499	12.500	0.0000010000	-0.0000601798	8.2763898504E-9	-0.0000047777	1.4564659966E-9	5.600	21.900
6/19/2022	9:15 PM	-0.0226301400	55.400	10.503	12.500	0.0000010000	-0.0000601970	9.1997796593E-9	-0.0000047925	8.2739529308E-10	5.600	21.900
6/19/2022	9:15 PM	-0.0251446000	55.400	10.502	12.500	0.0000010000	-0.0000601862	9.4266000043E-9	-0.0000047908	1.4558237748E-9	5.600	21.900
6/19/2022	9:16 PM	-0.0276590600	55.400	10.502	12.500	0.0000010000	-0.0000601872	8.5064209038E-9	-0.0000047975	4.5495097568E-10	5.600	21.900
6/19/2022	9:17 PM	-0.0301735200	55.400	10.498	12.500	0.0000010000	-0.0000601923	8.3460917046E-9	-0.0000047806	7.9842630675E-10	5.600	21.900
6/19/2022	9:17 PM	-0.0326879800	55.400	10.501	12.501	0.0000010000	-0.0000602012	9.2591578502E-9	-0.0000047576	3.9439440683E-9	5.600	21.900
6/19/2022	9:18 PM	-0.0352024400	55.400	10.500	12.500	0.0000010000	-0.0000601765	9.6595199637E-9	-0.0000047835	1.0077358852E-9	5.600	21.900
6/19/2022	9:19 PM	-0.0377169000	55.400	10.497	12.500	0.0000010000	-0.0000601703	9.0540397052E-9	-0.0000048047	1.5945207552E-9	5.600	21.900
6/19/2022	9:19 PM	-0.0402313600	55.400	10.499	12.500	0.0000010000	-0.0000601790	5.3955927772E-9	-0.0000047930	5.7716018834E-10	5.600	21.900
6/19/2022	9:20 PM	-0.0427458200	53.300	10.503	12.501	0.0000010000	-0.0000602058	8.4562840668E-9	-0.0000047760	1.4662878299E-9	5.600	21.900
6/19/2022	9:21 PM	-0.0452602800	53.300	10.499	12.501	0.0000010000	-0.0000601946	9.8849742604E-9	-0.0000048058	4.0620192023E-10	5.600	21.900
6/19/2022	9:21 PM	-0.0477747400	53.300	10.501	12.501	0.0000010000	-0.0000601705	1.0809402702E-8	-0.0000048055	9.2364110314E-10	5.600	21.900
6/19/2022	9:22 PM	-0.0502892000	53.300	10.500	12.500	0.0000010000	-0.0000601976	7.0652029394E-9	-0.0000047841	9.1417370250E-10	5.600	21.900
6/19/2022	9:23 PM	-0.0528036600	53.300	10.500	12.499	0.0000010000	-0.0000601875	8.7123668586E-9	-0.0000048120	2.3497516454E-9	5.600	21.900
6/19/2022	9:23 PM	-0.0553181200	53.300	10.496	12.500	0.0000010000	-0.0000601763	7.2136266233E-9	-0.0000047789	1.2855187315E-9	5.600	21.900
6/19/2022	9:24 PM	-0.0578325800	53.300	10.493	12.499	0.0000010000	-0.0000601788	9.2235482404E-9	-0.0000047674	3.1264523188E-9	5.600	21.900
6/19/2022	9:25 PM	-0.0603470400	53.300	10.503	12.500	0.0000010000	-0.0000601715	6.7317863672E-9	-0.0000047832	3.7416573868E-10	5.600	21.900
6/19/2022	9:25 PM	-0.0628615000	53.300	10.500	12.500	0.0000010000	-0.0000601852	1.0075374608E-8	-0.0000047722	2.6239958662E-9	5.600	21.900
6/19/2022	9:26 PM	-0.0653759600	53.300	10.501	12.500	0.0000010000	-0.0000601809	6.4339761620E-9	-0.0000047846	1.1372230445E-9	5.600	21.900
6/19/2022	9:27 PM	-0.0678904200	53.300	10.495	12.500	0.0000010000	-0.0000601973	6.8063884958E-9	-0.0000047942	1.8888194417E-9	5.600	21.900
6/19/2022	9:27 PM	-0.0704048800	53.300	10.498	12.500	0.0000010000	-0.0000601833	9.5096503704E-9	-0.0000047903	1.3851772663E-9	5.600	21.900
6/19/2022	9:28 PM	-0.0729193400	53.300	10.499	12.499	0.0000010000	-0.0000601716	1.0321081941E-8	-0.0000048114	9.4471840095E-10	5.600	21.900
6/19/2022	9:29 PM	-0.0754338000	53.300	10.503	12.501	0.0000010000	-0.0000601833	8.7637661877E-9	-0.0000047899	5.8615541191E-10	5.600	21.900
6/19/2022	9:29 PM	-0.0779482600	53.300	10.494	12.500	0.0000010000	-0.0000601991	6.2638713024E-9	-0.0000047972	2.0000000000E-10	5.600	21.900
6/19/2022	9:30 PM	-0.0804627200	53.300	10.500	12.499	0.0000010000	-0.0000601912	9.3506133047E-9	-0.0000047969	4.1402208188E-10	5.600	21.900
6/19/2022	9:31 PM	-0.0829771800	53.300	10.504	12.499	0.0000010000	-0.0000601966	1.0628695324E-8	-0.0000047888	7.0862989905E-10	5.600	21.900
6/19/2022	9:31 PM	-0.0854916400	53.300	10.500	12.500	0.0000010000	-0.0000601834	1.0452698159E-8	-0.0000047845	9.2195444573E-10	5.600	21.900
6/19/2022	9:32 PM	-0.0880061000	53.300	10.500	12.500	0.0000010000	-0.0000602079	4.7618883795E-9	-0.0000047901	1.4881317488E-9	5.600	21.900
6/19/2022	9:33 PM	-0.0905205600	53.300	10.498	12.500	0.0000010000	-0.0000601779	7.6883441012E-9	-0.0000047665	5.1121115792E-9	5.600	21.900
6/19/2022	9:34 PM	-0.0930350200	53.300	10.495	12.500	0.0000010000	-0.0000601760	5.9808425766E-9	-0.0000047987	8.9526339942E-10	5.600	21.900
6/19/2022	9:34 PM	-0.0955494800	53.300	10.503	12.501	0.0000010000	-0.0000601957	1.0051814201E-8	-0.0000048000	6.1719913269E-10	5.600	21.900
6/19/2022	9:35 PM	-0.0980639400	53.300	10.494	12.499	0.0000010000	-0.0000601773	1.3446842028E-8	-0.0000047839	8.3006407546E-10	5.600	21.900
6/19/2022	9:36 PM	-0.1005784000	53.300	10.500	12.499	0.0000010000	-0.0000601703	9.2552252595E-9	-0.0000047863	9.0977870193E-10	5.600	21.900
6/19/2022	9:36 PM	-0.1030928600	53.300	10.500	12.500	0.0000010000	-0.0000601842	8.6870393249E-9	-0.0000048142	1.0385164807E-9	5.600	21.900
6/19/2022	9:37 PM	-0.1056073200	53.300	10.503	12.501	0.0000010000	-0.0000601757	7.9785182079E-9	-0.0000048070	1.0505999457E-9	5.600	21.900
6/19/2022	9:38 PM	-0.1081217800	53.300	10.497	12.500	0.0000010000	-0.0000601698	1.0403618877E-8	-0.0000047968	7.5975531083E-10	5.600	21.900
6/19/2022	9:38 PM	-0.1106362400	53.300	10.503	12.500	0.0000010000	-0.0000602047	8.8616194741E-9	-0.0000048068	1.2455915849E-9	5.600	21.900
6/19/2022	9:39 PM	-0.1131507000	53.300	10.503	12.500	0.0000010000	-0.0000601924	1.0862627703E-8	-0.0000048153	2.2079213449E-9	5.600	21.900
6/19/2022	9:40 PM	-0.1156651600	53.300	10.497	12.500	0.0000010000	-0.0000601562	7.7238242546E-9	-0.0000047709	1.7853428299E-9	5.600	21.900
6/19/2022	9:40 PM	-0.1181796200	53.300	10.499	12.499	0.0000010000	-0.0000602016	6.0408270839E-9	-0.0000048084	9.2736184955E-10	5.600	21.900
6/19/2022	9:41 PM	-0.1206940800	53.300	10.499	12.500	0.0000010000	-0.0000601810	6.8597497467E-9	-0.0000047876	4.0000000000E-10	5.600	21.900
6/19/2022	9:42 PM	-0.1232085400	0.900	10.500	12.500	0.0000010000	-0.0000601909	8.7895433611E-9	-0.0000047896	9.3874768826E-10	5.600	21.800
6/19/2022	9:42 PM	-0.1257230000	53.300	10.495	12.500	0.0000010000	-0.0000601846	8.9313385379E-9	-0.0000048131	1.1018848679E-9	5.600	21.900
6/19/2022	9:43 PM	-0.1282374600	53.300	10.494	12.499	0.0000010000	-0.0000601845	6.3663495412E-9	-0.0000048040	8.6988284501E-10	5.600	21.900
6/19/2022	9:44 PM	-0.1307519200	53.300	10.501	12.499	0.0000010000	-0.0000601830	9.0821446220E-9	-0.0000047883	5.5259075049E-10	5.600	21.900
6/19/2022	9:44 PM	-0.1332663800	53.300	10.494	12.499	0.0000010000	-0.0000601907	8.5984789423E-9	-0.0000047837	9.4124180247E-10	5.600	21.900
6/19/2022	9:45 PM	-0.1357808400	53.300	10.493	12.499	0.0000010000	-0.0000601756	1.1132945332E-8	-0.0000047902	1.2852647610E-9	5.600	21.900
6/19/2022	9:46 PM	-0.1382953000	53.300	10.499	12.501	0.0000010000	-0.0000601960	1.0644299055E-8	-0.0000047861	1.0770329614E-9	5.600	21.900
6/19/2022	9:47 PM	-0.1408097600	53.300	10.498	12.499	0.0000010000	-0.0000601774	7.4351439954E-9	-0.0000048110	5.5450633076E-10	5.600	21.900
6/19/2022	9:47 PM	-0.1433242200	53.300	10.500	12.499	0.0000010000	-0.0000601978	9.8217280593E-9	-0.0000047971	9.0471787406E-10	5.600	21.900
6/19/2022	9:48 PM	-0.1458386800	53.300	10.497	12.500	0.0000010000	-0.0000601718	7.4965263865E-9	-0.0000031511	1.8506842674E-9	5.600	21.900
6/19/2022	9:49 PM	-0.1483531400	53.300	10.500	12.500	0.0000010000	-0.0000601800	9.5929127642E-9	-0.0000031453	1.1380062113E-9	5.600	21.900
6/19/2022	9:49 PM	-0.1508676000	53.300	10.500	12.500	0.0000010000	-0.0000601607	8.0959258224E-9	-0.0000031501	1.7884098727E-9	5.600	21.900
6/19/2022	9:50 PM	-0.1533820600	53.300	10.500	12.500	0.0000010000	-0.0000601645	8.9750995633E-9	-0.0000031613	1.5902041911E-9	5.600	21.900
6/19/2022	9:51 PM	-0.1558965200	53.300	10.503	12.500	0.0000010000	-0.0000601738	8.0004091374E-9	-0.0000031499	6.8506723903E-10	5.600	21.900
6/19/2022	9:51 PM	-0.1584109800	53.300	10.497	12.500	0.0000010000	-0.0000601809	8.0327916291E-9	-0.0000031653	9.3318397399E-10	5.600	21.900
6/19/2022	9:52 PM	-0.1609254400	53.300	10.503	12.500	0.0000010000	-0.0000601772	9.3497641911E-9	-0.0000031597	7.2771912927E-10	5.600	21.800
6/19/2022	9:53 PM	-0.1634399000	53.300	10.503	12.501	0.0000010000	-0.0000601752	6.1693585357E-9	-0.0000031633	8.3006407546E-10	5.600	21.800
6/19/2022	9:53 PM	-0.1659543600	53.300	10.493	12.500	0.0000010000	-0.0000601770	5.1913673259E-9	-0.0000031379	1.3766205947E-9	5.600	21.800
6/19/2022	9:54 PM	-0.1684688200	53.300	10.505	12.500	0.0000010000	-0.0000601598	9.4311438173E-9	-0.0000031630	7.4031242374E-10	5.600	21.800
6/19/2022	9:55 PM	-0.1709832800	53.300	10.499	12.500	0.0000010000	-0.0000601641	1.0724650590E-8	-0.0000031478	1.0273618495E-9	5.600	21.900
6/19/2022	9:55 PM	-0.1734977400	53.300	10.502	12.500	0.0000010000	-0.0000601654	6.4121333203E-9	-0.0000031376	1.7800876524E-9	5.600	21.900
6/19/2022	9:56 PM	-0.1760122000	53.300	10.496	12.499	0.0000010000	-0.0000601628	9.4056435308E-9	-0.0000031688	9.1089452027E-10	5.600	21.900
6/19/2022	9:57 PM	-0.1785266600	53.300	10.497	12.500	0.0000010000	-0.0000601675	1.0809144952E-8	-0.0000031642	7.6212327846E-10	5.600	21.800
6/19/2022	9:57 PM	-0.1810411200	53.300	10.503	12.500	0.0000010000	-0.0000601860	1.0351578642E-8	-0.0000031405	1.7004478709E-9	5.600	21.800
6/19/2022	9:58 PM	-0.1835555800	53.300	10.494	12.500	0.0000010000	-0.0000601845	1.0115809899E-8	-0.0000031411	4.7416573868E-10	5.600	21.800
6/19/2022	9:59 PM	-0.1860700400	53.300	10.503	12.500	0.0000010000	-0.0000601807	7.6131701670E-9	-0.0000031579	1.8708286934E-10	5.600	21.900
6/19/2022	9:59 PM	-0.1885845000	53.300	10.493	12.499	0.0000010000	-0.0000601854	5.8361721667E-9	-0.0000031568	4.2360679775E-10	5.600	21.800
6/19/2022	10:00 PM	-0.1910989600	53.300	10.495	12.499	0.0000010000	-0.0000601745	6.2740462944E-9	-0.0000031426	9.5012175500E-10	5.600	21.800
6/19/2022	10:01 PM	-0.1936134200	53.300	10.500	12.501	0.0000010000	-0.0000601657	9.9162079629E-9	-0.0000031476	2.9154759474E-10	5.600	21.800
6/19/2022	10:01 PM	-0.1961278800	53.300	10.494	12.500	0.0000010000	-0.0000601778	1.1963955353E-8	-0.0000031444	9.5910963477E-10	5.600	21.800
6/19/2022	10:02 PM	-0.1986423400	53.300	10.496	12.499	0.0000010000	-0.0000601642	4.0256800148E-9	-0.0000031578	4.4203384502E-10	5.600	21.900
6/19/2022	10:03 PM	-0.2011568000	53.300	10.503	12.501	0.0000010000	-0.0000601786	1.0592029379E-8	-0.0000031615	2.2697792787E-9	5.600	21.800
6/19/2022	10:03 PM	-0.2036712600	53.300	10.494	12.500	0.0000010000	-0.0000601604	1.1639436231E-8	-0.0000031580	7.4833147735E-10	5.600	21.800
6/19/2022	10:04 PM	-0.2061857200	53.300	10.495	12.500	0.0000010000	-0.0000601651	8.9607895752E-9	-0.0000031495	1.1850047376E-9	5.600	21.800
6/19/2022	10:05 PM	-0.2087001800	53.300	10.501	12.500	0.0000010000	-0.0000601715	6.9083795128E-9	-0.0000031409	1.0820365039E-9	5.600	21.800
6/19/2022	10:06 PM	-0.2112146400	53.300	10.505	12.501	0.0000010000	-0.0000601683	7.3621226866E-9	-0.0000031592	7.6587471448E-10	5.600	21.800
6/19/2022	10:06 PM	-0.2137291000	53.300	10.496	12.500	0.0000010000	-0.0000601681	8.2619385416E-9	-0.0000031535	5.3011626335E-10	5.600	21.800
6/19/2022	10:07 PM	-0.2162435600	53.300	10.494	12.500	0.0000010000	-0.0000601766	9.0312162900E-9	-0.0000031584	1.0000000000E-10	5.600	21.800
6/19/2022	10:08 PM	-0.2187580200	53.300	10.505	12.500	0.0000010000	-0.0000601790	1.4358712536E-8	-0.0000031455	2.2360679775E-10	5.600	21.800
6/19/2022	10:08 PM	-0.2212724800	53.300	10.496	12.499	0.0000010000	-0.0000601817	1.1292341085E-8	-0.0000031467	6.0415229868E-10	5.600	21.800
6/19/2022	10:09 PM	-0.2237869400	53.300	10.502	12.500	0.0000010000	-0.0000601712	5.5111227981E-9	-0.0000031572	1.0444289329E-9	5.600	21.800
6/19/2022	10:10 PM	-0.2263014000	53.300	10.501	12.500	0.0000010000	-0.0000601679	8.7442718027E-9	-0.0000031671	9.8576115087E-10	5.600	21.800
6/19/2022	10:10 PM	-0.2288158600	53.300	10.499	12.500	0.0000010000	-0.0000601464	9.3089599022E-9	-0.0000031519	7.5717058189E-10	5.600	21.800
6/19/2022	10:11 PM	-0.2313303200	53.300	10.503	12.500	0.0000010000	-0.0000601723	7.5833688216E-9	-0.0000031580	7.1863190045E-10	5.600	21.800
6/19/2022	10:12 PM	-0.2338447800	53.300	10.499	12.500	0.0000010000	-0.0000601799	1.1657915120E-8	-0.0000031717	1.3579474285E-9	5.600	21.800
6/19/2022	10:12 PM	-0.2363592400	53.300	10.499	12.501	0.0000010000	-0.0000601684	9.6809809292E-9	-0.0000031387	5.6272329691E-10	5.600	21.800
6/19/2022	10:13 PM	-0.2388737000	53.300	10.505	12.500	0.0000010000	-0.0000601745	8.5484728549E-9	-0.0000031504	5.1515439249E-10	5.600	21.800
6/19/2022	10:14 PM	-0.2413881600	53.300	10.498	12.500	0.0000010000	-0.0000601801	1.0424423878E-8	-0.0000031615	1.4030993346E-9	5.600	21.800
6/19/2022	10:14 PM	-0.2439026200	53.300	10.500	12.500	0.0000010000	-0.0000601845	8.6015202090E-9	-0.0000031550	8.2739529308E-10	5.600	21.800
6/19/2022	10:15 PM	-0.2464170800	53.300	10.502	12.500	0.0000010000	-0.0000601706	6.7161852614E-9	-0.0000031582	7.5522851952E-10	5.600	21.800
6/19/2022	10:16 PM	-0.2489315400	53.300	10.502	12.500	0.0000010000	-0.0000601756	1.0066932545E-8	-0.0000031364	1.3958378907E-9	5.600	21.800
6/19/2022	10:16 PM	-0.2514460000	53.300	10.505	12.501	0.0000010000	-0.0000601717	1.0468335187E-8	-0.0000031475	1.3937346867E-9	5.600	21.800
6/19/2022	10:17 PM	-0.2539604600	53.300	10.497	12.500	0.0000010000	-0.0000601723	7.3997772795E-9	-0.0000031505	1.5342060606E-9	5.600	21.800
6/19/2022	10:18 PM	-0.2564749200	53.300	10.499	12.500	0.0000010000	-0.0000601676	8.7473705196E-9	-0.0000031622	4.7863046408E-10	5.600	21.800
6/19/2022	10:18 PM	-0.2589893800	53.300	10.501	12.500	0.0000010000	-0.0000601876	8.7484274564E-9	-0.0000031628	8.3006407546E-10	5.600	21.800
6/19/2022	10:19 PM	-0.2615038400	53.300	10.500	12.500	0.0000010000	-0.0000601493	1.2852435663E-8	-0.0000031590	5.3011626335E-10	5.600	21.800
6/19/2022	10:20 PM	-0.2640183000	51.500	10.500	12.500	0.0000010000	-0.0000601589	6.3900550829E-9	-0.0000031396	3.8708286934E-10	5.600	21.800
6/19/2022	10:20 PM	-0.2665327600	51.500	10.499	12.500	0.0000010000	-0.0000601595	8.5196354745E-9	-0.0000031556	9.1417370250E-10	5.600	21.800
6/19/2022	10:21 PM	-0.2690472200	51.500	10.496	12.499	0.0000010000	-0.0000601672	6.0241924952E-9	-0.0000031721	1.7599426700E-9	5.600	21.800
6/19/2022	10:22 PM	-0.2715616800	51.500	10.501	12.500	0.0000010000	-0.0000601688	9.1528197447E-9	-0.0000031422	1.4831017608E-9	5.600	21.800
6/19/2022	10:22 PM	-0.2740761400	51.500	10.499	12.500	0.0000010000	-0.0000601644	6.7190114327E-9	-0.0000031430	1.4142135624E-9	5.600	21.800
6/19/2022	10:23 PM	-0.2765906000	51.500	10.497	12.500	0.0000010000	-0.0000601592	7.2961186287E-9	-0.0000031449	1.2560528920E-9	5.600	21.800
6/19/2022	10:24 PM	-0.2791050600	51.500	10.505	12.501	0.0000010000	-0.0000601550	1.0365163502E-8	-0.0000031584	1.4668133111E-9	5.600	21.800
6/19/2022	10:25 PM	-0.2816195200	51.500	10.499	12.499	0.0000010000	-0.0000601692	4.1303643506E-9	-0.0000031306	1.5750583918E-9	5.600	21.800
6/19/2022	10:25 PM	-0.2841339800	51.500	10.499	12.500	0.0000010000	-0.0000601700	7.7810682976E-9	-0.0000031605	5.8615541191E-10	5.600	21.800
6/19/2022	10:26 PM	-0.2866484400	51.500	10.499	12.500	0.0000010000	-0.0000601691	1.0716785267E-8	-0.0000031499	9.5504373967E-10	5.600	21.800
6/19/2022	10:27 PM	-0.2891629000	51.500	10.495	12.500	0.0000010000	-0.0000601828	7.0756760918E-9	-0.0000031534	2.9154759474E-10	5.600	21.800
6/19/2022	10:27 PM	-0.2916773600	51.500	10.494	12.500	0.0000010000	-0.0000601660	1.1102910557E-8	-0.0000031544	4.5355339059E-10	5.600	21.800
6/19/2022	10:28 PM	-0.2941918200	0.900	10.491	12.500	0.0000010000	-0.0000601715	1.1838414681E-8	-0.0000031524	4.5355339059E-10	5.600	21.800
6/19/2022	10:29 PM	-0.2967062800	51.500	10.491	12.500	0.0000010000	-0.0000601545	9.5471822937E-9	-0.0000031635	8.2540150734E-10	5.600	21.800
6/19/2022	10:30 PM	-0.2992207400	51.500	10.498	12.500	0.0000010000	-0.0000601451	6.4401224758E-9	-0.0000031629	1.4016854698E-9	5.600	21.800
6/19/2022	10:30 PM	-0.3017352000	51.500	10.495	12.500	0.0000010000	-0.0000601310	8.8995221069E-9	-0.0000031492	7.4031242374E-10	5.600	21.800
6/19/2022	10:31 PM	-0.3042496600	51.500	10.500	12.500	0.0000010000	-0.0000601728	7.5248210697E-9	-0.0000031496	6.0620192023E-10	5.600	21.800
6/19/2022	10:32 PM	-0.3067641200	51.500	10.503	12.500	0.0000010000	-0.0000601716	7.4115083868E-9	-0.0000031569	9.8102496759E-10	5.500	21.800
6/19/2022	10:32 PM	-0.3092785800	51.500	10.499	12.500	0.0000010000	-0.0000601548	8.3280330275E-9	-0.0000031258	1.9209372712E-9	5.600	21.800
6/19/2022	10:33 PM	-0.3117930400	51.500	10.501	12.500	0.0000010000	-0.0000601803	8.5504351322E-9	-0.0000031431	4.3011626335E-10	5.500	21.800
6/19/2022	10:34 PM	-0.3143075000	51.500	10.500	12.500	0.0000010000	-0.0000601470	7.8001586763E-9	-0.0000031418	1.1133087014E-9	5.600	21.800
6/19/2022	10:34 PM	-0.3168219600	51.500	10.504	12.501	0.0000010000	-0.0000601515	6.8236716562E-9	-0.0000031567	3.8708286934E-10	5.500	21.800
6/19/2022	10:35 PM	-0.3193364200	51.500	10.502	12.500	0.0000010000	-0.0000601655	8.8646688391E-9	-0.0000031765	1.5352700094E-9	5.500	21.800
6/19/2022	10:36 PM	-0.3218508800	51.500	10.498	12.500	0.0000010000	-0.0000601822	9.5149714316E-9	-0.0000031530	9.3071357894E-10	5.600	21.800
6/19/2022	10:36 PM	-0.3243653400	51.500	10.499	12.500	0.0000010000	-0.0000601538	1.2359157501E-8	-0.0000031453	3.4608128489E-10	5.500	21.800
6/19/2022	10:37 PM	-0.3268798000	51.500	10.501	12.500	0.0000010000	-0.0000601526	8.4254555253E-9	-0.0000030924	5.9305172142E-9	5.500	21.800
6/19/2022	10:38 PM	-0.3293942600	51.500	10.499	12.500	0.0000010000	-0.0000601401	6.6571684916E-9	-0.0000031524	7.9123516802E-10	5.500	21.800
6/19/2022	10:38 PM	-0.3319087200	51.500	10.504	12.500	0.0000010000	-0.0000601758	1.0429572064E-8	-0.0000031349	2.4909944180E-9	5.500	21.800
6/19/2022	10:39 PM	-0.3344231800	51.500	10.501	12.500	0.0000010000	-0.0000601740	5.1341350098E-9	-0.0000031482	2.7117717338E-9	5.500	21.800
6/19/2022	10:40 PM	-0.3369376400	51.500	10.502	12.499	0.0000010000	-0.0000601545	7.4782861423E-9	-0.0000031194	2.8508443732E-9	5.500	21.800
6/19/2022	10:40 PM	-0.3394521000	51.500	10.498	12.501	0.0000010000	-0.0000601674	5.6704834983E-9	-0.0000031524	8.9526339942E-10	5.500	21.800
6/19/2022	10:41 PM	-0.3419665600	51.500	10.503	12.501	0.0000010000	-0.0000601653	7.9888413380E-9	-0.0000031491	1.1372230445E-9	5.500	21.800
6/19/2022	10:42 PM	-0.3444810200	51.500	10.494	12.500	0.0000010000	-0.0000601597	8.0027277481E-9	-0.0000031578	5.0000000000E-10	5.600	21.800
6/19/2022	10:42 PM	-0.3469954800	51.500	10.502	12.501	0.0000010000	-0.0000601562	6.2633643131E-9	-0.0000031555	1.0154753215E-9	5.500	21.800
6/19/2022	10:43 PM	-0.3495099400	51.500	10.501	12.501	0.0000010000	-0.0000601405	6.6440762861E-9	-0.0000031451	4.6159098630E-10	5.500	21.800
6/19/2022	10:44 PM	-0.3520244000	51.500	10.499	12.499	0.0000010000	-0.0000601543	7.0386096679E-9	-0.0000031540	1.1741663363E-9	5.500	21.800
6/19/2022	10:44 PM	-0.3545388600	51.500	10.499	12.500	0.0000010000	-0.0000601489	4.6533210695E-9	-0.0000031470	1.7973439119E-9	5.500	21.800
6/19/2022	10:45 PM	-0.3570533200	51.500	10.496	12.500	0.0000010000	-0.0000601441	8.6465099429E-9	-0.0000031381	1.2481039182E-9	5.600	21.800
6/19/2022	10:46 PM	-0.3595677800	51.500	10.502	12.500	0.0000010000	-0.0000601562	1.1569061800E-8	-0.0000031569	1.0103542189E-9	5.500	21.800
6/19/2022	10:47 PM	-0.3620822400	51.500	10.495	12.500	0.0000010000	-0.0000601560	7.4264314211E-9	-0.0000031714	4.5355339059E-10	5.500	21.800
6/19/2022	10:47 PM	-0.3645967000	51.500	10.498	12.500	0.0000010000	-0.0000601569	6.8705774626E-9	-0.0000031393	1.2247448714E-10	5.600	21.800
6/19/2022	10:48 PM	-0.3671111600	51.500	10.498	12.501	0.0000010000	-0.0000601725	6.5166726715E-9	-0.0000031282	1.3598168127E-9	5.500	21.800
6/19/2022	10:49 PM	-0.3696256200	51.500	10.500	12.500	0.0000010000	-0.0000601435	8.8971840038E-9	-0.0000031463	6.0850436627E-10	5.500	21.800
6/19/2022	10:49 PM	-0.3721400800	51.500	10.502	12.500	0.0000010000	-0.0000601456	1.0113471255E-8	-0.0000031560	1.1695359715E-9	5.500	21.800
6/19/2022	10:50 PM	-0.3746545400	51.500	10.496	12.500	0.0000010000	-0.0000601751	9.8096422311E-9	-0.0000031374	8.9915591202E-10	5.600	21.800
6/19/2022	10:51 PM	-0.3771690000	51.500	10.492	12.499	0.0000010000	-0.0000601648	8.4719106470E-9	-0.0000031433	7.6278691088E-10	5.600	21.800
6/19/2022	10:51 PM	-0.3796834600	51.500	10.499	12.500	0.0000010000	-0.0000601664	1.1442907008E-8	-0.0000031564	9.9247166206E-10	5.500	21.800
6/19/2022	10:52 PM	-0.3821979200	51.500	10.500	12.500	0.0000010000	-0.0000601628	1.1102899809E-8	-0.0000031541	1.3987490074E-9	5.500	21.800
6/19/2022	10:53 PM	-0.3847123800	51.500	10.500	12.500	0.0000010000	-0.0000601508	6.5644954879E-9	-0.0000031476	5.7434164903E-10	5.500	21.800
6/19/2022	10:53 PM	-0.3872268400	51.500	10.501	12.500	0.0000010000	-0.0000601733	8.4200972150E-9	-0.0000031506	8.3784666345E-10	5.500	21.800
6/19/2022	10:54 PM	-0.3897413000	51.500	10.497	12.499	0.0000010000	-0.0000601278	6.9397074520E-9	-0.0000031603	1.4587716001E-9	5.500	21.800
6/19/2022	10:55 PM	-0.3922557600	51.500	10.497	12.500	0.0000010000	-0.0000601573	9.4897242900E-9	-0.0000031509	1.0000000000E-10	5.500	21.800
6/19/2022	10:55 PM	-0.3947702200	51.500	10.506	12.499	0.0000010000	-0.0000601710	1.0415415787E-8	-0.0000031529	8.2612971738E-10	5.600	21.800
6/19/2022	10:56 PM	-0.3972846800	51.500	10.503	12.501	0.0000010000	-0.0000601621	9.2638837053E-9	-0.0000031520	9.5166481892E-10	5.500	21.700
6/19/2022	10:57 PM	-0.3997991400	51.500	10.499	12.501	0.0000010000	-0.0000601561	8.9630491890E-9	-0.0000031463	6.0850436627E-10	5.500	21.700
6/19/2022	10:57 PM	-0.3997991400	51.500	10.501	12.500	0.0000010000	-0.0000601768	5.1392602412E-9	-0.0000031537	5.4649857042E-10	5.500	21.800
6/19/2022	10:58 PM	-0.3972846800	51.500	10.499	12.500	0.0000010000	-0.0000601474	6.9298414847E-9	-0.0000031526	9.7403707289E-10	5.500	21.800
6/19/2022	10:59 PM	-0.3947702200	51.500	10.499	12.500	0.0000010000	-0.0000601302	1.1021647852E-8	-0.0000031538	3.9154759474E-10	5.500	21.700
6/19/2022	10:59 PM	-0.3922557600	51.500	10.500	12.500	0.0000010000	-0.0000601562	7.9109507639E-9	-0.0000031486	9.7416573868E-10	5.500	21.800
6/19/2022	11:00 PM	-0.3897413000	51.500	10.500	12.499	0.0000010000	-0.0000601427	8.1992599793E-9	-0.0000031385	2.1372094876E-9	5.500	21.800
6/19/2022	11:01 PM	-0.3872268400	51.500	10.494	12.500	0.0000010000	-0.0000601528	5.5088802385E-9	-0.0000031441	4.5495097568E-10	5.500	21.800
6/19/2022	11:01 PM	-0.3847123800	51.500	10.501	12.500	0.0000010000	-0.0000601743	6.6046806336E-9	-0.0000031436	7.5522851952E-10	5.500	21.800
6/19/2022	11:02 PM	-0.3821979200	51.500	10.500	12.500	0.0000010000	-0.0000601560	9.0695487852E-9	-0.0000031588	2.4587505995E-9	5.500	21.800
6/19/2022	11:03 PM	-0.3796834600	51.500	10.500	12.500	0.0000010000	-0.0000601791	9.4514263563E-9	-0.0000031373	1.0760533605E-9	5.500	21.800
6/19/2022	11:04 PM	-0.3771690000	51.500	10.496	12.499	0.0000010000	-0.0000601474	7.8571039628E-9	-0.0000031497	5.8309518948E-10	5.500	21.800
6/19/2022	11:04 PM	-0.3746545400	51.500	10.501	12.500	0.0000010000	-0.0000601557	5.9506861222E-9	-0.0000031574	1.1905694150E-9	5.500	21.800
6/19/2022	11:05 PM	-0.3721400800	0.900	10.501	12.499	0.0000010000	-0.0000601634	6.5835214739E-9	-0.0000031511	7.5522851952E-10	5.600	21.800
6/19/2022	11:06 PM	-0.3696256200	51.500	10.505	12.501	0.0000010000	-0.0000601637	6.6849724215E-9	-0.0000031349	1.3235359668E-9	5.500	21.800
6/19/2022	11:06 PM	-0.3671111600	51.500	10.496	12.500	0.0000010000	-0.0000601673	8.2311832851E-9	-0.0000031429	5.3385391260E-10	5.500	21.800
6/19/2022	11:07 PM	-0.3645967000	51.500	10.500	12.501	0.0000010000	-0.0000601548	8.0860848027E-9	-0.0000031630	7.2093678194E-10	5.500	21.800
6/19/2022	11:08 PM	-0.3620822400	51.500	10.500	12.500	0.0000010000	-0.0000601682	7.3344893789E-9	-0.0000031601	1.1788289045E-9	5.500	21.800
6/19/2022	11:08 PM	-0.3595677800	51.500	10.496	12.500	0.0000010000	-0.0000601632	5.8472082722E-9	-0.0000031426	9.9865437593E-10	5.500	21.800
6/19/2022	11:09 PM	-0.3570533200	51.500	10.503	12.500	0.0000010000	-0.0000601678	9.0650680798E-9	-0.0000031194	3.3079801762E-9	5.500	21.800
6/19/2022	11:10 PM	-0.3545388600	51.500	10.496	12.500	0.0000010000	-0.0000601745	4.7121680596E-9	-0.0000031535	4.5495097568E-10	5.500	21.700
6/19/2022	11:10 PM	-0.3520244000	51.500	10.501	12.500	0.0000010000	-0.0000601576	7.5744853519E-9	-0.0000031200	2.1254243173E-9	5.500	21.800
6/19/2022	11:11 PM	-0.3495099400	51.500	10.501	12.500	0.0000010000	-0.0000601631	4.4186116435E-9	-0.0000031507	2.8058837015E-10	5.500	21.700
6/19/2022	11:12 PM	-0.3469954800	51.500	10.494	12.500	0.0000010000	-0.0000601632	9.9543087316E-9	-0.0000031471	6.4510098534E-10	5.500	21.700
6/19/2022	11:12 PM	-0.3444810200	51.500	10.491	12.500	0.0000010000	-0.0000601394	7.9842154631E-9	-0.0000031576	8.3006407546E-10	5.500	21.700
6/19/2022	11:13 PM	-0.3419665600	51.500	10.497	12.500	0.0000010000	-0.0000601547	6.8826789990E-9	-0.0000031556	6.6368092477E-10	5.500	21.700
6/19/2022	11:14 PM	-0.3394521000	51.500	10.501	12.499	0.0000010000	-0.0000601604	5.2918494187E-9	-0.0000031533	1.5263255747E-9	5.500	21.800
6/19/2022	11:14 PM	-0.3369376400	51.500	10.498	12.501	0.0000010000	-0.0000601777	1.1702203294E-8	-0.0000031473	3.6742346142E-10	5.500	21.700
6/19/2022	11:15 PM	-0.3344231800	51.500	10.498	12.500	0.0000010000	-0.0000601755	6.3778742330E-9	-0.0000031543	6.9774951497E-10	5.500	21.700
6/19/2022	11:16 PM	-0.3319087200	51.500	10.498	12.501	0.0000010000	-0.0000601646	1.0511214034E-8	-0.0000031565	1.3685805562E-9	5.500	21.700
6/19/2022	11:16 PM	-0.3293942600	51.500	10.506	12.500	0.0000010000	-0.0000601605	8.3563192287E-9	-0.0000031599	6.6368092477E-10	5.500	21.700
6/19/2022	11:17 PM	-0.3268798000	51.500	10.500	12.499	0.0000010000	-0.0000601455	7.1388923405E-9	-0.0000031212	2.9197946333E-9	5.500	21.700
6/19/2022	11:18 PM	-0.3243653400	51.500	10.500	12.500	0.0000010000	-0.0000601731	6.8800044453E-9	-0.0000031443	3.8708286934E-10	5.500	21.800
6/19/2022	11:18 PM	-0.3218508800	51.500	10.499	12.500	0.0000010000	-0.0000601697	1.0471561467E-8	-0.0000031419	8.2764726786E-10	5.500	21.800
6/19/2022	11:19 PM	-0.3193364200	51.500	10.500	12.501	0.0000010000	-0.0000601650	7.2338218324E-9	-0.0000031607	8.9206987131E-10	5.500	21.800
6/19/2022	11:20 PM	-0.3168219600	49.800	10.502	12.500	0.0000010000	-0.0000601510	8.8996980781E-9	-0.0000031599	2.9154759474E-10	5.500	21.700
6/19/2022	11:20 PM	-0.3143075000	49.800	10.496	12.499	0.0000010000	-0.0000601536	8.9693819379E-9	-0.0000031069	4.4659634751E-9	5.500	21.800
6/19/2022	11:21 PM	-0.3117930400	49.800	10.501	12.500	0.0000010000	-0.0000601636	5.5612098301E-9	-0.0000031495	1.3194792169E-9	5.500	21.700
6/19/2022	11:22 PM	-0.3092785800	49.800	10.496	12.500	0.0000010000	-0.0000601411	5.4673018098E-9	-0.0000031448	1.0812725199E-9	5.500	21.800
6/19/2022	11:22 PM	-0.3067641200	49.800	10.502	12.500	0.0000010000	-0.0000601445	7.1026226613E-9	-0.0000031458	6.0850436627E-10	5.500	21.700
6/19/2022	11:23 PM	-0.3042496600	49.800	10.502	12.500	0.0000010000	-0.0000601496	1.0994954124E-8	-0.0000031553	2.5495097568E-10	5.500	21.700
6/19/2022	11:24 PM	-0.3017352000	49.800	10.495	12.500	0.0000010000	-0.0000601862	1.1082799552E-8	-0.0000031398	7.6278691088E-10	5.500	21.700
6/19/2022	11:24 PM	-0.2992207400	49.800	10.497	12.500	0.0000010000	-0.0000601638	8.2019213450E-9	-0.0000031658	1.0071067812E-9	5.500	21.800
6/19/2022	11:25 PM	-0.2967062800	49.800	10.502	12.500	0.0000010000	-0.0000601644	6.5683683044E-9	-0.0000031553	5.9777253643E-10	5.500	21.800
6/19/2022	11:26 PM	-0.2941918200	49.800	10.501	12.499	0.0000010000	-0.0000601464	6.7595063097E-9	-0.0000031497	2.0000000000E-10	5.500	21.800
6/19/2022	11:26 PM	-0.2916773600	49.800	10.496	12.500	0.0000010000	-0.0000601580	9.6189815418E-9	-0.0000031567	5.5355339059E-10	5.500	21.700
6/19/2022	11:27 PM	-0.2891629000	49.800	10.496	12.500	0.0000010000	-0.0000601616	9.9074592188E-9	-0.0000031080	3.7200851426E-9	5.500	21.800
6/19/2022	11:28 PM	-0.2866484400	49.800	10.492	12.500	0.0000010000	-0.0000601602	9.5590257953E-9	-0.0000031561	7.2662678582E-10	5.500	21.800
6/19/2022	11:28 PM	-0.2841339800	49.800	10.492	12.499	0.0000010000	-0.0000601523	9.6124878989E-9	-0.0000031526	9.9386581434E-10	5.600	21.800
6/19/2022	11:29 PM	-0.2816195200	49.800	10.498	12.500	0.0000010000	-0.0000601735	4.9616606395E-9	-0.0000031655	1.2771944937E-9	5.500	21.700
6/19/2022	11:30 PM	-0.2791050600	49.800	10.509	12.501	0.0000010000	-0.0000601665	7.4042485578E-9	-0.0000031197	3.0522711218E-9	5.500	21.700
6/19/2022	11:31 PM	-0.2765906000	49.800	10.499	12.500	0.0000010000	-0.0000601767	9.5136623387E-9	-0.0000031536	5.5259075049E-10	5.500	21.700
6/19/2022	11:31 PM	-0.2740761400	49.800	10.501	12.499	0.0000010000	-0.0000601329	7.1776972217E-9	-0.0000031535	2.4494897428E-10	5.500	21.800
6/19/2022	11:32 PM	-0.2715616800	49.800	10.498	12.500	0.0000010000	-0.0000601640	8.7091061581E-9	-0.0000031648	1.2893532536E-9	5.500	21.700
6/19/2022	11:33 PM	-0.2690472200	49.800	10.496	12.500	0.0000010000	-0.0000601461	6.6068471983E-9	-0.0000031500	1.1191948626E-9	5.500	21.700
6/19/2022	11:33 PM	-0.2665327600	49.800	10.497	12.499	0.0000010000	-0.0000601754	8.6413125662E-9	-0.0000031568	6.8476798574E-10	5.500	21.800
6/19/2022	11:34 PM	-0.2640183000	49.800	10.501	12.500	0.0000010000	-0.0000601623	7.6584380551E-9	-0.0000031393	1.9349404851E-9	5.500	21.700
6/19/2022	11:35 PM	-0.2615038400	49.800	10.504	12.501	0.0000010000	-0.0000601766	6.5642543956E-9	-0.0000031301	1.3558171176E-9	5.500	21.700
6/19/2022	11:35 PM	-0.2589893800	49.800	10.502	12.500	0.0000010000	-0.0000601611	9.8001219437E-9	-0.0000031430	1.2247448714E-9	5.500	21.700
6/19/2022	11:36 PM	-0.2564749200	49.800	10.507	12.500	0.0000010000	-0.0000601645	9.6649187364E-9	-0.0000031519	1.2234076132E-9	5.500	21.700
6/19/2022	11:37 PM	-0.2539604600	49.800	10.503	12.499	0.0000010000	-0.0000601573	6.3737655441E-9	-0.0000031423	1.2247448714E-10	5.500	21.800
6/19/2022	11:37 PM	-0.2514460000	49.800	10.508	12.501	0.0000010000	-0.0000601619	8.6040723041E-9	-0.0000031456	1.6925063339E-9	5.500	21.700
6/19/2022	11:38 PM	-0.2489315400	49.800	10.496	12.500	0.0000010000	-0.0000601417	9.1183790790E-9	-0.0000031553	2.5495097568E-10	5.500	21.700
6/19/2022	11:39 PM	-0.2464170800	49.800	10.499	12.500	0.0000010000	-0.0000601839	7.9575618610E-9	-0.0000031587	1.0462232803E-9	5.500	21.700
6/19/2022	11:39 PM	-0.2439026200	49.800	10.501	12.501	0.0000010000	-0.0000601411	9.1968172564E-9	-0.0000031396	1.1477512681E-9	5.500	21.700
6/19/2022	11:40 PM	-0.2413881600	49.800	10.506	12.501	0.0000010000	-0.0000601471	9.0468079168E-9	-0.0000031582	5.4649857042E-10	5.500	21.700
6/19/2022	11:41 PM	-0.2388737000	49.800	10.498	12.501	0.0000010000	-0.0000601634	5.9858373341E-9	-0.0000031594	6.0620192023E-10	5.500	21.700
6/19/2022	11:42 PM	-0.2363592400	49.800	10.500	12.500	0.0000010000	-0.0000601429	9.0043259430E-9	-0.0000031343	7.6278691088E-10	5.500	21.700
6/19/2022	11:42 PM	-0.2338447800	49.800	10.505	12.501	0.0000010000	-0.0000601713	1.0344059096E-8	-0.0000031621	1.3409673646E-9	5.500	21.700
6/19/2022	11:43 PM	-0.2313303200	49.800	10.508	12.501	0.0000010000	-0.0000601738	9.1106662836E-9	-0.0000031597	1.7107141422E-9	5.500	21.700
6/19/2022	11:44 PM	-0.2288158600	49.800	10.496	12.500	0.0000010000	-0.0000601659	6.5353498486E-9	-0.0000031453	3.4608128489E-10	5.500	21.700
6/19/2022	11:45 PM	-0.2263014000	49.800	10.501	12.499	0.0000010000	-0.0000601677	6.8381385663E-9	-0.0000031559	4.5355339059E-10	5.500	21.800
6/19/2022	11:45 PM	-0.2237869400	49.800	10.497	12.500	0.0000010000	-0.0000601395	1.0807317529E-8	-0.0000031484	3.4519675235E-10	5.500	21.700
6/19/2022	11:46 PM	-0.2212724800	49.800	10.503	12.499	0.0000010000	-0.0000601513	7.5832453912E-9	-0.0000031562	6.3011626335E-10	5.500	21.700
6/19/2022	11:47 PM	-0.2187580200	49.800	10.497	12.501	0.0000010000	-0.0000601643	6.1044714275E-9	-0.0000031571	6.4510098534E-10	5.500	21.700
6/19/2022	11:47 PM	-0.2162435600	49.800	10.498	12.500	0.0000010000	-0.0000601562	1.0996973710E-8	-0.0000031547	9.5770568927E-10	5.500	21.700
6/19/2022	11:48 PM	-0.2137291000	49.800	10.499	12.500	0.0000010000	-0.0000601695	7.3970689940E-9	-0.0000031537	5.8309518948E-10	5.500	21.700
6/19/2022	11:49 PM	-0.2112146400	49.800	10.498	12.500	0.0000010000	-0.0000601571	1.1410750593E-8	-0.0000031555	5.0990195136E-10	5.500	21.700
6/19/2022	11:49 PM	-0.2087001800	49.800	10.500	12.501	0.0000010000	-0.0000601521	8.6235647427E-9	-0.0000031437	8.1723431537E-10	5.500	21.700
6/19/2022	11:50 PM	-0.2061857200	49.800	10.499	12.500	0.0000010000	-0.0000601655	5.6107540208E-9	-0.0000031470	7.3851648071E-10	5.500	21.700
6/19/2022	11:51 PM	-0.2036712600	49.800	10.502	12.500	0.0000010000	-0.0000601916	1.2166191330E-8	-0.0000031238	2.1038851942E-9	5.500	21.700
6/19/2022	11:51 PM	-0.2011568000	49.800	10.494	12.500	0.0000010000	-0.0000601372	6.4809088420E-9	-0.0000031548	9.7628963278E-10	5.500	21.700
6/19/2022	11:52 PM	-0.1986423400	49.800	10.498	12.500	0.0000010000	-0.0000601697	4.5202715625E-9	-0.0000031502	3.4608128489E-10	5.500	21.700
6/19/2022	11:53 PM	-0.1961278800	49.800	10.503	12.500	0.0000010000	-0.0000601679	5.9246031089E-9	-0.0000031451	7.8880488828E-10	5.500	21.700
6/19/2022	11:53 PM	-0.1936134200	49.800	10.499	12.499	0.0000010000	-0.0000601686	8.2212285869E-9	-0.0000031404	1.2990196787E-9	5.500	21.700
6/19/2022	11:54 PM	-0.1910989600	49.800	10.499	12.500	0.0000010000	-0.0000601323	9.0705091362E-9	-0.0000031349	1.0416333328E-9	5.500	21.700
6/19/2022	11:55 PM	-0.1885845000	49.800	10.499	12.500	0.0000010000	-0.0000601659	7.6466859612E-9	-0.0000031533	6.4721359550E-10	5.500	21.700
6/19/2022	11:55 PM	-0.1860700400	49.800	10.499	12.500	0.0000010000	-0.0000601743	6.6469184557E-9	-0.0000031506	9.7193827510E-10	5.500	21.700
6/19/2022	11:56 PM	-0.1835555800	49.800	10.499	12.500	0.0000010000	-0.0000601544	8.2883039359E-9	-0.0000031517	1.1250804095E-9	5.500	21.700
6/19/2022	11:57 PM	-0.1810411200	49.800	10.498	12.500	0.0000010000	-0.0000601601	4.0281835075E-9	-0.0000031565	2.2360679775E-10	5.500	21.700
6/19/2022	11:58 PM	-0.1785266600	49.800	10.503	12.501	0.0000010000	-0.0000601721	1.0299420993E-8	-0.0000031509	8.3661732999E-10	5.500	21.700
6/19/2022	11:58 PM	-0.1760122000	49.800	10.503	12.501	0.0000010000	-0.0000601550	1.2071972868E-8	-0.0000031368	4.7416573868E-10	5.500	21.700
6/19/2022	11:59 PM	-0.1734977400	49.800	10.498	12.500	0.0000010000	-0.0000601800	7.4407885452E-9	-0.0000031490	2.4494897428E-10	5.500	21.700
6/20/2022	12:00 AM	-0.1709832800	49.800	10.500	12.499	0.0000010000	-0.0000601481	6.5340656546E-9	-0.0000031410	2.4966796922E-9	5.500	21.700
6/20/2022	12:00 AM	-0.1684688200	49.800	10.496	12.501	0.0000010000	-0.0000601759	8.1564965423E-9	-0.0000031470	1.5058802662E-9	5.500	21.700
6/20/2022	12:01 AM	-0.1659543600	49.800	10.495	12.499	0.0000010000	-0.0000601603	9.3388964224E-9	-0.0000031011	4.6144285584E-9	5.500	21.700
6/20/2022	12:02 AM	-0.1634399000	49.800	10.500	12.500	0.0000010000	-0.0000601738	7.2870965975E-9	-0.0000031465	7.2662678582E-10	5.500	21.700
6/20/2022	12:03 AM	-0.1609254400	49.800	10.505	12.500	0.0000010000	-0.0000601854	9.6953640263E-9	-0.0000031435	1.2840192568E-9	5.500	21.700
6/20/2022	12:03 AM	-0.1584109800	49.800	10.500	12.501	0.0000010000	-0.0000601739	9.3161362491E-9	-0.0000031642	5.5355339059E-10	5.500	21.700
6/20/2022	12:04 AM	-0.1558965200	49.800	10.506	12.500	0.0000010000	-0.0000601598	7.2878083184E-9	-0.0000031555	1.2287162021E-9	5.500	21.700
6/20/2022	12:05 AM	-0.1533820600	49.800	10.501	12.500	0.0000010000	-0.0000601704	3.9641114945E-9	-0.0000031558	3.0955735648E-10	5.500	21.700
6/20/2022	12:05 AM	-0.1508676000	49.800	10.501	12.500	0.0000010000	-0.0000601532	1.2014896879E-8	-0.0000031523	6.3851648071E-10	5.500	21.700
6/20/2022	12:06 AM	-0.1483531400	49.800	10.504	12.500	0.0000010000	-0.0000601713	7.4179210111E-9	-0.0000031739	1.4413868834E-9	5.500	21.800
6/20/2022	12:07 AM	-0.1458386800	49.800	10.506	12.501	0.0000010000	-0.0000601724	4.3911752512E-9	-0.0000031617	1.1409532330E-9	5.500	21.700
6/20/2022	12:07 AM	-0.1433242200	49.800	10.499	12.500	0.0000010000	-0.0000601579	8.2954098428E-9	-0.0000031477	8.7543465798E-10	5.500	21.700
6/20/2022	12:08 AM	-0.1408097600	49.800	10.499	12.500	0.0000010000	-0.0000601558	4.9489639676E-9	-0.0000031542	5.8309518948E-10	5.500	21.700
6/20/2022	12:09 AM	-0.1382953000	49.800	10.500	12.500	0.0000010000	-0.0000601683	4.7909508355E-9	-0.0000031304	2.0479718613E-9	5.500	21.700
6/20/2022	12:09 AM	-0.1357808400	49.800	10.500	12.499	0.0000010000	-0.0000601543	5.5791131978E-9	-0.0000031475	5.8615541191E-10	5.500	21.800
6/20/2022	12:10 AM	-0.1332663800	49.800	10.501	12.501	0.0000010000	-0.0000601843	1.0648482824E-8	-0.0000031574	5.4063625993E-10	5.500	21.700
6/20/2022	12:11 AM	-0.1307519200	49.800	10.500	12.500	0.0000010000	-0.0000601568	7.0977922890E-9	-0.0000031444	1.4421490188E-9	5.500	21.700
6/20/2022	12:11 AM	-0.1282374600	49.800	10.495	12.500	0.0000010000	-0.0000601697	1.2172159364E-8	-0.0000031613	1.3884098727E-9	5.500	21.700
6/20/2022	12:12 AM	-0.1257230000	49.800	10.497	12.500	0.0000010000	-0.0000601862	5.5748540380E-9	-0.0000031355	1.3437017102E-9	5.500	21.700
6/20/2022	12:13 AM	-0.1232085400	49.800	10.509	12.501	0.0000010000	-0.0000601515	7.5662777335E-9	-0.0000031504	7.0556967662E-10	5.500	21.700
6/20/2022	12:13 AM	-0.1206940800	49.800	10.509	12.500	0.0000010000	-0.0000601434	8.9892070430E-9	-0.0000031696	1.5291318655E-9	5.500	21.700
6/20/2022	12:14 AM	-0.1181796200	49.800	10.495	12.500	0.0000010000	-0.0000601711	9.1709757303E-9	-0.0000031633	1.2022703843E-9	5.500	21.700
6/20/2022	12:15 AM	-0.1156651600	49.800	10.504	12.500	0.0000010000	-0.0000601801	5.1031407307E-9	-0.0000031021	4.5873373070E-9	5.500	21.700
6/20/2022	12:15 AM	-0.1131507000	49.800	10.499	12.500	0.0000010000	-0.0000601633	8.9259147026E-9	-0.0000031589	6.5632839974E-10	5.500	21.700
6/20/2022	12:16 AM	-0.1106362400	49.800	10.497	12.500	0.0000010000	-0.0000601741	4.5453828762E-9	-0.0000031550	3.1622776602E-10	5.500	21.700
6/20/2022	12:17 AM	-0.1081217800	49.800	10.502	12.500	0.0000010000	-0.0000601682	6.8010861772E-9	-0.0000031592	9.7527161667E-10	5.500	21.700
6/20/2022	12:17 AM	-0.1056073200	49.800	10.502	12.501	0.0000010000	-0.0000601733	5.9067011978E-9	-0.0000031664	7.5192024052E-10	5.500	21.700
6/20/2022	12:18 AM	-0.1030928600	49.800	10.502	12.500	0.0000010000	-0.0000601857	6.7923899070E-9	-0.0000031305	2.1074178113E-9	5.500	21.700
6/20/2022	12:19 AM	-0.1005784000	49.800	10.496	12.499	0.0000010000	-0.0000601632	1.0473428435E-8	-0.0000031506	8.8740730319E-10	5.500	21.800
6/20/2022	12:19 AM	-0.0980639400	49.800	10.498	12.500	0.0000010000	-0.0000601589	5.6593700404E-9	-0.0000031451	1.0875260192E-9	5.500	21.700
6/20/2022	12:20 AM	-0.0955494800	49.200	10.503	12.501	0.0000010000	-0.0000601776	8.0964728397E-9	-0.0000031480	3.7742546282E-10	5.500	21.700
6/20/2022	12:21 AM	-0.0930350200	49.200	10.490	12.499	0.0000010000	-0.0000601784	1.1400466113E-8	-0.0000031611	1.7786711853E-9	5.500	21.700
6/20/2022	12:21 AM	-0.0905205600	49.200	10.499	12.500	0.0000010000	-0.0000601601	7.4673058213E-9	-0.0000031657	5.3851648071E-10	5.500	21.700
6/20/2022	12:22 AM	-0.0880061000	49.200	10.500	12.499	0.0000010000	-0.0000601780	1.0234254757E-8	-0.0000031348	1.2409673646E-9	5.500	21.700
6/20/2022	12:23 AM	-0.0854916400	49.200	10.498	12.500	0.0000010000	-0.0000601529	6.2091910211E-9	-0.0000031394	5.5259075049E-10	5.500	21.700
6/20/2022	12:24 AM	-0.0829771800	49.200	10.501	12.500	0.0000010000	-0.0000601834	6.1366519089E-9	-0.0000031400	1.4783828188E-9	5.500	21.700
6/20/2022	12:25 AM	-0.0804627200	49.200	10.501	12.499	0.0000010000	-0.0000601726	8.1627135815E-9	-0.0000031473	1.2154753215E-9	5.500	21.700
6/20/2022	12:25 AM	-0.0779482600	49.200	10.502	12.501	0.0000010000	-0.0000601768	8.6453083444E-9	-0.0000031415	1.4068243244E-9	5.500	21.700
6/20/2022	12:26 AM	-0.0754338000	49.200	10.499	12.499	0.0000010000	-0.0000601798	6.2273966095E-9	-0.0000031537	1.1169491021E-9	5.500	21.700
6/20/2022	12:27 AM	-0.0729193400	49.200	10.495	12.499	0.0000010000	-0.0000601658	8.3596397382E-9	-0.0000031462	5.3011626335E-10	5.500	21.700
6/20/2022	12:27 AM	-0.0704048800	49.200	10.502	12.500	0.0000010000	-0.0000601788	9.8320871641E-9	-0.0000031465	7.2360679775E-10	5.500	21.700
6/20/2022	12:28 AM	-0.0678904200	49.200	10.498	12.500	0.0000010000	-0.0000601400	7.7720600309E-9	-0.0000031598	2.5495097568E-10	5.500	21.700
6/20/2022	12:29 AM	-0.0653759600	49.200	10.500	12.500	0.0000010000	-0.0000601521	7.6981420295E-9	-0.0000031374	1.5209002328E-9	5.500	21.700
6/20/2022	12:29 AM	-0.0628615000	49.200	10.497	12.500	0.0000010000	-0.0000601662	1.0658175348E-8	-0.0000031551	5.4063625993E-10	5.500	21.700
6/20/2022	12:30 AM	-0.0603470400	49.200	10.505	12.501	0.0000010000	-0.0000601584	7.7939798725E-9	-0.0000031402	1.7475315228E-9	5.500	21.700
6/20/2022	12:31 AM	-0.0578325800	49.200	10.500	12.501	0.0000010000	-0.0000601557	5.3356193691E-9	-0.0000031534	7.3385391260E-10	5.500	21.700
6/20/2022	12:31 AM	-0.0553181200	49.200	10.499	12.500	0.0000010000	-0.0000601790	1.0694500945E-8	-0.0000031432	1.3884098727E-9	5.500	21.700
6/20/2022	12:32 AM	-0.0528036600	49.200	10.499	12.500	0.0000010000	-0.0000601614	8.1865540795E-9	-0.0000031573	6.9698482070E-10	5.500	21.700
6/20/2022	12:33 AM	-0.0502892000	49.200	10.502	12.500	0.0000010000	-0.0000601704	6.3819553756E-9	-0.0000031608	6.9154759474E-10	5.500	21.700
6/20/2022	12:33 AM	-0.0477747400	49.200	10.500	12.500	0.0000010000	-0.0000601517	7.1880679726E-9	-0.0000031200	3.6248465020E-9	5.500	21.700
6/20/2022	12:34 AM	-0.0452602800	49.200	10.496	12.499	0.0000010000	-0.0000601658	7.0462763097E-9	-0.0000031653	6.3851648071E-10	5.500	21.700
6/20/2022	12:35 AM	-0.0427458200	49.200	10.500	12.500	0.0000010000	-0.0000601741	1.3506759901E-8	-0.0000031454	8.9418965053E-10	5.500	21.700
6/20/2022	12:35 AM	-0.0402313600	0.900	10.500	12.500	0.0000010000	-0.0000601690	7.1807154301E-9	-0.0000031418	8.2503868823E-10	5.500	21.700
6/20/2022	12:36 AM	-0.0377169000	49.200	10.500	12.500	0.0000010000	-0.0000601812	7.6802334901E-9	-0.0000031724	1.3994118334E-9	5.500	21.700
6/20/2022	12:37 AM	-0.0352024400	49.200	10.500	12.501	0.0000010000	-0.0000601709	8.5815973881E-9	-0.0000031554	8.7543465798E-10	5.500	21.700
6/20/2022	12:37 AM	-0.0326879800	49.200	10.500	12.500	0.0000010000	-0.0000601402	7.5608418296E-9	-0.0000031574	9.9753483738E-10	5.500	21.700
6/20/2022	12:38 AM	-0.0301735200	49.200	10.498	12.500	0.0000010000	-0.0000601667	7.5838485557E-9	-0.0000031563	3.7416573868E-10	5.500	21.700
6/20/2022	12:39 AM	-0.0276590600	49.200	10.499	12.500	0.0000010000	-0.0000601758	8.1945405804E-9	-0.0000031286	1.8688319268E-9	5.500	21.700
6/20/2022	12:40 AM	-0.0251446000	49.200	10.498	12.500	0.0000010000	-0.0000601884	6.8642176579E-9	-0.0000031298	1.3806248475E-9	5.500	21.700
6/20/2022	12:40 AM	-0.0226301400	49.200	10.498	12.500	0.0000010000	-0.0000601757	7.0928510164E-9	-0.0000031531	6.6115289591E-10	5.500	21.700
6/20/2022	12:41 AM	-0.0201156800	49.200	10.500	12.500	0.0000010000	-0.0000601580	7.2318910707E-9	-0.0000031550	6.6099096785E-10	5.500	21.700
6/20/2022	12:42 AM	-0.0176012200	49.200	10.500	12.500	0.0000010000	-0.0000601703	8.2087044557E-9	-0.0000031608	1.8507125600E-9	5.500	21.700
6/20/2022	12:42 AM	-0.0150867600	49.200	10.500	12.500	0.0000010000	-0.0000601766	1.1039188185E-8	-0.0000031422	1.0342685620E-9	5.500	21.700
6/20/2022	12:43 AM	-0.0125723000	49.200	10.501	12.500	0.0000010000	-0.0000601554	9.7967064631E-9	-0.0000031396	1.4022703843E-9	5.500	21.700
6/20/2022	12:44 AM	-0.0100578400	49.200	10.500	12.500	0.0000010000	-0.0000601598	1.0217874884E-8	-0.0000031530	5.1874534837E-10	5.500	21.700
6/20/2022	12:44 AM	-0.0075433800	49.200	10.500	12.500	0.0000010000	-0.0000601751	1.1920532378E-8	-0.0000031424	6.2048368230E-10	5.500	21.700
6/20/2022	12:45 AM	-0.0050289200	49.200	10.498	12.500	0.0000010000	-0.0000601618	8.3364690805E-9	-0.0000031417	1.4453624047E-9	5.500	21.700
6/20/2022	12:46 AM	-0.0025144600	49.200	10.499	12.500	0.0000010000	-0.0000601673	5.4361668124E-9	-0.0000031374	7.2559935005E-10	5.500	21.700
6/20/2022	12:46 AM	0.0000000000	49.200	10.498	12.500	0.0000010000	-0.0000601720	4.8865773143E-9	-0.0000031600	3.2247448714E-10	5.500	21.700
6/20/2022	12:47 AM	0.0025144600	49.200	10.501	12.499	0.0000010000	-0.0000601678	9.7965126494E-9	-0.0000031661	6.3011626335E-10	5.500	21.700
6/20/2022	12:48 AM	0.0050289200	49.200	10.505	12.500	0.0000010000	-0.0000601695	4.2924069660E-9	-0.0000031441	2.9154759474E-10	5.500	21.700
6/20/2022	12:48 AM	0.0075433800	49.200	10.496	12.500	0.0000010000	-0.0000601551	5.2692267131E-9	-0.0000031576	4.8476798574E-10	5.500	21.700
6/20/2022	12:49 AM	0.0100578400	49.200	10.502	12.500	0.0000010000	-0.0000601693	1.0441329131E-8	-0.0000031465	8.2540150734E-10	5.500	21.700
6/20/2022	12:50 AM	0.0125723000	49.200	10.499	12.500	0.0000010000	-0.0000601551	1.0598461844E-8	-0.0000031537	4.1402208188E-10	5.500	21.700
6/20/2022	12:50 AM	0.0150867600	49.200	10.497	12.500	0.0000010000	-0.0000601968	7.3406985757E-9	-0.0000031505	7.4031242374E-10	5.500	21.700
6/20/2022	12:51 AM	0.0176012200	49.200	10.500	12.500	0.0000010000	-0.0000601490	1.0730888671E-8	-0.0000031404	2.4494897428E-10	5.500	21.700
6/20/2022	12:52 AM	0.0201156800	49.200	10.500	12.501	0.0000010000	-0.0000601478	7.1775419740E-9	-0.0000031547	1.1788289045E-9	5.500	21.700
6/20/2022	12:52 AM	0.0226301400	49.200	10.500	12.499	0.0000010000	-0.0000601631	7.5834447651E-9	-0.0000031385	1.7421585100E-9	5.500	21.700
6/20/2022	12:53 AM	0.0251446000	49.200	10.500	12.500	0.0000010000	-0.0000601721	6.4507212521E-9	-0.0000031509	2.4494897428E-10	5.500	21.700
6/20/2022	12:54 AM	0.0276590600	49.200	10.501	12.500	0.0000010000	-0.0000601678	5.5823853991E-9	-0.0000031431	8.6811457479E-10	5.500	21.700
6/20/2022	12:54 AM	0.0301735200	49.200	10.499	12.500	0.0000010000	-0.0000601695	5.4668312413E-9	-0.0000031420	6.6099096785E-10	5.500	21.700
6/20/2022	12:55 AM	0.0326879800	49.200	10.497	12.500	0.0000010000	-0.0000601639	6.2462181516E-9	-0.0000031591	8.9526339942E-10	5.500	21.700
6/20/2022	12:56 AM	0.0352024400	49.200	10.501	12.500	0.0000010000	-0.0000601741	6.8629604246E-9	-0.0000031646	9.9865437593E-10	5.500	21.700
6/20/2022	12:56 AM	0.0377169000	49.200	10.499	12.500	0.0000010000	-0.0000601709	7.2374848128E-9	-0.0000031506	1.9259396021E-9	5.500	21.700
6/20/2022	12:57 AM	0.0402313600	49.200	10.496	12.500	0.0000010000	-0.0000601628	7.0826499521E-9	-0.0000031407	1.1707877060E-9	5.500	21.700
6/20/2022	12:58 AM	0.0427458200	49.200	10.504	12.500	0.0000010000	-0.0000601672	5.3639337435E-9	-0.0000031611	3.7742546282E-10	5.500	21.700
6/20/2022	12:59 AM	0.0452602800	49.200	10.500	12.500	0.0000010000	-0.0000601530	8.7400335062E-9	-0.0000031516	7.8880488828E-10	5.500	21.700
6/20/2022	12:59 AM	0.0477747400	49.200	10.499	12.500	0.0000010000	-0.0000601763	4.0092366370E-9	-0.0000031657	1.0144781624E-9	5.500	21.700
6/20/2022	1:00 AM	0.0502892000	49.200	10.502	12.500	0.0000010000	-0.0000601679	9.5107987577E-9	-0.0000031468	1.1775498521E-9	5.500	21.700
6/20/2022	1:01 AM	0.0528036600	49.200	10.497	12.500	0.0000010000	-0.0000601580	4.1727304165E-9	-0.0000031527	2.2247448714E-10	5.500	21.700
6/20/2022	1:01 AM	0.0553181200	49.200	10.498	12.500	0.0000010000	-0.0000601810	6.7334702406E-9	-0.0000031442	1.3915475947E-9	5.500	21.700
6/20/2022	1:02 AM	0.0578325800	49.200	10.498	12.499	0.0000010000	-0.0000601690	5.6178940863E-9	-0.0000031661	1.0359759433E-9	5.500	21.700
6/20/2022	1:03 AM	0.0603470400	49.200	10.501	12.500	0.0000010000	-0.0000601825	8.1262384068E-9	-0.0000031520	1.0918007434E-9	5.500	21.700
6/20/2022	1:03 AM	0.0628615000	49.200	10.503	12.501	0.0000010000	-0.0000601681	9.9465980564E-9	-0.0000031486	5.2867640737E-10	5.500	21.700
6/20/2022	1:04 AM	0.0653759600	49.200	10.499	12.500	0.0000010000	-0.0000601546	7.5230691773E-9	-0.0000031438	1.1191948626E-9	5.500	21.700
6/20/2022	1:05 AM	0.0678904200	49.200	10.502	12.500	0.0000010000	-0.0000601535	6.1530034468E-9	-0.0000031494	1.4950728042E-9	5.500	21.700
6/20/2022	1:05 AM	0.0704048800	49.200	10.496	12.499	0.0000010000	-0.0000601682	6.2455436308E-9	-0.0000031549	6.6571333342E-10	5.500	21.700
6/20/2022	1:06 AM	0.0729193400	49.200	10.499	12.500	0.0000010000	-0.0000601813	8.8684205687E-9	-0.0000031503	4.9154759474E-10	5.500	21.700
6/20/2022	1:07 AM	0.0754338000	49.200	10.501	12.501	0.0000010000	-0.0000601748	6.1730260199E-9	-0.0000031643	2.5495097568E-10	5.500	21.700
6/20/2022	1:07 AM	0.0779482600	49.200	10.500	12.500	0.0000010000	-0.0000601749	9.1150969451E-9	-0.0000031535	1.0704286871E-9	5.500	21.700
6/20/2022	1:08 AM	0.0804627200	49.200	10.502	12.500	0.0000010000	-0.0000601946	6.8890076713E-9	-0.0000031573	6.1719913269E-10	5.500	21.700
6/20/2022	1:09 AM	0.0829771800	49.200	10.497	12.501	0.0000010000	-0.0000601814	9.6552212456E-9	-0.0000031336	1.1368220677E-9	5.500	21.700
6/20/2022	1:10 AM	0.0854916400	49.200	10.504	12.500	0.0000010000	-0.0000601749	9.1693738580E-9	-0.0000031623	1.4652408839E-9	5.500	21.700
6/20/2022	1:10 AM	0.0880061000	49.200	10.501	12.500	0.0000010000	-0.0000601721	7.5442427729E-9	-0.0000031481	3.0955735648E-10	5.500	21.700
6/20/2022	1:11 AM	0.0905205600	49.200	10.498	12.500	0.0000010000	-0.0000601743	7.3374932707E-9	-0.0000031603	1.3554150139E-9	5.500	21.700
6/20/2022	1:12 AM	0.0930350200	49.200	10.497	12.500	0.0000010000	-0.0000601373	7.5307306528E-9	-0.0000031623	6.8728772252E-10	5.500	21.700
6/20/2022	1:12 AM	0.0955494800	49.200	10.500	12.500	0.0000010000	-0.0000601778	8.8813068606E-9	-0.0000031499	5.8615541191E-10	5.500	21.700
6/20/2022	1:13 AM	0.0980639400	49.200	10.495	12.500	0.0000010000	-0.0000601758	6.4747179030E-9	-0.0000031595	2.5612496950E-9	5.500	21.700
6/20/2022	1:14 AM	0.1005784000	49.200	10.498	12.500	0.0000010000	-0.0000601705	6.0960930791E-9	-0.0000031321	1.0953779756E-9	5.500	21.700
6/20/2022	1:14 AM	0.1030928600	49.200	10.502	12.501	0.0000010000	-0.0000601601	8.3560808465E-9	-0.0000031446	5.4063625993E-10	5.500	21.700
6/20/2022	1:15 AM	0.1056073200	49.200	10.498	12.501	0.0000010000	-0.0000601740	1.0761213052E-8	-0.0000031471	5.2867640737E-10	5.500	21.700
6/20/2022	1:16 AM	0.1081217800	49.200	10.497	12.500	0.0000010000	-0.0000601753	8.2113528235E-9	-0.0000031589	1.1477512681E-9	5.500	21.700
6/20/2022	1:16 AM	0.1106362400	49.200	10.500	12.500	0.0000010000	-0.0000601577	1.0781813879E-8	-0.0000031576	5.5811388301E-10	5.500	21.700
6/20/2022	1:17 AM	0.1131507000	49.200	10.505	12.500	0.0000010000	-0.0000601797	7.2243950769E-9	-0.0000031516	9.0392003044E-10	5.500	21.700
6/20/2022	1:18 AM	0.1156651600	49.200	10.495	12.500	0.0000010000	-0.0000601697	6.6469852315E-9	-0.0000031433	6.6571333342E-10	5.500	21.700
6/20/2022	1:18 AM	0.1181796200	49.200	10.500	12.499	0.0000010000	-0.0000601622	9.6626042989E-9	-0.0000031613	8.2958126833E-10	5.500	21.700
6/20/2022	1:19 AM	0.1206940800	49.200	10.505	12.500	0.0000010000	-0.0000601646	8.4933203245E-9	-0.0000031624	2.1719413181E-9	5.500	21.700
6/20/2022	1:20 AM	0.1232085400	44.500	10.498	12.500	0.0000010000	-0.0000601756	5.9538960074E-9	-0.0000031576	9.7193827510E-10	5.500	21.700
6/20/2022	1:20 AM	0.1257230000	44.500	10.500	12.500	0.0000010000	-0.0000601826	6.7971578419E-9	-0.0000031490	7.2166385809E-10	5.500	21.700
6/20/2022	1:21 AM	0.1282374600	44.500	10.502	12.500	0.0000010000	-0.0000601591	5.0546277100E-9	-0.0000031304	2.0586061973E-9	5.500	21.700
6/20/2022	1:22 AM	0.1307519200	44.500	10.499	12.500	0.0000010000	-0.0000601795	9.2347315755E-9	-0.0000031557	8.2775909643E-10	5.500	21.700
6/20/2022	1:22 AM	0.1332663800	44.500	10.497	12.500	0.0000010000	-0.0000601872	6.8264315970E-9	-0.0000031513	3.5495097568E-10	5.500	21.700
6/20/2022	1:23 AM	0.1357808400	44.500	10.496	12.499	0.0000010000	-0.0000601757	1.0133269942E-8	-0.0000031493	5.5355339059E-10	5.500	21.700
6/20/2022	1:24 AM	0.1382953000	44.500	10.502	12.501	0.0000010000	-0.0000601732	1.2657160965E-8	-0.0000031509	7.6588924377E-10	5.500	21.700
6/20/2022	1:25 AM	0.1408097600	44.500	10.502	12.501	0.0000010000	-0.0000601897	7.6255427413E-9	-0.0000031376	7.0126633228E-10	5.500	21.700
6/20/2022	1:25 AM	0.1433242200	44.500	10.497	12.500	0.0000010000	-0.0000601689	8.0040120886E-9	-0.0000047868	1.1904367212E-9	5.500	21.700
6/20/2022	1:26 AM	0.1458386800	44.500	10.503	12.501	0.0000010000	-0.0000601796	9.7772989736E-9	-0.0000047858	9.2764726786E-10	5.500	21.700
6/20/2022	1:27 AM	0.1483531400	44.500	10.498	12.499	0.0000010000	-0.0000601662	1.2055183214E-8	-0.0000047834	7.5355339059E-10	5.500	21.700
6/20/2022	1:27 AM	0.1508676000	44.500	10.499	12.501	0.0000010000	-0.0000601590	1.2168907520E-8	-0.0000047549	5.9261482151E-9	5.500	21.700
6/20/2022	1:28 AM	0.1533820600	44.500	10.504	12.500	0.0000010000	-0.0000601809	6.2729857828E-9	-0.0000047876	4.1402208188E-10	5.500	21.700
6/20/2022	1:29 AM	0.1558965200	44.500	10.500	12.500	0.0000010000	-0.0000601582	1.1833332360E-8	-0.0000047799	7.1863190045E-10	5.500	21.700
6/20/2022	1:29 AM	0.1584109800	44.500	10.499	12.500	0.0000010000	-0.0000601643	6.6735887027E-9	-0.0000047801	9.0801965128E-10	5.500	21.700
6/20/2022	1:30 AM	0.1609254400	44.500	10.496	12.500	0.0000010000	-0.0000601763	1.1286647214E-8	-0.0000047832	1.5218855351E-9	5.500	21.700
6/20/2022	1:31 AM	0.1634399000	44.500	10.496	12.500	0.0000010000	-0.0000601597	9.5809132731E-9	-0.0000047858	4.1306485869E-10	5.500	21.700
6/20/2022	1:31 AM	0.1659543600	44.500	10.504	12.500	0.0000010000	-0.0000601637	6.2193125295E-9	-0.0000047750	1.4950728042E-9	5.500	21.700
6/20/2022	1:32 AM	0.1684688200	44.500	10.500	12.500	0.0000010000	-0.0000601569	7.7941030825E-9	-0.0000048032	5.5259075049E-10	5.500	21.700
6/20/2022	1:33 AM	0.1709832800	44.500	10.497	12.501	0.0000010000	-0.0000601660	8.2337151277E-9	-0.0000047771	1.1000000000E-9	5.500	21.700
6/20/2022	1:33 AM	0.1734977400	44.500	10.501	12.501	0.0000010000	-0.0000601734	9.3298200176E-9	-0.0000047742	1.3741657387E-9	5.500	21.700
6/20/2022	1:34 AM	0.1760122000	44.500	10.503	12.500	0.0000010000	-0.0000601664	1.2523297548E-8	-0.0000048097	1.1082951062E-9	5.500	21.700
6/20/2022	1:35 AM	0.1785266600	44.500	10.506	12.500	0.0000010000	-0.0000601802	8.5294295475E-9	-0.0000047972	6.7185085508E-10	5.500	21.700
6/20/2022	1:35 AM	0.1810411200	44.500	10.500	12.501	0.0000010000	-0.0000601487	7.6987750961E-9	-0.0000047928	8.8350228320E-10	5.500	21.700
6/20/2022	1:36 AM	0.1835555800	44.500	10.497	12.500	0.0000010000	-0.0000601425	1.0793787780E-8	-0.0000047885	2.0000000000E-10	5.500	21.700
6/20/2022	1:37 AM	0.1860700400	44.500	10.496	12.500	0.0000010000	-0.0000601798	1.5682698518E-8	-0.0000047863	1.9495147034E-9	5.500	21.700
6/20/2022	1:37 AM	0.1885845000	44.500	10.495	12.501	0.0000010000	-0.0000601597	2.0812163154E-8	-0.0000047918	1.1039933485E-9	5.500	21.700
6/20/2022	1:38 AM	0.1910989600	44.500	10.499	12.501	0.0000010000	-0.0000601673	3.0710802100E-8	-0.0000047877	3.7416573868E-10	5.500	21.700
6/20/2022	1:39 AM	0.1936134200	44.500	10.496	12.500	0.0000010000	-0.0000601164	2.3396826742E-8	-0.0000047836	8.9569989342E-10	5.500	21.700
6/20/2022	1:39 AM	0.1961278800	44.500	10.496	12.500	0.0000010000	-0.0000601545	9.8042831729E-9	-0.0000047798	5.5355339059E-10	5.500	21.700
6/20/2022	1:40 AM	0.1986423400	44.500	10.496	12.499	0.0000010000	-0.0000601685	8.0410488566E-9	-0.0000047887	7.6923276251E-10	5.500	21.700
6/20/2022	1:41 AM	0.2011568000	44.500	10.501	12.499	0.0000010000	-0.0000601485	8.8715727187E-9	-0.0000047829	1.1090373151E-9	5.500	21.700
6/20/2022	1:42 AM	0.2036712600	44.500	10.502	12.500	0.0000010000	-0.0000601494	5.5543770978E-9	-0.0000047997	6.3851648071E-10	5.500	21.700
6/20/2022	1:42 AM	0.2061857200	44.500	10.497	12.500	0.0000010000	-0.0000601536	7.5130858246E-9	-0.0000047506	4.4512935381E-9	5.500	21.700
6/20/2022	1:43 AM	0.2087001800	44.500	10.497	12.500	0.0000010000	-0.0000601620	9.4905042691E-9	-0.0000047941	6.4031242374E-10	5.500	21.700
6/20/2022	1:44 AM	0.2112146400	44.500	10.505	12.500	0.0000010000	-0.0000601500	1.1527629304E-8	-0.0000047964	3.8708286934E-10	5.500	21.700
6/20/2022	1:44 AM	0.2137291000	44.500	10.493	12.500	0.0000010000	-0.0000601482	1.0044798495E-8	-0.0000047861	2.4494897428E-10	5.500	21.700
6/20/2022	1:45 AM	0.2162435600	44.500	10.499	12.500	0.0000010000	-0.0000601723	1.0012829387E-8	-0.0000047990	5.3911649916E-10	5.500	21.700
6/20/2022	1:46 AM	0.2187580200	44.500	10.500	12.499	0.0000010000	-0.0000601540	8.1470594729E-9	-0.0000048003	7.6278691088E-10	5.500	21.700
6/20/2022	1:46 AM	0.2212724800	44.500	10.497	12.499	0.0000010000	-0.0000601672	5.5257731217E-9	-0.0000047847	1.6206977004E-9	5.500	21.700
6/20/2022	1:47 AM	0.2237869400	44.500	10.501	12.499	0.0000010000	-0.0000601456	5.4315057451E-9	-0.0000047854	4.5355339059E-10	5.500	21.700
6/20/2022	1:48 AM	0.2263014000	44.500	10.509	12.500	0.0000010000	-0.0000601752	5.8686050115E-9	-0.0000047926	6.6571333342E-10	5.500	21.700
6/20/2022	1:48 AM	0.2288158600	44.500	10.508	12.500	0.0000010000	-0.0000601486	1.0019660663E-8	-0.0000047841	8.6391922149E-10	5.500	21.700
6/20/2022	1:49 AM	0.2313303200	44.500	10.497	12.500	0.0000010000	-0.0000601551	3.6883810724E-9	-0.0000048051	4.9664022582E-10	5.500	21.700
6/20/2022	1:50 AM	0.2338447800	44.500	10.504	12.501	0.0000010000	-0.0000601593	6.7014135260E-9	-0.0000047817	1.6707046604E-9	5.500	21.700
6/20/2022	1:50 AM	0.2363592400	44.500	10.492	12.499	0.0000010000	-0.0000601748	1.0999933645E-8	-0.0000048060	9.6397017595E-10	5.500	21.700
6/20/2022	1:51 AM	0.2388737000	44.500	10.497	12.499	0.0000010000	-0.0000601671	4.3835978393E-9	-0.0000047908	2.6146969435E-9	5.500	21.700
6/20/2022	1:52 AM	0.2413881600	44.500	10.501	12.500	0.0000010000	-0.0000601577	1.1540799388E-8	-0.0000047957	5.6368092477E-10	5.500	21.700
6/20/2022	1:52 AM	0.2439026200	44.500	10.498	12.499	0.0000010000	-0.0000601626	9.1624680613E-9	-0.0000047677	2.4568877178E-9	5.500	21.700
6/20/2022	1:53 AM	0.2464170800	44.500	10.497	12.499	0.0000010000	-0.0000601509	8.8278334839E-9	-0.0000047929	5.8615541191E-10	5.500	21.700
6/20/2022	1:54 AM	0.2489315400	44.500	10.499	12.500	0.0000010000	-0.0000601616	5.3287267760E-9	-0.0000048080	1.2641158308E-9	5.500	21.700
6/20/2022	1:55 AM	0.2514460000	44.500	10.500	12.500	0.0000010000	-0.0000601701	8.1139894267E-9	-0.0000047625	2.7785136178E-9	5.500	21.700
6/20/2022	1:55 AM	0.2539604600	44.500	10.501	12.501	0.0000010000	-0.0000601494	7.2157256651E-9	-0.0000047851	1.2120124021E-9	5.500	21.700
6/20/2022	1:56 AM	0.2564749200	44.500	10.496	12.500	0.0000010000	-0.0000601684	9.5513879664E-9	-0.0000047930	4.6159098630E-10	5.500	21.700
6/20/2022	1:57 AM	0.2589893800	44.500	10.506	12.500	0.0000010000	-0.0000601751	6.9302009650E-9	-0.0000047966	3.0955735648E-10	5.500	21.700
6/20/2022	1:57 AM	0.2615038400	44.500	10.501	12.500	0.0000010000	-0.0000601630	1.1096073058E-8	-0.0000048060	1.7845834927E-9	5.500	21.700
6/20/2022	1:58 AM	0.2640183000	44.500	10.503	12.499	0.0000010000	-0.0000601540	1.1683509136E-8	-0.0000047928	1.0385164807E-9	5.500	21.700
6/20/2022	1:59 AM	0.2665327600	44.500	10.497	12.500	0.0000010000	-0.0000601638	6.6351127480E-9	-0.0000047819	6.3011626335E-10	5.500	21.700
6/20/2022	1:59 AM	0.2690472200	44.500	10.501	12.500	0.0000010000	-0.0000601572	9.4632372505E-9	-0.0000047958	9.5770568927E-10	5.500	21.700
6/20/2022	2:00 AM	0.2715616800	44.500	10.501	12.500	0.0000010000	-0.0000601533	8.2492875523E-9	-0.0000047909	2.9154759474E-10	5.500	21.700
6/20/2022	2:01 AM	0.2740761400	44.500	10.493	12.500	0.0000010000	-0.0000601481	8.0759110317E-9	-0.0000047983	3.9154759474E-10	5.500	21.700
6/20/2022	2:01 AM	0.2765906000	44.500	10.495	12.500	0.0000010000	-0.0000601407	8.9350971910E-9	-0.0000047956	9.3794980865E-10	5.500	21.700
6/20/2022	2:02 AM	0.2791050600	44.500	10.500	12.501	0.0000010000	-0.0000601553	1.3454146840E-8	-0.0000047936	7.0397754210E-10	5.500	21.600
6/20/2022	2:03 AM	0.2816195200	44.500	10.496	12.500	0.0000010000	-0.0000601452	9.8332887990E-9	-0.0000047852	1.2836071525E-9	5.500	21.700
6/20/2022	2:03 AM	0.2841339800	44.500	10.509	12.500	0.0000010000	-0.0000601588	5.4868100211E-9	-0.0000047969	7.6278691088E-10	5.500	21.700
6/20/2022	2:04 AM	0.2866484400	44.500	10.506	12.501	0.0000010000	-0.0000601556	5.3389521323E-9	-0.0000047887	6.4802701743E-10	5.500	21.700
6/20/2022	2:05 AM	0.2891629000	44.500	10.498	12.501	0.0000010000	-0.0000601627	8.6052273841E-9	-0.0000047867	6.1719913269E-10	5.500	21.700
6/20/2022	2:06 AM	0.2916773600	44.500	10.500	12.500	0.0000010000	-0.0000601620	5.2102436430E-9	-0.0000047893	9.0349945473E-10	5.500	21.700
6/20/2022	2:06 AM	0.2941918200	44.500	10.499	12.500	0.0000010000	-0.0000601446	5.6857376136E-9	-0.0000047826	7.8102496759E-10	5.500	21.700
6/20/2022	2:07 AM	0.2967062800	44.500	10.497	12.500	0.0000010000	-0.0000601504	7.5250005167E-9	-0.0000047918	4.7602787773E-10	5.500	21.700
6/20/2022	2:08 AM	0.2992207400	44.500	10.499	12.500	0.0000010000	-0.0000601527	9.3512317983E-9	-0.0000047940	1.3217873034E-9	5.500	21.700
6/20/2022	2:08 AM	0.3017352000	44.500	10.501	12.500	0.0000010000	-0.0000601553	9.8378016537E-9	-0.0000047965	2.0000000000E-10	5.500	21.700
6/20/2022	2:09 AM	0.3042496600	44.500	10.496	12.500	0.0000010000	-0.0000601378	8.8284098874E-9	-0.0000047982	5.5259075049E-10	5.500	21.700
6/20/2022	2:10 AM	0.3067641200	44.500	10.501	12.501	0.0000010000	-0.0000601473	7.8765758387E-9	-0.0000047914	9.5910963477E-10	5.500	21.700
6/20/2022	2:10 AM	0.3092785800	44.500	10.500	12.500	0.0000010000	-0.0000601701	8.3894661350E-9	-0.0000048000	8.8190908485E-10	5.500	21.700
6/20/2022	2:11 AM	0.3117930400	44.500	10.497	12.500	0.0000010000	-0.0000601532	1.0411353352E-8	-0.0000047898	6.9256219969E-10	5.500	21.700
6/20/2022	2:12 AM	0.3143075000	44.500	10.505	12.501	0.0000010000	-0.0000601433	1.2159161062E-8	-0.0000048009	5.4649857042E-10	5.500	21.600
6/20/2022	2:12 AM	0.3168219600	44.500	10.500	12.501	0.0000010000	-0.0000601286	1.2709678935E-8	-0.0000047973	7.9123516802E-10	5.500	21.700
6/20/2022	2:13 AM	0.3193364200	44.500	10.503	12.500	0.0000010000	-0.0000601522	1.0048253101E-8	-0.0000048024	8.1763500472E-10	5.500	21.700
6/20/2022	2:14 AM	0.3218508800	44.500	10.500	12.500	0.0000010000	-0.0000601481	1.1214954573E-8	-0.0000047919	1.4668133111E-9	5.500	21.700
6/20/2022	2:14 AM	0.3243653400	44.500	10.503	12.500	0.0000010000	-0.0000601798	1.1531690610E-8	-0.0000047946	6.4510098534E-10	5.500	21.700
6/20/2022	2:15 AM	0.3268798000	44.500	10.493	12.500	0.0000010000	-0.0000601620	8.2819697507E-9	-0.0000047838	2.8708286934E-10	5.500	21.700
6/20/2022	2:16 AM	0.3293942600	44.500	10.502	12.500	0.0000010000	-0.0000601449	5.8141090429E-9	-0.0000048080	9.9466993710E-10	5.500	21.700
6/20/2022	2:16 AM	0.3319087200	44.500	10.501	12.499	0.0000010000	-0.0000601554	8.4640710052E-9	-0.0000047871	4.5355339059E-10	5.500	21.700
6/20/2022	2:17 AM	0.3344231800	44.500	10.499	12.500	0.0000010000	-0.0000601596	7.0171518584E-9	-0.0000047866	1.4677077168E-9	5.500	21.700
6/20/2022	2:18 AM	0.3369376400	44.500	10.501	12.500	0.0000010000	-0.0000601529	7.5954833639E-9	-0.0000047821	7.2097685201E-10	5.500	21.700
6/20/2022	2:18 AM	0.3394521000	44.500	10.506	12.501	0.0000010000	-0.0000601563	9.7260340317E-9	-0.0000047786	8.7413930606E-10	5.500	21.700
6/20/2022	2:19 AM	0.3419665600	44.500	10.498	12.500	0.0000010000	-0.0000601460	3.1061670139E-9	-0.0000047883	5.5355339059E-10	5.500	21.700
6/20/2022	2:20 AM	0.3444810200	44.100	10.499	12.500	0.0000010000	-0.0000601574	1.0099545211E-8	-0.0000048056	7.8366965395E-10	5.500	21.700
6/20/2022	2:21 AM	0.3469954800	44.100	10.500	12.500	0.0000010000	-0.0000601683	5.9036820792E-9	-0.0000047946	2.4494897428E-10	5.500	21.700
6/20/2022	2:21 AM	0.3495099400	44.100	10.496	12.499	0.0000010000	-0.0000601484	1.0505296808E-8	-0.0000048026	6.6099096785E-10	5.500	21.700
6/20/2022	2:22 AM	0.3520244000	44.100	10.501	12.501	0.0000010000	-0.0000601325	7.2584730311E-9	-0.0000047824	1.3062019202E-9	5.500	21.700
6/20/2022	2:23 AM	0.3545388600	44.100	10.497	12.499	0.0000010000	-0.0000601502	7.4894218511E-9	-0.0000048030	9.3186001849E-10	5.500	21.700
6/20/2022	2:23 AM	0.3570533200	44.100	10.505	12.500	0.0000010000	-0.0000601570	6.8922712421E-9	-0.0000048178	1.6121723356E-9	5.500	21.700
6/20/2022	2:24 AM	0.3595677800	44.100	10.496	12.501	0.0000010000	-0.0000601641	6.5440837194E-9	-0.0000047916	9.0801965128E-10	5.500	21.700
6/20/2022	2:25 AM	0.3620822400	44.100	10.510	12.500	0.0000010000	-0.0000601729	8.8793692004E-9	-0.0000047861	1.0112939289E-9	5.500	21.700
6/20/2022	2:25 AM	0.3645967000	44.100	10.505	12.500	0.0000010000	-0.0000601727	9.4661901585E-9	-0.0000047815	4.7863046408E-10	5.500	21.700
6/20/2022	2:26 AM	0.3671111600	44.100	10.501	12.501	0.0000010000	-0.0000601638	1.4874265174E-8	-0.0000047890	9.0990195136E-10	5.500	21.600
6/20/2022	2:27 AM	0.3696256200	44.100	10.507	12.500	0.0000010000	-0.0000601532	9.4253379536E-9	-0.0000047886	4.3011626335E-10	5.500	21.700
6/20/2022	2:27 AM	0.3721400800	44.100	10.495	12.499	0.0000010000	-0.0000601564	5.0694603416E-9	-0.0000047871	6.9196779561E-10	5.500	21.700
6/20/2022	2:28 AM	0.3746545400	44.100	10.500	12.500	0.0000010000	-0.0000601562	7.1726236457E-9	-0.0000047986	3.7742546282E-10	5.500	21.700
6/20/2022	2:29 AM	0.3771690000	44.100	10.500	12.500	0.0000010000	-0.0000601416	5.9910776322E-9	-0.0000048023	8.9096990597E-10	5.500	21.700
6/20/2022	2:29 AM	0.3796834600	44.100	10.501	12.500	0.0000010000	-0.0000601565	9.5689519794E-9	-0.0000047850	9.7831803736E-10	5.500	21.700
6/20/2022	2:30 AM	0.3821979200	44.100	10.498	12.500	0.0000010000	-0.0000601427	8.9693511944E-9	-0.0000048091	5.8615541191E-10	5.400	21.700
6/20/2022	2:31 AM	0.3847123800	44.100	10.494	12.500	0.0000010000	-0.0000601584	7.1597797527E-9	-0.0000047961	8.5166481892E-10	5.500	21.700
6/20/2022	2:31 AM	0.3872268400	44.100	10.505	12.501	0.0000010000	-0.0000601444	8.1962565807E-9	-0.0000047857	1.1224744871E-9	5.500	21.700
6/20/2022	2:32 AM	0.3897413000	44.100	10.502	12.500	0.0000010000	-0.0000601595	5.9244533545E-9	-0.0000047847	4.9154759474E-10	5.500	21.700
6/20/2022	2:33 AM	0.3922557600	44.100	10.498	12.499	0.0000010000	-0.0000601699	5.7055645155E-9	-0.0000048087	1.3144970265E-9	5.500	21.700
6/20/2022	2:33 AM	0.3947702200	44.100	10.494	12.500	0.0000010000	-0.0000601506	7.8064400769E-9	-0.0000047798	1.4447508912E-9	5.500	21.600
6/20/2022	2:34 AM	0.3972846800	44.100	10.502	12.500	0.0000010000	-0.0000601615	7.8655812793E-9	-0.0000047709	2.3906802569E-9	5.500	21.700
6/20/2022	2:35 AM	0.3997991400	44.100	10.503	12.500	0.0000010000	-0.0000601538	7.1092801948E-9	-0.0000047643	3.7310918987E-9	5.500	21.600
