! User Name:	Aditya 
! Sample Name:	FGT_CPS_Device  4_FC 8T
! Sample ID:	FGT/CrPS4
! Date:	6/19/2022	Time:	6:24 AM
! Current Source:	Keithley 224 Current Source
! Voltmeter V1:	Keithley 182 Degital voltmeter
! Voltmeter V2:	Keithley 2182A  NanoVoltmeter
! V1 (volts):	Rxx Device 1
! V2 (volts):	Rxy Device 1
! Max Field (Tesla):0.000000	! Data points (0_maxT:75.000000	! Average Number:5.000000	
! Comments:	FGT/CrPS4 device was made in glove using flaking and dry transfering of flakes. 
! 
! 
! 
! 
Data	Time	Magnetic Field (T)	Helium Level (%)	VTI Temperature (K)	Sample Temparture (K)	Current (A) 	Voltage-1(V)	Std. of V1	Voltage-2 (V)	Std. of V2	VTI  Heater Power (%)	Sample Heater Power (%)
6/19/2022	6:26 AM	0.3004779700	52.000	52.780	54.994	0.0000010000	-0.0000544782	1.3824147077E-8	-0.0000042616	1.7374715756E-9	6.700	27.800
6/19/2022	6:27 AM	0.2979635100	99.000	28.060	30.007	0.0000010000	-0.0000544348	6.4732164849E-9	-0.0000042688	5.6431580324E-10	11.600	34.900
6/19/2022	6:28 AM	0.2954490500	99.000	28.070	30.004	0.0000010000	-0.0000544105	9.5023809118E-9	-0.0000042682	5.8476798574E-10	11.300	34.700
6/19/2022	6:29 AM	0.2929345900	99.000	28.070	30.003	0.0000010000	-0.0000543523	5.5140941497E-9	-0.0000042334	2.2369278659E-9	11.200	34.600
6/19/2022	6:29 AM	0.2904201300	99.000	28.060	30.002	0.0000010000	-0.0000543555	9.9599025502E-9	-0.0000042596	1.8708286934E-10	11.100	34.500
6/19/2022	6:30 AM	0.2879056700	99.000	28.060	30.002	0.0000010000	-0.0000543092	7.8134862205E-9	-0.0000042691	1.1813159295E-9	11.000	34.400
6/19/2022	6:31 AM	0.2853912100	99.000	28.060	30.002	0.0000010000	-0.0000542883	7.4757672015E-9	-0.0000042566	4.5495097568E-10	11.000	34.400
6/19/2022	6:31 AM	0.2828767500	99.000	28.050	30.002	0.0000010000	-0.0000542925	5.8694425507E-9	-0.0000042368	1.0743211997E-9	10.900	34.300
6/19/2022	6:32 AM	0.2803622900	99.000	28.050	30.002	0.0000010000	-0.0000543057	1.1586026235E-8	-0.0000042596	6.4510098534E-10	10.800	34.300
6/19/2022	6:33 AM	0.2778478300	99.000	28.050	30.001	0.0000010000	-0.0000542967	5.7662586731E-9	-0.0000042585	1.3826367553E-9	10.800	34.200
6/19/2022	6:34 AM	0.2753333700	99.000	28.040	30.001	0.0000010000	-0.0000542888	7.9303667792E-9	-0.0000042651	4.7416573868E-10	10.700	34.200
6/19/2022	6:34 AM	0.2728189100	99.000	28.040	30.001	0.0000010000	-0.0000542665	6.2659105592E-9	-0.0000042623	1.0677078252E-9	10.600	34.200
6/19/2022	6:35 AM	0.2703044500	99.000	28.040	30.001	0.0000010000	-0.0000542830	7.0491259700E-9	-0.0000042369	1.8839670108E-9	10.600	34.100
6/19/2022	6:36 AM	0.2677899900	99.000	28.030	30.001	0.0000010000	-0.0000542607	8.6045435149E-9	-0.0000042536	6.7008771255E-10	10.500	34.100
6/19/2022	6:36 AM	0.2652755300	99.000	28.030	30.001	0.0000010000	-0.0000542525	1.0239924431E-8	-0.0000042388	1.9240303665E-9	10.500	34.100
6/19/2022	6:37 AM	0.2627610700	99.000	28.030	30.001	0.0000010000	-0.0000542448	9.2240048063E-9	-0.0000042050	5.2185216806E-9	10.500	34.000
6/19/2022	6:38 AM	0.2602466100	99.000	28.030	30.001	0.0000010000	-0.0000542493	4.3487130724E-9	-0.0000042481	8.3661732999E-10	10.400	34.000
6/19/2022	6:38 AM	0.2577321500	99.000	28.030	30.001	0.0000010000	-0.0000542617	7.4789252942E-9	-0.0000042437	1.3856353705E-9	10.400	34.000
6/19/2022	6:39 AM	0.2552176900	99.000	28.020	30.001	0.0000010000	-0.0000542614	1.1260088204E-8	-0.0000042403	1.0469333247E-9	10.400	34.000
6/19/2022	6:40 AM	0.2527032300	99.000	28.020	30.001	0.0000010000	-0.0000542582	7.8441635030E-9	-0.0000042444	1.5323866476E-9	10.300	33.900
6/19/2022	6:40 AM	0.2501887700	99.000	28.020	30.001	0.0000010000	-0.0000542653	5.5326178413E-9	-0.0000042648	6.8476798574E-10	10.300	33.900
6/19/2022	6:41 AM	0.2476743100	99.000	28.020	30.001	0.0000010000	-0.0000542522	1.1637371721E-8	-0.0000042613	1.0765348119E-9	10.200	33.900
6/19/2022	6:42 AM	0.2451598500	99.000	28.020	30.001	0.0000010000	-0.0000542515	1.2082494013E-8	-0.0000042675	5.2867640737E-10	10.200	33.800
6/19/2022	6:42 AM	0.2426453900	99.000	28.020	30.001	0.0000010000	-0.0000542565	1.0875271541E-8	-0.0000042497	7.5522851952E-10	10.200	33.800
6/19/2022	6:43 AM	0.2401309300	99.000	28.020	30.001	0.0000010000	-0.0000542362	6.8854885928E-9	-0.0000042641	7.8880488828E-10	10.100	33.800
6/19/2022	6:44 AM	0.2376164700	99.000	28.020	30.001	0.0000010000	-0.0000542547	1.1047779087E-8	-0.0000042484	6.6368092477E-10	10.100	33.800
6/19/2022	6:44 AM	0.2351020100	99.000	28.020	30.000	0.0000010000	-0.0000542590	1.0769066650E-8	-0.0000042611	1.5141579555E-9	10.100	33.800
6/19/2022	6:45 AM	0.2325875500	99.000	28.020	30.001	0.0000010000	-0.0000542647	8.2964042636E-9	-0.0000042465	9.1268221939E-10	10.100	33.800
6/19/2022	6:46 AM	0.2300730900	99.000	28.020	30.000	0.0000010000	-0.0000542468	9.8887644576E-9	-0.0000042598	4.7602787773E-10	10.100	33.700
6/19/2022	6:47 AM	0.2275586300	99.000	28.010	30.000	0.0000010000	-0.0000542473	4.5254044807E-9	-0.0000042560	3.7742546282E-10	10.000	33.700
6/19/2022	6:47 AM	0.2250441700	99.000	28.010	30.001	0.0000010000	-0.0000542593	7.9914871942E-9	-0.0000042446	6.0724247288E-10	10.000	33.700
6/19/2022	6:48 AM	0.2225297100	99.000	28.020	30.001	0.0000010000	-0.0000542442	7.3776178815E-9	-0.0000042677	1.0025581909E-9	10.000	33.700
6/19/2022	6:49 AM	0.2200152500	99.000	28.010	30.001	0.0000010000	-0.0000542402	1.1832801331E-8	-0.0000042579	8.7464278423E-10	10.000	33.700
6/19/2022	6:49 AM	0.2175007900	99.000	28.010	30.000	0.0000010000	-0.0000542666	1.1118091644E-8	-0.0000042456	1.0519202405E-9	10.000	33.700
6/19/2022	6:50 AM	0.2149863300	99.000	28.010	30.000	0.0000010000	-0.0000542356	1.0186894984E-8	-0.0000042533	6.8190908485E-10	9.900	33.600
6/19/2022	6:51 AM	0.2124718700	99.000	28.010	30.000	0.0000010000	-0.0000542524	8.6685358443E-9	-0.0000042557	3.9633576589E-10	9.900	33.600
6/19/2022	6:51 AM	0.2099574100	99.000	28.010	30.000	0.0000010000	-0.0000542307	8.3638372607E-9	-0.0000042723	7.7439472766E-10	9.900	33.600
6/19/2022	6:52 AM	0.2074429500	99.000	28.010	30.001	0.0000010000	-0.0000542651	9.0776048284E-9	-0.0000042531	4.0000000000E-10	9.900	33.600
6/19/2022	6:53 AM	0.2049284900	99.000	28.010	30.000	0.0000010000	-0.0000542623	8.9397367942E-9	-0.0000042414	5.9406747484E-10	9.900	33.600
6/19/2022	6:54 AM	0.2024140300	99.000	28.010	30.001	0.0000010000	-0.0000542353	8.5994352564E-9	-0.0000042548	8.4031242374E-10	9.800	33.600
6/19/2022	6:54 AM	0.1998995700	0.900	28.010	30.000	0.0000010000	-0.0000542481	7.6753775010E-9	-0.0000042450	1.8201469214E-9	9.800	33.600
6/19/2022	6:55 AM	0.1973851100	99.000	28.010	30.000	0.0000010000	-0.0000542258	1.0351482193E-8	-0.0000042592	1.2247448714E-10	9.800	33.600
6/19/2022	6:56 AM	0.1948706500	99.000	28.010	30.000	0.0000010000	-0.0000542301	6.2859435677E-9	-0.0000042196	4.4853863588E-9	9.800	33.600
6/19/2022	6:56 AM	0.1923561900	99.000	28.010	30.000	0.0000010000	-0.0000542358	7.5163453216E-9	-0.0000042386	9.0471787406E-10	9.800	33.600
6/19/2022	6:57 AM	0.1898417300	99.000	28.010	30.001	0.0000010000	-0.0000542503	5.6158237063E-9	-0.0000042534	1.3403564429E-9	9.800	33.500
6/19/2022	6:58 AM	0.1873272700	99.000	28.010	30.000	0.0000010000	-0.0000542494	7.8748793670E-9	-0.0000042683	2.3435460005E-9	9.800	33.500
6/19/2022	6:58 AM	0.1848128100	99.000	28.010	30.000	0.0000010000	-0.0000542503	1.1862529254E-8	-0.0000042516	2.2247448714E-10	9.800	33.500
6/19/2022	6:59 AM	0.1822983500	99.000	28.010	30.000	0.0000010000	-0.0000542396	6.9660636197E-9	-0.0000042690	1.8874436926E-9	9.800	33.500
6/19/2022	7:00 AM	0.1797838900	99.000	28.010	30.000	0.0000010000	-0.0000542313	3.6012308967E-9	-0.0000042656	4.9154759474E-10	9.700	33.500
6/19/2022	7:00 AM	0.1772694300	99.000	28.010	30.000	0.0000010000	-0.0000542499	6.4653636960E-9	-0.0000042637	1.0091825995E-9	9.700	33.500
6/19/2022	7:01 AM	0.1747549700	99.000	28.010	30.000	0.0000010000	-0.0000542404	6.5536570848E-9	-0.0000042435	1.0154753215E-9	9.700	33.500
6/19/2022	7:02 AM	0.1722405100	99.000	28.010	30.000	0.0000010000	-0.0000542424	1.0962933200E-8	-0.0000042425	3.5801319680E-9	9.700	33.500
6/19/2022	7:02 AM	0.1697260500	99.000	28.010	30.000	0.0000010000	-0.0000542201	8.7857343783E-9	-0.0000042499	1.7435088170E-9	9.700	33.500
6/19/2022	7:03 AM	0.1672115900	99.000	28.010	30.000	0.0000010000	-0.0000542259	8.0500679724E-9	-0.0000042495	7.9346745639E-10	9.700	33.500
6/19/2022	7:04 AM	0.1646971300	99.000	28.010	30.000	0.0000010000	-0.0000542161	8.4489680965E-9	-0.0000042523	7.2771912927E-10	9.700	33.500
6/19/2022	7:04 AM	0.1621826700	99.000	28.010	30.000	0.0000010000	-0.0000542454	9.7426254012E-9	-0.0000042514	8.3006407546E-10	9.700	33.500
6/19/2022	7:05 AM	0.1596682100	99.000	28.010	30.000	0.0000010000	-0.0000542295	1.0494303541E-8	-0.0000042248	2.8984132776E-9	9.700	33.500
6/19/2022	7:06 AM	0.1571537500	99.000	28.010	30.000	0.0000010000	-0.0000542269	9.7976110811E-9	-0.0000042481	1.1677078252E-9	9.700	33.500
6/19/2022	7:06 AM	0.1546392900	99.000	28.010	30.000	0.0000010000	-0.0000542314	9.1152160774E-9	-0.0000042587	3.5811388301E-10	9.600	33.500
6/19/2022	7:07 AM	0.1521248300	99.000	28.010	30.000	0.0000010000	-0.0000542269	9.6796454628E-9	-0.0000042427	1.7734966297E-9	9.600	33.500
6/19/2022	7:08 AM	0.1496103700	99.000	28.010	30.000	0.0000010000	-0.0000542207	8.6777602435E-9	-0.0000042527	1.2167201788E-9	9.600	33.400
6/19/2022	7:08 AM	0.1470959100	99.000	28.010	30.000	0.0000010000	-0.0000542237	9.6996797280E-9	-0.0000042696	9.2736184955E-10	9.600	33.400
6/19/2022	7:09 AM	0.1445814500	99.000	28.010	30.000	0.0000010000	-0.0000542237	4.3585284994E-9	-0.0000042569	2.4494897428E-10	9.600	33.500
6/19/2022	7:10 AM	0.1420669900	99.000	28.010	30.000	0.0000010000	-0.0000542287	7.6551854161E-9	-0.0000042688	1.0695359715E-9	9.600	33.500
6/19/2022	7:10 AM	0.1395525300	99.000	28.010	30.000	0.0000010000	-0.0000542271	7.3046235464E-9	-0.0000042510	1.2806248475E-9	9.600	33.400
6/19/2022	7:11 AM	0.1370380700	99.000	28.010	30.000	0.0000010000	-0.0000542337	6.7297876252E-9	-0.0000042626	7.5522851952E-10	9.600	33.500
6/19/2022	7:12 AM	0.1345236100	99.000	28.010	30.000	0.0000010000	-0.0000542300	7.3623350808E-9	-0.0000042458	1.2423728323E-9	9.600	33.400
6/19/2022	7:13 AM	0.1320091500	99.000	28.010	30.000	0.0000010000	-0.0000542214	7.1459061413E-9	-0.0000042613	8.3006407546E-10	9.600	33.400
6/19/2022	7:13 AM	0.1294946900	99.000	28.010	30.001	0.0000010000	-0.0000542270	1.1179561640E-8	-0.0000042646	6.8506723903E-10	9.500	33.400
6/19/2022	7:14 AM	0.1269802300	99.000	28.010	30.000	0.0000010000	-0.0000542079	9.9753850531E-9	-0.0000042131	3.9368368865E-9	9.500	33.400
6/19/2022	7:15 AM	0.1244657700	99.000	28.000	30.000	0.0000010000	-0.0000542401	9.1422591308E-9	-0.0000042714	1.1857741531E-9	9.500	33.400
6/19/2022	7:15 AM	0.1219513100	99.000	28.000	30.000	0.0000010000	-0.0000542370	9.8603824879E-9	-0.0000042561	1.0232844665E-9	9.500	33.400
6/19/2022	7:16 AM	0.1194368500	99.000	28.000	30.000	0.0000010000	-0.0000542237	8.4098933707E-9	-0.0000042458	9.2764726786E-10	9.500	33.400
6/19/2022	7:17 AM	0.1169223900	99.000	28.000	30.000	0.0000010000	-0.0000542303	7.4206512440E-9	-0.0000042331	1.1437704174E-9	9.500	33.400
6/19/2022	7:17 AM	0.1144079300	99.000	28.010	30.000	0.0000010000	-0.0000542257	7.3135843009E-9	-0.0000042580	1.4481309502E-9	9.500	33.400
6/19/2022	7:18 AM	0.1118934700	99.000	28.010	30.000	0.0000010000	-0.0000542176	7.9164921168E-9	-0.0000042530	8.0756655164E-10	9.500	33.400
6/19/2022	7:19 AM	0.1093790100	90.800	28.000	30.000	0.0000010000	-0.0000542181	8.3838627334E-9	-0.0000042317	1.7475315228E-9	9.500	33.400
6/19/2022	7:19 AM	0.1068645500	90.800	28.000	30.000	0.0000010000	-0.0000542321	3.9798889581E-9	-0.0000042520	7.1863190045E-10	9.500	33.400
6/19/2022	7:20 AM	0.1043500900	90.800	28.000	30.000	0.0000010000	-0.0000542380	1.2056131945E-8	-0.0000042608	4.4203384502E-10	9.500	33.400
6/19/2022	7:21 AM	0.1018356300	90.800	28.000	30.000	0.0000010000	-0.0000542169	1.1873183685E-8	-0.0000042641	9.7403707289E-10	9.500	33.400
6/19/2022	7:21 AM	0.0993211700	90.800	28.000	30.000	0.0000010000	-0.0000542128	1.0534738215E-8	-0.0000042505	3.7742546282E-10	9.500	33.400
6/19/2022	7:22 AM	0.0968067100	90.800	28.000	30.000	0.0000010000	-0.0000542259	1.1321046672E-8	-0.0000042542	5.8309518948E-10	9.500	33.400
6/19/2022	7:23 AM	0.0942922500	90.800	28.000	30.000	0.0000010000	-0.0000542209	7.3434475539E-9	-0.0000042473	7.6278691088E-10	9.500	33.400
6/19/2022	7:23 AM	0.0917777900	90.800	28.000	30.000	0.0000010000	-0.0000542104	8.7039927430E-9	-0.0000042415	4.2517812081E-9	9.500	33.400
6/19/2022	7:24 AM	0.0892633300	90.800	28.000	30.000	0.0000010000	-0.0000542294	5.5922219258E-9	-0.0000042653	2.8708286934E-10	9.500	33.400
6/19/2022	7:25 AM	0.0867488700	90.800	28.000	30.000	0.0000010000	-0.0000542186	5.1325711568E-9	-0.0000042509	2.0327367515E-9	9.400	33.400
6/19/2022	7:25 AM	0.0842344100	90.800	28.000	30.000	0.0000010000	-0.0000542386	1.1936872513E-8	-0.0000042239	2.6255039789E-9	9.400	33.400
6/19/2022	7:26 AM	0.0817199500	90.800	28.000	30.000	0.0000010000	-0.0000542290	9.6091346918E-9	-0.0000042571	1.3995440896E-9	9.400	33.400
6/19/2022	7:27 AM	0.0792054900	90.800	28.000	30.000	0.0000010000	-0.0000542199	8.7977081851E-9	-0.0000042519	4.9989994996E-10	9.400	33.400
6/19/2022	7:28 AM	0.0766910300	90.800	28.000	30.000	0.0000010000	-0.0000542100	6.2637933242E-9	-0.0000042433	1.4598797393E-9	9.400	33.400
6/19/2022	7:28 AM	0.0741765700	90.800	28.000	30.000	0.0000010000	-0.0000542346	1.1092500580E-8	-0.0000042327	1.6341782381E-9	9.400	33.400
6/19/2022	7:29 AM	0.0716621100	0.900	28.000	30.000	0.0000010000	-0.0000542106	5.6830190744E-9	-0.0000042470	4.7863046408E-10	9.400	33.400
6/19/2022	7:30 AM	0.0691476500	90.800	28.000	30.000	0.0000010000	-0.0000542235	8.8434778332E-9	-0.0000042476	9.0471787406E-10	9.400	33.400
6/19/2022	7:30 AM	0.0666331900	90.800	28.000	30.000	0.0000010000	-0.0000541987	6.0827576953E-9	-0.0000042575	7.1863190045E-10	9.400	33.400
6/19/2022	7:31 AM	0.0641187300	90.800	28.000	30.000	0.0000010000	-0.0000542240	9.2038652747E-9	-0.0000042368	2.2882730083E-9	9.400	33.400
6/19/2022	7:32 AM	0.0616042700	90.800	28.000	30.000	0.0000010000	-0.0000542094	8.6489637938E-9	-0.0000042592	6.4802701743E-10	9.400	33.400
6/19/2022	7:32 AM	0.0590898100	90.800	28.000	30.000	0.0000010000	-0.0000542019	1.0270446724E-8	-0.0000042546	7.8366965395E-10	9.400	33.400
6/19/2022	7:33 AM	0.0565753500	90.800	28.000	30.000	0.0000010000	-0.0000542235	8.5786658807E-9	-0.0000042523	3.7416573868E-10	9.400	33.400
6/19/2022	7:34 AM	0.0540608900	90.800	28.000	30.000	0.0000010000	-0.0000542205	7.0276210953E-9	-0.0000042541	9.9386581434E-10	9.400	33.400
6/19/2022	7:34 AM	0.0515464300	90.800	28.000	30.000	0.0000010000	-0.0000542249	7.2936996887E-9	-0.0000042459	9.6909381853E-10	9.400	33.400
6/19/2022	7:35 AM	0.0490319700	90.800	28.000	30.000	0.0000010000	-0.0000542096	9.0097107790E-9	-0.0000042530	9.6592582629E-10	9.400	33.400
6/19/2022	7:36 AM	0.0465175100	90.800	28.000	29.999	0.0000010000	-0.0000542201	6.8293643603E-9	-0.0000042520	4.9746807650E-10	9.400	33.400
6/19/2022	7:36 AM	0.0440030500	90.800	28.000	30.000	0.0000010000	-0.0000542269	1.1258067313E-8	-0.0000042625	1.2343982654E-9	9.400	33.400
6/19/2022	7:37 AM	0.0414885900	90.800	28.000	30.000	0.0000010000	-0.0000542212	8.2562232883E-9	-0.0000042666	9.8102496759E-10	9.400	33.400
6/19/2022	7:38 AM	0.0389741300	90.800	28.000	30.000	0.0000010000	-0.0000542158	1.0016563378E-8	-0.0000042617	6.5632839974E-10	9.400	33.400
6/19/2022	7:38 AM	0.0364596700	90.800	28.000	30.000	0.0000010000	-0.0000542261	1.0539760263E-8	-0.0000042489	1.0002039759E-9	9.400	33.400
6/19/2022	7:39 AM	0.0339452100	90.800	28.000	30.000	0.0000010000	-0.0000542207	1.2269755772E-8	-0.0000042572	8.9379718813E-10	9.400	33.400
6/19/2022	7:40 AM	0.0314307500	90.800	28.000	30.000	0.0000010000	-0.0000542307	6.1054081073E-9	-0.0000042550	2.3187074255E-9	9.400	33.400
6/19/2022	7:40 AM	0.0289162900	90.800	28.000	30.000	0.0000010000	-0.0000542112	4.3400911329E-9	-0.0000042621	6.4510098534E-10	9.400	33.400
6/19/2022	7:41 AM	0.0264018300	90.800	28.000	30.000	0.0000010000	-0.0000542163	4.8491071402E-9	-0.0000042566	5.4063625993E-10	9.400	33.400
6/19/2022	7:42 AM	0.0238873700	90.800	28.000	30.000	0.0000010000	-0.0000542151	1.0948710681E-8	-0.0000042662	1.6072664040E-9	9.400	33.400
6/19/2022	7:42 AM	0.0213729100	90.800	28.000	30.000	0.0000010000	-0.0000542012	6.3046996011E-9	-0.0000042635	1.4225879254E-9	9.400	33.400
6/19/2022	7:43 AM	0.0188584500	90.800	28.000	30.000	0.0000010000	-0.0000542084	1.2487941397E-8	-0.0000042626	1.1238369250E-9	9.400	33.400
6/19/2022	7:44 AM	0.0163439900	90.800	28.000	30.000	0.0000010000	-0.0000542293	8.0248578683E-9	-0.0000042499	4.1402208188E-10	9.400	33.400
6/19/2022	7:44 AM	0.0138295300	90.800	28.000	30.000	0.0000010000	-0.0000542087	7.1411214576E-9	-0.0000042506	7.5522851952E-10	9.400	33.400
6/19/2022	7:45 AM	0.0113150700	90.800	28.000	30.000	0.0000010000	-0.0000542097	9.9628054132E-9	-0.0000042678	5.0620192023E-10	9.400	33.400
6/19/2022	7:46 AM	0.0088006100	90.800	28.000	30.000	0.0000010000	-0.0000542230	8.5516829460E-9	-0.0000042602	1.0337686373E-9	9.400	33.400
6/19/2022	7:46 AM	0.0062861500	90.800	28.000	30.000	0.0000010000	-0.0000541994	7.5586276559E-9	-0.0000042451	2.0033215172E-9	9.400	33.400
6/19/2022	7:47 AM	0.0037716900	90.800	28.000	30.000	0.0000010000	-0.0000542064	9.9527859213E-9	-0.0000042371	1.9058722109E-9	9.400	33.400
6/19/2022	7:48 AM	0.0012572300	90.800	28.000	30.000	0.0000010000	-0.0000542132	7.4378517480E-9	-0.0000042743	1.2993347167E-9	9.400	33.400
6/19/2022	7:49 AM	-0.0012572300	90.800	28.000	30.000	0.0000010000	-0.0000542085	1.0565584223E-8	-0.0000042537	6.8728772252E-10	9.400	33.400
6/19/2022	7:49 AM	-0.0037716900	90.800	28.000	30.000	0.0000010000	-0.0000542093	1.1044079650E-8	-0.0000042516	3.8708286934E-10	9.400	33.400
6/19/2022	7:50 AM	-0.0062861500	90.800	28.000	30.000	0.0000010000	-0.0000542167	7.4030215028E-9	-0.0000042412	7.4031242374E-10	9.300	33.400
6/19/2022	7:51 AM	-0.0088006100	90.800	28.000	30.000	0.0000010000	-0.0000541983	9.3871683748E-9	-0.0000042451	1.1070229163E-9	9.400	33.400
6/19/2022	7:51 AM	-0.0113150700	90.800	27.980	29.998	0.0000010000	-0.0000541749	9.0329346187E-9	-0.0000042471	8.6391922149E-10	9.400	33.500
6/19/2022	7:52 AM	-0.0138295300	90.800	27.990	30.000	0.0000010000	-0.0000541802	6.5500580156E-9	-0.0000042374	1.1901823123E-9	9.400	33.500
6/19/2022	7:53 AM	-0.0163439900	90.800	28.000	30.000	0.0000010000	-0.0000541810	7.1637244596E-9	-0.0000042379	1.7516774767E-9	9.400	33.400
6/19/2022	7:53 AM	-0.0188584500	90.800	28.000	30.001	0.0000010000	-0.0000541881	1.1356597279E-8	-0.0000042618	3.4608128489E-10	9.400	33.400
6/19/2022	7:54 AM	-0.0213729100	90.800	28.000	30.000	0.0000010000	-0.0000541649	3.4051289486E-9	-0.0000042667	1.8496232200E-9	9.400	33.500
6/19/2022	7:55 AM	-0.0238873700	90.800	28.000	30.000	0.0000010000	-0.0000541848	7.9483239517E-9	-0.0000042527	9.6205775687E-10	9.400	33.400
6/19/2022	7:55 AM	-0.0264018300	90.800	28.000	30.000	0.0000010000	-0.0000541737	1.1025438719E-8	-0.0000042288	2.1324493112E-9	9.400	33.400
6/19/2022	7:56 AM	-0.0289162900	90.800	28.000	30.000	0.0000010000	-0.0000541686	8.9543370627E-9	-0.0000042610	7.2166385809E-10	9.400	33.400
6/19/2022	7:57 AM	-0.0314307500	90.800	28.000	30.000	0.0000010000	-0.0000541709	9.3999126912E-9	-0.0000042562	8.9206987131E-10	9.400	33.400
6/19/2022	7:57 AM	-0.0339452100	90.800	28.000	30.000	0.0000010000	-0.0000541764	1.0258097084E-8	-0.0000042317	1.9287222964E-9	9.400	33.400
6/19/2022	7:58 AM	-0.0364596700	90.800	28.000	30.000	0.0000010000	-0.0000541775	1.3353705588E-8	-0.0000042539	2.2247448714E-10	9.400	33.400
6/19/2022	7:59 AM	-0.0389741300	90.800	28.000	30.000	0.0000010000	-0.0000541899	5.7342986186E-9	-0.0000042459	1.8691573774E-9	9.400	33.400
6/19/2022	7:59 AM	-0.0414885900	90.800	28.000	30.000	0.0000010000	-0.0000541723	4.2354220863E-9	-0.0000042446	7.8366965395E-10	9.400	33.400
6/19/2022	8:00 AM	-0.0440030500	90.800	28.000	30.000	0.0000010000	-0.0000541869	9.6387337056E-9	-0.0000042645	1.5231504972E-9	9.400	33.400
6/19/2022	8:01 AM	-0.0465175100	90.800	28.000	30.000	0.0000010000	-0.0000541779	8.7120662206E-9	-0.0000042569	7.6278691088E-10	9.400	33.500
6/19/2022	8:01 AM	-0.0490319700	90.800	28.000	30.000	0.0000010000	-0.0000541828	7.8856129648E-9	-0.0000042356	1.6431225894E-9	9.400	33.500
6/19/2022	8:02 AM	-0.0515464300	90.800	28.000	30.000	0.0000010000	-0.0000541778	8.9157938996E-9	-0.0000042566	5.2619936849E-10	9.400	33.400
6/19/2022	8:03 AM	-0.0540608900	90.800	28.000	30.000	0.0000010000	-0.0000541693	1.3081670698E-8	-0.0000042335	1.7426916525E-9	9.400	33.400
6/19/2022	8:03 AM	-0.0565753500	90.800	28.000	30.000	0.0000010000	-0.0000541726	8.4959553224E-9	-0.0000042589	7.8102496759E-10	9.400	33.400
6/19/2022	8:04 AM	-0.0590898100	90.800	28.000	30.000	0.0000010000	-0.0000541813	8.1862862342E-9	-0.0000042658	1.2120124021E-9	9.400	33.500
6/19/2022	8:05 AM	-0.0616042700	90.800	28.000	30.000	0.0000010000	-0.0000541841	1.1544409842E-8	-0.0000042567	7.4031242374E-10	9.400	33.400
6/19/2022	8:05 AM	-0.0641187300	90.800	28.000	30.000	0.0000010000	-0.0000541746	4.6093569881E-9	-0.0000042546	2.9154759474E-10	9.400	33.400
6/19/2022	8:06 AM	-0.0666331900	90.800	28.000	30.000	0.0000010000	-0.0000541696	6.1398547252E-9	-0.0000042600	5.2867640737E-10	9.400	33.500
6/19/2022	8:07 AM	-0.0691476500	90.800	28.000	30.000	0.0000010000	-0.0000541699	1.3310692033E-8	-0.0000042561	3.5495097568E-10	9.400	33.400
6/19/2022	8:07 AM	-0.0716621100	90.800	28.000	30.000	0.0000010000	-0.0000541832	8.2959783310E-9	-0.0000042137	3.6785054262E-9	9.400	33.400
6/19/2022	8:08 AM	-0.0741765700	90.800	28.000	30.000	0.0000010000	-0.0000541922	7.2923797328E-9	-0.0000042438	8.9379718813E-10	9.400	33.400
6/19/2022	8:09 AM	-0.0766910300	90.800	28.000	30.000	0.0000010000	-0.0000541701	9.6377343792E-9	-0.0000042341	1.9963061900E-9	9.400	33.400
6/19/2022	8:09 AM	-0.0792054900	90.800	28.000	30.000	0.0000010000	-0.0000541959	6.8879749540E-9	-0.0000042654	1.3435280285E-9	9.400	33.400
6/19/2022	8:10 AM	-0.0817199500	90.800	28.000	30.000	0.0000010000	-0.0000541867	6.2670670097E-9	-0.0000042601	1.1803670365E-9	9.400	33.500
6/19/2022	8:11 AM	-0.0842344100	90.800	28.000	30.000	0.0000010000	-0.0000541619	6.3111445035E-9	-0.0000042572	2.8708286934E-10	9.400	33.500
6/19/2022	8:12 AM	-0.0867488700	90.800	28.000	30.000	0.0000010000	-0.0000541706	9.1820791162E-9	-0.0000042300	1.7042947632E-9	9.400	33.400
6/19/2022	8:12 AM	-0.0892633300	90.800	28.000	30.000	0.0000010000	-0.0000541584	7.4075394792E-9	-0.0000042556	8.1240384046E-10	9.400	33.400
6/19/2022	8:13 AM	-0.0917777900	90.800	28.000	30.001	0.0000010000	-0.0000541866	9.1226405869E-9	-0.0000042476	5.8823014636E-10	9.400	33.500
6/19/2022	8:14 AM	-0.0942922500	0.900	28.000	30.000	0.0000010000	-0.0000541716	9.5087444087E-9	-0.0000042395	2.2310517261E-9	9.400	33.400
6/19/2022	8:14 AM	-0.0968067100	90.800	28.000	30.000	0.0000010000	-0.0000541699	1.0481983882E-8	-0.0000042642	3.4608128489E-10	9.400	33.500
6/19/2022	8:15 AM	-0.0993211700	90.800	28.000	30.000	0.0000010000	-0.0000541805	6.5800801846E-9	-0.0000032668	1.7767748366E-7	9.400	33.400
6/19/2022	8:16 AM	-0.1018356300	90.800	28.000	30.000	0.0000010000	-0.0000541711	5.5172139579E-9	-0.0000028117	1.0841646071E-9	9.400	33.400
6/19/2022	8:16 AM	-0.1043500900	90.800	28.000	30.000	0.0000010000	-0.0000541812	5.9268667536E-9	-0.0000028315	8.2158383626E-10	9.400	33.400
6/19/2022	8:17 AM	-0.1068645500	90.800	28.000	30.000	0.0000010000	-0.0000541643	5.5214322767E-9	-0.0000028297	1.1380062113E-9	9.400	33.400
6/19/2022	8:18 AM	-0.1093790100	90.800	28.000	30.000	0.0000010000	-0.0000541704	9.1794759755E-9	-0.0000028148	1.1086041933E-9	9.400	33.400
6/19/2022	8:18 AM	-0.1118934700	90.800	28.000	30.000	0.0000010000	-0.0000541786	8.8304069065E-9	-0.0000028131	4.3011626335E-10	9.400	33.500
6/19/2022	8:19 AM	-0.1144079300	87.300	28.000	30.000	0.0000010000	-0.0000541706	8.6087397402E-9	-0.0000028302	6.8506723903E-10	9.400	33.400
6/19/2022	8:20 AM	-0.1169223900	87.300	28.000	30.000	0.0000010000	-0.0000541632	7.7286595362E-9	-0.0000028348	8.6899195419E-10	9.400	33.400
6/19/2022	8:20 AM	-0.1194368500	87.300	28.000	30.000	0.0000010000	-0.0000541788	5.1634751105E-9	-0.0000028200	3.9154759474E-10	9.400	33.400
6/19/2022	8:21 AM	-0.1219513100	87.300	28.000	30.000	0.0000010000	-0.0000541954	1.0460346006E-8	-0.0000028257	8.2739529308E-10	9.400	33.500
6/19/2022	8:22 AM	-0.1244657700	87.300	28.000	30.000	0.0000010000	-0.0000541663	1.3249015339E-8	-0.0000028365	9.6810783693E-10	9.400	33.400
6/19/2022	8:22 AM	-0.1269802300	87.300	28.000	30.000	0.0000010000	-0.0000541600	1.0391463438E-8	-0.0000028281	1.0385521876E-9	9.400	33.400
6/19/2022	8:23 AM	-0.1294946900	87.300	28.000	30.000	0.0000010000	-0.0000541621	1.0090679575E-8	-0.0000028168	8.1414284285E-10	9.400	33.400
6/19/2022	8:24 AM	-0.1320091500	87.300	28.000	30.000	0.0000010000	-0.0000541805	5.9771187985E-9	-0.0000028108	5.8476798574E-10	9.400	33.400
6/19/2022	8:24 AM	-0.1345236100	87.300	28.000	30.000	0.0000010000	-0.0000541670	1.0158437285E-8	-0.0000028297	3.5811388301E-10	9.400	33.400
6/19/2022	8:25 AM	-0.1370380700	87.300	28.000	30.000	0.0000010000	-0.0000541712	6.3499228169E-9	-0.0000028229	4.6159098630E-10	9.400	33.400
6/19/2022	8:26 AM	-0.1395525300	87.300	28.000	30.000	0.0000010000	-0.0000541695	6.0263134405E-9	-0.0000028045	1.5652475842E-9	9.400	33.400
6/19/2022	8:27 AM	-0.1420669900	87.300	28.000	30.000	0.0000010000	-0.0000541678	9.3516895005E-9	-0.0000028307	1.0765348119E-9	9.400	33.500
6/19/2022	8:27 AM	-0.1445814500	87.300	28.000	30.000	0.0000010000	-0.0000541862	4.6925810310E-9	-0.0000028091	1.2024029905E-9	9.400	33.400
6/19/2022	8:28 AM	-0.1470959100	87.300	28.000	30.000	0.0000010000	-0.0000541666	1.1294739135E-8	-0.0000028071	1.1090373151E-9	9.300	33.400
6/19/2022	8:29 AM	-0.1496103700	87.300	28.000	30.000	0.0000010000	-0.0000541687	7.9659959216E-9	-0.0000028037	1.4628738838E-9	9.400	33.500
6/19/2022	8:29 AM	-0.1521248300	87.300	28.000	30.000	0.0000010000	-0.0000541537	1.1226722198E-8	-0.0000028189	1.1905713948E-9	9.400	33.400
6/19/2022	8:30 AM	-0.1546392900	87.300	28.000	29.999	0.0000010000	-0.0000541907	1.0301135963E-8	-0.0000028133	7.6278691088E-10	9.300	33.500
6/19/2022	8:31 AM	-0.1571537500	87.300	28.000	30.000	0.0000010000	-0.0000541685	8.6567155935E-9	-0.0000028287	5.4649857042E-10	9.400	33.400
6/19/2022	8:31 AM	-0.1596682100	87.300	28.000	30.000	0.0000010000	-0.0000541714	1.2702278130E-8	-0.0000028251	4.8989794856E-10	9.300	33.400
6/19/2022	8:32 AM	-0.1621826700	87.300	28.000	29.999	0.0000010000	-0.0000541757	9.9639618294E-9	-0.0000028265	3.9154759474E-10	9.400	33.500
6/19/2022	8:33 AM	-0.1646971300	87.300	28.000	30.000	0.0000010000	-0.0000541688	9.1059414908E-9	-0.0000028163	9.7358287613E-10	9.300	33.400
6/19/2022	8:33 AM	-0.1672115900	87.300	28.000	30.000	0.0000010000	-0.0000541603	1.2161718059E-8	-0.0000028022	9.3186001849E-10	9.300	33.500
6/19/2022	8:34 AM	-0.1697260500	87.300	28.000	30.000	0.0000010000	-0.0000541544	3.9495398286E-9	-0.0000028170	6.6099096785E-10	9.300	33.400
6/19/2022	8:35 AM	-0.1722405100	87.300	28.000	30.000	0.0000010000	-0.0000541627	1.1868761313E-8	-0.0000028158	3.4608128489E-10	9.300	33.500
6/19/2022	8:35 AM	-0.1747549700	87.300	28.000	30.000	0.0000010000	-0.0000541396	7.3411671792E-9	-0.0000028139	5.4063625993E-10	9.300	33.500
6/19/2022	8:36 AM	-0.1772694300	87.300	28.000	30.000	0.0000010000	-0.0000541647	7.6664510587E-9	-0.0000028082	1.3472193585E-9	9.400	33.500
6/19/2022	8:37 AM	-0.1797838900	87.300	28.000	30.000	0.0000010000	-0.0000541667	6.6081630123E-9	-0.0000028365	2.0564426861E-9	9.400	33.500
6/19/2022	8:37 AM	-0.1822983500	87.300	28.000	29.999	0.0000010000	-0.0000541573	4.2730032393E-9	-0.0000028146	3.5495097568E-10	9.400	33.500
6/19/2022	8:38 AM	-0.1848128100	87.300	28.000	30.000	0.0000010000	-0.0000541573	1.0412974923E-8	-0.0000028179	5.4063625993E-10	9.400	33.500
6/19/2022	8:39 AM	-0.1873272700	87.300	28.000	30.000	0.0000010000	-0.0000541620	8.4932400665E-9	-0.0000028173	2.8708286934E-10	9.300	33.500
6/19/2022	8:39 AM	-0.1898417300	87.300	28.000	30.000	0.0000010000	-0.0000541591	1.3590748708E-8	-0.0000028189	2.4494897428E-10	9.400	33.500
6/19/2022	8:40 AM	-0.1923561900	87.300	28.000	30.000	0.0000010000	-0.0000541548	7.6901664127E-9	-0.0000028108	1.1052182095E-9	9.400	33.400
6/19/2022	8:41 AM	-0.1948706500	87.300	28.000	30.000	0.0000010000	-0.0000541514	3.1626733727E-9	-0.0000028139	6.5632839974E-10	9.400	33.500
6/19/2022	8:41 AM	-0.1973851100	87.300	28.000	30.001	0.0000010000	-0.0000541655	9.9525551551E-9	-0.0000028062	4.3870225316E-10	9.400	33.500
6/19/2022	8:42 AM	-0.1998995700	87.300	28.000	30.000	0.0000010000	-0.0000541611	6.8150661661E-9	-0.0000028299	7.5192024052E-10	9.400	33.500
6/19/2022	8:43 AM	-0.2024140300	87.300	28.000	30.000	0.0000010000	-0.0000541624	9.2825175457E-9	-0.0000028022	1.6575854392E-9	9.400	33.500
6/19/2022	8:43 AM	-0.2049284900	87.300	28.000	30.000	0.0000010000	-0.0000541611	7.6278117585E-9	-0.0000028242	1.0144781624E-9	9.400	33.400
6/19/2022	8:44 AM	-0.2074429500	87.300	28.000	30.000	0.0000010000	-0.0000541594	9.0284289032E-9	-0.0000028241	7.6278691088E-10	9.400	33.400
6/19/2022	8:45 AM	-0.2099574100	87.300	28.000	30.000	0.0000010000	-0.0000541580	1.0370514438E-8	-0.0000028127	1.1788289045E-9	9.400	33.500
6/19/2022	8:46 AM	-0.2124718700	87.300	28.000	30.000	0.0000010000	-0.0000541664	8.4624320262E-9	-0.0000028310	1.0606601718E-9	9.400	33.500
6/19/2022	8:46 AM	-0.2149863300	87.300	28.000	30.000	0.0000010000	-0.0000541688	8.1764148761E-9	-0.0000028138	6.9256219969E-10	9.400	33.500
6/19/2022	8:47 AM	-0.2175007900	87.300	28.000	29.999	0.0000010000	-0.0000541640	8.3169838460E-9	-0.0000028114	6.0000000000E-10	9.400	33.500
6/19/2022	8:48 AM	-0.2200152500	87.300	28.000	30.000	0.0000010000	-0.0000541758	8.3650749266E-9	-0.0000028168	7.6278691088E-10	9.400	33.500
6/19/2022	8:48 AM	-0.2225297100	87.300	28.000	30.000	0.0000010000	-0.0000541614	7.5054452438E-9	-0.0000027641	4.4711086856E-9	9.400	33.400
6/19/2022	8:49 AM	-0.2250441700	87.300	28.000	30.000	0.0000010000	-0.0000541639	8.3394225225E-9	-0.0000028067	1.2549509757E-9	9.400	33.500
6/19/2022	8:50 AM	-0.2275586300	87.300	28.000	30.001	0.0000010000	-0.0000541736	7.5113419300E-9	-0.0000027852	2.6707090984E-9	9.400	33.500
6/19/2022	8:50 AM	-0.2300730900	87.300	28.000	30.000	0.0000010000	-0.0000541661	1.2688438987E-8	-0.0000028196	1.0112939289E-9	9.400	33.500
6/19/2022	8:51 AM	-0.2325875500	87.300	28.000	30.000	0.0000010000	-0.0000541706	8.2176238315E-9	-0.0000028102	6.3851648071E-10	9.400	33.500
6/19/2022	8:52 AM	-0.2351020100	87.300	28.000	30.000	0.0000010000	-0.0000541414	1.2073448453E-8	-0.0000028245	6.3385391260E-10	9.400	33.500
6/19/2022	8:52 AM	-0.2376164700	87.300	28.000	30.000	0.0000010000	-0.0000541709	1.0247526760E-8	-0.0000028210	8.6023252670E-10	9.400	33.500
6/19/2022	8:53 AM	-0.2401309300	87.300	28.000	30.000	0.0000010000	-0.0000541642	1.5639656473E-8	-0.0000028167	1.2577635312E-9	9.300	33.500
6/19/2022	8:54 AM	-0.2426453900	87.300	28.000	30.000	0.0000010000	-0.0000541504	1.2052681440E-8	-0.0000028179	5.4063625993E-10	9.400	33.500
6/19/2022	8:54 AM	-0.2451598500	87.300	28.000	30.000	0.0000010000	-0.0000541658	1.2332145235E-8	-0.0000028236	1.2083045974E-9	9.400	33.400
6/19/2022	8:55 AM	-0.2476743100	87.300	28.000	30.000	0.0000010000	-0.0000541409	8.2366974874E-9	-0.0000028237	1.1784477407E-9	9.400	33.400
6/19/2022	8:56 AM	-0.2501887700	87.300	28.000	30.000	0.0000010000	-0.0000541568	1.0438936172E-8	-0.0000028208	6.2179480778E-10	9.300	33.500
6/19/2022	8:56 AM	-0.2527032300	87.300	28.000	30.000	0.0000010000	-0.0000541445	9.6066374277E-9	-0.0000028061	8.5732140997E-10	9.400	33.500
6/19/2022	8:57 AM	-0.2552176900	87.300	28.000	30.000	0.0000010000	-0.0000541460	6.5901703441E-9	-0.0000028229	4.4203384502E-10	9.400	33.500
6/19/2022	8:58 AM	-0.2577321500	87.300	28.000	30.000	0.0000010000	-0.0000541301	1.3947022374E-8	-0.0000028201	3.2247448714E-10	9.400	33.500
6/19/2022	8:58 AM	-0.2602466100	87.300	28.000	30.000	0.0000010000	-0.0000541644	8.1524961860E-9	-0.0000028210	1.5759787452E-9	9.400	33.500
6/19/2022	8:59 AM	-0.2627610700	87.300	28.000	30.000	0.0000010000	-0.0000541560	5.5006282872E-9	-0.0000028084	6.3011626335E-10	9.400	33.500
6/19/2022	9:00 AM	-0.2652755300	87.300	28.000	30.000	0.0000010000	-0.0000541685	8.1047835896E-9	-0.0000028176	6.4510098534E-10	9.400	33.500
6/19/2022	9:00 AM	-0.2677899900	87.300	28.000	30.000	0.0000010000	-0.0000541473	6.8362565970E-9	-0.0000028105	1.4959183403E-9	9.400	33.500
6/19/2022	9:01 AM	-0.2703044500	87.300	28.000	30.000	0.0000010000	-0.0000541575	8.3920394072E-9	-0.0000028188	2.3174974544E-9	9.400	33.500
6/19/2022	9:02 AM	-0.2728189100	87.300	28.000	30.000	0.0000010000	-0.0000541641	9.5666923947E-9	-0.0000028073	3.0000000000E-10	9.400	33.500
6/19/2022	9:02 AM	-0.2753333700	87.300	28.000	30.000	0.0000010000	-0.0000541372	7.0233990165E-9	-0.0000028139	1.0432124137E-9	9.400	33.500
6/19/2022	9:03 AM	-0.2778478300	87.300	28.000	30.000	0.0000010000	-0.0000541519	9.9296919546E-9	-0.0000027690	5.0103090210E-9	9.400	33.500
6/19/2022	9:04 AM	-0.2803622900	87.300	28.000	30.000	0.0000010000	-0.0000541638	1.1359338562E-8	-0.0000028201	4.4203384502E-10	9.400	33.500
6/19/2022	9:04 AM	-0.2828767500	87.300	28.000	30.000	0.0000010000	-0.0000541603	8.4077597350E-9	-0.0000028148	1.0025581909E-9	9.400	33.500
6/19/2022	9:05 AM	-0.2853912100	87.300	28.000	30.000	0.0000010000	-0.0000541481	8.4344880638E-9	-0.0000028163	3.5495097568E-10	9.400	33.500
6/19/2022	9:06 AM	-0.2879056700	87.300	28.000	30.000	0.0000010000	-0.0000541264	6.7735945912E-9	-0.0000028237	4.7416573868E-10	9.400	33.500
6/19/2022	9:06 AM	-0.2904201300	87.300	28.000	30.000	0.0000010000	-0.0000541568	9.1079779387E-9	-0.0000028089	4.0000000000E-10	9.400	33.500
6/19/2022	9:07 AM	-0.2929345900	87.300	28.000	30.000	0.0000010000	-0.0000541520	7.8117855211E-9	-0.0000028190	6.1719913269E-10	9.400	33.500
6/19/2022	9:08 AM	-0.2954490500	87.300	28.000	30.000	0.0000010000	-0.0000541670	1.3340259733E-8	-0.0000028401	1.5355758232E-9	9.300	33.500
6/19/2022	9:09 AM	-0.2979635100	87.300	28.000	30.000	0.0000010000	-0.0000541538	1.0340856439E-8	-0.0000028259	1.0894284674E-9	9.400	33.500
6/19/2022	9:09 AM	-0.3004779700	87.300	28.000	30.001	0.0000010000	-0.0000541490	1.1772700091E-8	-0.0000028096	6.0724247288E-10	9.400	33.500
6/19/2022	9:10 AM	-0.3004779700	87.300	28.000	30.000	0.0000010000	-0.0000541687	9.9438463010E-9	-0.0000028114	8.8406769004E-10	9.400	33.500
6/19/2022	9:11 AM	-0.2979635100	87.300	28.000	30.000	0.0000010000	-0.0000541528	6.5836086351E-9	-0.0000028131	1.0338539126E-9	9.400	33.500
6/19/2022	9:11 AM	-0.2954490500	87.300	28.000	30.000	0.0000010000	-0.0000541682	9.8770033385E-9	-0.0000028061	1.2247448714E-9	9.400	33.500
6/19/2022	9:12 AM	-0.2929345900	87.300	28.000	30.000	0.0000010000	-0.0000541494	9.2512482291E-9	-0.0000028237	6.8506723903E-10	9.400	33.500
6/19/2022	9:13 AM	-0.2904201300	87.300	28.000	30.000	0.0000010000	-0.0000541485	8.9859095046E-9	-0.0000028129	5.3385391260E-10	9.400	33.500
6/19/2022	9:13 AM	-0.2879056700	87.300	28.000	30.000	0.0000010000	-0.0000541737	1.1917107961E-8	-0.0000028269	5.8615541191E-10	9.400	33.500
6/19/2022	9:14 AM	-0.2853912100	87.300	28.000	30.000	0.0000010000	-0.0000541779	9.1207989537E-9	-0.0000028284	1.0860022573E-9	9.400	33.500
6/19/2022	9:15 AM	-0.2828767500	87.300	28.000	30.000	0.0000010000	-0.0000541568	7.6361493544E-9	-0.0000028100	3.5355339059E-10	9.400	33.400
6/19/2022	9:16 AM	-0.2803622900	87.300	28.000	30.000	0.0000010000	-0.0000541684	7.4753599569E-9	-0.0000028325	9.3686006053E-10	9.400	33.500
6/19/2022	9:16 AM	-0.2778478300	87.300	28.000	30.000	0.0000010000	-0.0000541536	7.0825766621E-9	-0.0000028120	1.2901812996E-9	9.400	33.500
6/19/2022	9:17 AM	-0.2753333700	87.300	28.000	30.000	0.0000010000	-0.0000541536	8.5268648793E-9	-0.0000028114	3.8708286934E-10	9.400	33.500
6/19/2022	9:18 AM	-0.2728189100	87.300	28.000	29.999	0.0000010000	-0.0000541483	9.0927767783E-9	-0.0000028104	6.3011626335E-10	9.400	33.500
6/19/2022	9:18 AM	-0.2703044500	87.300	28.000	30.000	0.0000010000	-0.0000541573	5.1892599736E-9	-0.0000028262	6.1719913269E-10	9.400	33.500
6/19/2022	9:19 AM	-0.2677899900	84.200	28.000	30.000	0.0000010000	-0.0000541724	9.4209842235E-9	-0.0000028099	5.2867640737E-10	9.400	33.500
6/19/2022	9:20 AM	-0.2652755300	84.200	28.000	30.000	0.0000010000	-0.0000541533	8.0178049430E-9	-0.0000028077	1.5291318655E-9	9.400	33.500
6/19/2022	9:20 AM	-0.2627610700	84.200	28.000	30.000	0.0000010000	-0.0000541606	6.4002863317E-9	-0.0000028087	1.2836071525E-9	9.400	33.500
6/19/2022	9:21 AM	-0.2602466100	84.200	28.000	30.000	0.0000010000	-0.0000541390	5.2622432924E-9	-0.0000028201	6.8708286934E-10	9.400	33.500
6/19/2022	9:22 AM	-0.2577321500	84.200	28.000	30.000	0.0000010000	-0.0000541505	9.2637115230E-9	-0.0000028011	1.3000000000E-9	9.400	33.500
6/19/2022	9:22 AM	-0.2552176900	84.200	28.000	30.000	0.0000010000	-0.0000541546	8.6589422023E-9	-0.0000028132	9.3664858008E-10	9.400	33.500
6/19/2022	9:23 AM	-0.2527032300	84.200	28.000	30.000	0.0000010000	-0.0000541584	8.6726232220E-9	-0.0000028169	8.0239864289E-10	9.400	33.500
6/19/2022	9:24 AM	-0.2501887700	84.200	28.000	30.001	0.0000010000	-0.0000541464	9.4297320092E-9	-0.0000028065	1.0800683287E-9	9.400	33.500
6/19/2022	9:24 AM	-0.2476743100	84.200	28.000	30.000	0.0000010000	-0.0000541605	6.8217342302E-9	-0.0000028208	7.1763500472E-10	9.400	33.500
6/19/2022	9:25 AM	-0.2451598500	84.200	28.000	30.000	0.0000010000	-0.0000541414	1.2115346857E-8	-0.0000028223	1.0825982435E-9	9.400	33.500
6/19/2022	9:26 AM	-0.2426453900	84.200	28.000	30.000	0.0000010000	-0.0000541424	5.4432290242E-9	-0.0000028217	1.1442591062E-9	9.400	33.500
6/19/2022	9:26 AM	-0.2401309300	84.200	28.000	30.000	0.0000010000	-0.0000541581	7.8022812525E-9	-0.0000028012	7.6226618169E-10	9.400	33.500
6/19/2022	9:27 AM	-0.2376164700	84.200	28.000	30.000	0.0000010000	-0.0000541571	1.0283869054E-8	-0.0000028117	1.3884098727E-9	9.400	33.500
6/19/2022	9:28 AM	-0.2351020100	84.200	28.000	30.000	0.0000010000	-0.0000541531	5.7370294650E-9	-0.0000027998	1.5768602296E-9	9.400	33.500
6/19/2022	9:29 AM	-0.2325875500	84.200	28.000	30.000	0.0000010000	-0.0000541442	9.2387941394E-9	-0.0000028197	5.5259075049E-10	9.400	33.500
6/19/2022	9:29 AM	-0.2300730900	84.200	28.000	30.000	0.0000010000	-0.0000541614	9.1349984276E-9	-0.0000028268	1.3083045974E-9	9.400	33.500
6/19/2022	9:30 AM	-0.2275586300	84.200	28.000	30.000	0.0000010000	-0.0000541475	1.0193761509E-8	-0.0000028258	8.3661732999E-10	9.400	33.500
6/19/2022	9:31 AM	-0.2250441700	84.200	28.000	30.000	0.0000010000	-0.0000541447	8.4587886849E-9	-0.0000027990	1.9628595108E-9	9.400	33.500
6/19/2022	9:31 AM	-0.2225297100	84.200	28.000	30.001	0.0000010000	-0.0000541432	9.0218529611E-9	-0.0000028271	2.2247448714E-10	9.400	33.500
6/19/2022	9:32 AM	-0.2200152500	84.200	28.000	30.000	0.0000010000	-0.0000541632	1.0505759149E-8	-0.0000028110	5.8615541191E-10	9.400	33.500
6/19/2022	9:33 AM	-0.2175007900	84.200	28.000	30.000	0.0000010000	-0.0000541498	8.4666370677E-9	-0.0000028102	7.9753972477E-10	9.400	33.500
6/19/2022	9:33 AM	-0.2149863300	84.200	28.000	30.000	0.0000010000	-0.0000541388	8.4382456489E-9	-0.0000028044	1.3042195006E-9	9.400	33.500
6/19/2022	9:34 AM	-0.2124718700	84.200	28.000	30.000	0.0000010000	-0.0000541458	6.1631860070E-9	-0.0000028097	1.1690287121E-9	9.400	33.500
6/19/2022	9:35 AM	-0.2099574100	84.200	28.000	30.000	0.0000010000	-0.0000541415	7.8054019649E-9	-0.0000028219	1.2526848594E-9	9.400	33.500
6/19/2022	9:35 AM	-0.2074429500	84.200	28.000	30.000	0.0000010000	-0.0000541522	8.8309531692E-9	-0.0000028248	9.8708286934E-10	9.400	33.400
6/19/2022	9:36 AM	-0.2049284900	84.200	28.000	30.000	0.0000010000	-0.0000541499	7.1642350055E-9	-0.0000028124	1.8908714099E-9	9.400	33.500
6/19/2022	9:37 AM	-0.2024140300	84.200	28.000	30.000	0.0000010000	-0.0000541549	6.7568107473E-9	-0.0000028273	6.4802701743E-10	9.400	33.500
6/19/2022	9:38 AM	-0.1998995700	84.200	28.000	30.000	0.0000010000	-0.0000541456	7.2758370275E-9	-0.0000028049	1.4986599723E-9	9.400	33.500
6/19/2022	9:38 AM	-0.1973851100	84.200	28.000	30.000	0.0000010000	-0.0000541489	7.8235319066E-9	-0.0000027965	1.8188732036E-9	9.400	33.500
6/19/2022	9:39 AM	-0.1948706500	84.200	28.000	29.999	0.0000010000	-0.0000541521	6.3803018767E-9	-0.0000028170	2.2360679775E-10	9.400	33.500
6/19/2022	9:40 AM	-0.1923561900	84.200	28.000	30.000	0.0000010000	-0.0000541560	7.5406961085E-9	-0.0000028154	9.4346783526E-10	9.400	33.500
6/19/2022	9:40 AM	-0.1898417300	84.200	28.000	30.000	0.0000010000	-0.0000541466	9.9579639991E-9	-0.0000028120	7.2166385809E-10	9.400	33.500
6/19/2022	9:41 AM	-0.1873272700	84.200	28.000	30.000	0.0000010000	-0.0000541403	8.4600832097E-9	-0.0000028111	1.0519202405E-9	9.400	33.500
6/19/2022	9:42 AM	-0.1848128100	84.200	28.000	30.000	0.0000010000	-0.0000541469	6.5486129076E-9	-0.0000028176	9.9386581434E-10	9.400	33.500
6/19/2022	9:42 AM	-0.1822983500	84.200	28.000	30.000	0.0000010000	-0.0000541429	8.9302275744E-9	-0.0000028127	4.6368092477E-10	9.400	33.500
6/19/2022	9:43 AM	-0.1797838900	84.200	28.000	30.000	0.0000010000	-0.0000541484	6.9968516833E-9	-0.0000028165	2.4494897428E-10	9.400	33.500
6/19/2022	9:44 AM	-0.1772694300	84.200	28.000	30.000	0.0000010000	-0.0000541669	6.2203450464E-9	-0.0000028272	1.1039933485E-9	9.400	33.500
6/19/2022	9:44 AM	-0.1747549700	84.200	28.000	30.000	0.0000010000	-0.0000541485	1.1209557970E-8	-0.0000028245	7.2166385809E-10	9.400	33.500
6/19/2022	9:45 AM	-0.1722405100	84.200	28.000	30.000	0.0000010000	-0.0000541457	3.5788093942E-9	-0.0000028197	3.3911649916E-10	9.400	33.500
6/19/2022	9:46 AM	-0.1697260500	84.200	28.000	30.000	0.0000010000	-0.0000541503	9.6291658681E-9	-0.0000028080	7.2166385809E-10	9.400	33.500
6/19/2022	9:47 AM	-0.1672115900	84.200	28.000	30.000	0.0000010000	-0.0000541386	1.0437883447E-8	-0.0000028134	1.5396515130E-9	9.400	33.500
6/19/2022	9:47 AM	-0.1646971300	84.200	28.000	30.000	0.0000010000	-0.0000541540	9.9290531217E-9	-0.0000028165	5.7716018834E-10	9.400	33.500
6/19/2022	9:48 AM	-0.1621826700	84.200	28.000	30.000	0.0000010000	-0.0000541513	9.8622473308E-9	-0.0000028141	4.5355339059E-10	9.400	33.500
6/19/2022	9:49 AM	-0.1596682100	84.200	28.000	30.000	0.0000010000	-0.0000541446	9.8557501318E-9	-0.0000028160	6.6099096785E-10	9.400	33.500
6/19/2022	9:49 AM	-0.1571537500	84.200	28.000	30.000	0.0000010000	-0.0000541372	9.2764919533E-9	-0.0000027948	2.8909508437E-9	9.400	33.500
6/19/2022	9:50 AM	-0.1546392900	84.200	28.000	30.000	0.0000010000	-0.0000541460	9.7078598667E-9	-0.0000028202	8.9206987131E-10	9.400	33.500
6/19/2022	9:51 AM	-0.1521248300	84.200	28.000	30.000	0.0000010000	-0.0000541563	8.5253971829E-9	-0.0000028333	8.8102496759E-10	9.400	33.500
6/19/2022	9:51 AM	-0.1496103700	84.200	28.000	30.000	0.0000010000	-0.0000541486	9.6328987676E-9	-0.0000028216	7.6278691088E-10	9.400	33.500
6/19/2022	9:52 AM	-0.1470959100	84.200	28.000	30.000	0.0000010000	-0.0000541397	7.3408253742E-9	-0.0000028149	8.0279742393E-10	9.400	33.500
6/19/2022	9:53 AM	-0.1445814500	84.200	28.000	30.000	0.0000010000	-0.0000541284	6.6332632779E-9	-0.0000028155	1.9199969635E-9	9.400	33.500
6/19/2022	9:53 AM	-0.1420669900	84.200	28.000	30.000	0.0000010000	-0.0000541365	8.5917887679E-9	-0.0000028226	3.6742346142E-10	9.400	33.500
6/19/2022	9:54 AM	-0.1395525300	84.200	28.000	30.000	0.0000010000	-0.0000541458	9.0159242381E-9	-0.0000028017	1.6413868266E-9	9.400	33.500
6/19/2022	9:55 AM	-0.1370380700	84.200	28.000	30.000	0.0000010000	-0.0000541485	6.3618378750E-9	-0.0000028127	8.1723431537E-10	9.400	33.500
6/19/2022	9:55 AM	-0.1345236100	84.200	28.000	30.000	0.0000010000	-0.0000541398	8.5855815886E-9	-0.0000028374	9.9865437593E-10	9.400	33.500
6/19/2022	9:56 AM	-0.1320091500	84.200	28.000	30.000	0.0000010000	-0.0000541346	6.1082372892E-9	-0.0000028009	7.6332495807E-10	9.400	33.500
6/19/2022	9:57 AM	-0.1294946900	84.200	28.000	30.000	0.0000010000	-0.0000541441	6.6384801096E-9	-0.0000028133	4.4203384502E-10	9.400	33.500
6/19/2022	9:57 AM	-0.1269802300	84.200	28.000	30.000	0.0000010000	-0.0000541633	9.7392291862E-9	-0.0000028102	7.6278691088E-10	9.400	33.500
6/19/2022	9:58 AM	-0.1244657700	84.200	28.000	30.000	0.0000010000	-0.0000541327	7.5217832712E-9	-0.0000028176	3.8708286934E-10	9.400	33.500
6/19/2022	9:59 AM	-0.1219513100	84.200	28.000	30.000	0.0000010000	-0.0000541555	5.9582212504E-9	-0.0000028195	3.2247448714E-10	9.400	33.500
6/19/2022	9:59 AM	-0.1194368500	84.200	28.000	30.000	0.0000010000	-0.0000541370	8.9349814698E-9	-0.0000028116	1.3958378907E-9	9.400	33.500
6/19/2022	10:00 AM	-0.1169223900	84.200	28.000	30.000	0.0000010000	-0.0000541463	4.7525790685E-9	-0.0000028076	1.0825982435E-9	9.400	33.500
6/19/2022	10:01 AM	-0.1144079300	84.200	28.000	30.000	0.0000010000	-0.0000541503	8.6018575311E-9	-0.0000028156	2.9154759474E-10	9.400	33.500
6/19/2022	10:01 AM	-0.1118934700	84.200	28.000	30.000	0.0000010000	-0.0000541452	7.9054391447E-9	-0.0000028231	1.8708286934E-10	9.400	33.500
6/19/2022	10:02 AM	-0.1093790100	84.200	28.000	30.000	0.0000010000	-0.0000541376	6.9447375954E-9	-0.0000028131	7.9842630675E-10	9.400	33.500
6/19/2022	10:03 AM	-0.1068645500	84.200	28.000	30.000	0.0000010000	-0.0000541493	4.6813871535E-9	-0.0000028280	7.4031242374E-10	9.400	33.500
6/19/2022	10:03 AM	-0.1043500900	84.200	28.000	30.000	0.0000010000	-0.0000541377	8.2856596756E-9	-0.0000027965	1.9603881744E-9	9.400	33.500
6/19/2022	10:04 AM	-0.1018356300	84.200	28.000	30.000	0.0000010000	-0.0000541385	6.7978053239E-9	-0.0000028126	6.4510098534E-10	9.400	33.500
6/19/2022	10:05 AM	-0.0993211700	84.200	28.000	30.000	0.0000010000	-0.0000541298	8.6970928960E-9	-0.0000028183	3.0955735648E-10	9.400	33.500
6/19/2022	10:05 AM	-0.0968067100	84.200	28.000	30.000	0.0000010000	-0.0000541516	4.6373792970E-9	-0.0000028201	5.5259075049E-10	9.400	33.500
6/19/2022	10:06 AM	-0.0942922500	84.200	28.000	30.000	0.0000010000	-0.0000541315	8.7362563464E-9	-0.0000028094	9.7765228438E-10	9.400	33.500
6/19/2022	10:07 AM	-0.0917777900	84.200	28.000	30.000	0.0000010000	-0.0000541470	7.2632435545E-9	-0.0000028214	1.7164667096E-9	9.400	33.500
6/19/2022	10:07 AM	-0.0892633300	84.200	28.000	30.000	0.0000010000	-0.0000541567	5.3943903983E-9	-0.0000028229	1.3731559005E-9	9.400	33.500
6/19/2022	10:08 AM	-0.0867488700	84.200	28.000	30.000	0.0000010000	-0.0000541346	7.1704210740E-9	-0.0000028110	1.1970888600E-9	9.400	33.500
6/19/2022	10:09 AM	-0.0842344100	84.200	28.000	30.000	0.0000010000	-0.0000541501	7.7592137931E-9	-0.0000028298	2.3435460005E-9	9.400	33.500
6/19/2022	10:09 AM	-0.0817199500	84.200	28.000	30.000	0.0000010000	-0.0000541584	3.8228991427E-9	-0.0000028270	4.6159098630E-10	9.400	33.500
6/19/2022	10:10 AM	-0.0792054900	84.200	28.000	30.000	0.0000010000	-0.0000541537	1.0021853147E-8	-0.0000028136	9.7258598040E-10	9.400	33.500
6/19/2022	10:11 AM	-0.0766910300	84.200	28.000	30.000	0.0000010000	-0.0000541523	7.1714674354E-9	-0.0000028206	3.7742546282E-10	9.400	33.500
6/19/2022	10:11 AM	-0.0741765700	84.200	28.000	30.000	0.0000010000	-0.0000541506	9.4080881601E-9	-0.0000028132	5.9777253643E-10	9.400	33.500
6/19/2022	10:12 AM	-0.0716621100	84.200	28.000	30.000	0.0000010000	-0.0000541413	6.6216678408E-9	-0.0000028218	4.1306485869E-10	9.400	33.500
6/19/2022	10:13 AM	-0.0691476500	84.200	28.000	30.000	0.0000010000	-0.0000541500	6.7521458244E-9	-0.0000028200	3.9154759474E-10	9.400	33.500
6/19/2022	10:14 AM	-0.0666331900	84.200	28.000	30.000	0.0000010000	-0.0000541584	9.0945791590E-9	-0.0000028277	6.9663036372E-10	9.400	33.500
6/19/2022	10:14 AM	-0.0641187300	84.200	28.000	30.000	0.0000010000	-0.0000541439	1.0589245641E-8	-0.0000028091	1.1575729985E-9	9.400	33.500
6/19/2022	10:15 AM	-0.0616042700	84.200	28.000	29.999	0.0000010000	-0.0000541238	1.3581272907E-8	-0.0000028275	5.2867640737E-10	9.400	33.500
6/19/2022	10:16 AM	-0.0590898100	84.200	28.000	30.000	0.0000010000	-0.0000541514	9.9300284045E-9	-0.0000028200	9.8096805994E-10	9.400	33.500
6/19/2022	10:16 AM	-0.0565753500	84.200	28.000	30.000	0.0000010000	-0.0000541255	1.1467645710E-8	-0.0000028129	4.1402208188E-10	9.400	33.500
6/19/2022	10:17 AM	-0.0540608900	84.200	28.000	30.000	0.0000010000	-0.0000541483	4.9447801501E-9	-0.0000028239	1.7110545514E-9	9.400	33.500
6/19/2022	10:18 AM	-0.0515464300	84.200	28.000	30.000	0.0000010000	-0.0000541633	1.0074037872E-8	-0.0000028265	9.2764726786E-10	9.400	33.500
6/19/2022	10:18 AM	-0.0490319700	84.200	28.000	30.000	0.0000010000	-0.0000541552	1.3935477088E-8	-0.0000028280	1.1322763885E-9	9.400	33.500
6/19/2022	10:19 AM	-0.0465175100	79.900	28.000	30.000	0.0000010000	-0.0000541365	6.6010151924E-9	-0.0000028195	5.3011626335E-10	9.400	33.500
6/19/2022	10:20 AM	-0.0440030500	79.900	28.000	29.999	0.0000010000	-0.0000541494	1.2062357221E-8	-0.0000028088	2.3091443506E-9	9.400	33.500
6/19/2022	10:20 AM	-0.0414885900	79.900	28.000	30.000	0.0000010000	-0.0000541505	5.9440811031E-9	-0.0000028013	1.6280706790E-9	9.400	33.500
6/19/2022	10:21 AM	-0.0389741300	79.900	28.000	30.000	0.0000010000	-0.0000541358	7.7618685513E-9	-0.0000028276	8.4031242374E-10	9.400	33.500
6/19/2022	10:22 AM	-0.0364596700	79.900	28.000	30.000	0.0000010000	-0.0000541587	8.2628274646E-9	-0.0000028133	1.3838352503E-9	9.400	33.500
6/19/2022	10:22 AM	-0.0339452100	79.900	28.000	30.000	0.0000010000	-0.0000541462	1.0775272547E-8	-0.0000028283	1.3856353705E-9	9.400	33.500
6/19/2022	10:23 AM	-0.0314307500	79.900	28.000	30.000	0.0000010000	-0.0000541448	7.1294536973E-9	-0.0000028157	1.7748146064E-9	9.400	33.500
6/19/2022	10:24 AM	-0.0289162900	79.900	28.000	30.000	0.0000010000	-0.0000541422	6.3626362372E-9	-0.0000028107	1.1690287121E-9	9.400	33.500
6/19/2022	10:24 AM	-0.0264018300	79.900	28.000	30.000	0.0000010000	-0.0000541522	7.4208861521E-9	-0.0000028145	2.0000000000E-10	9.400	33.500
6/19/2022	10:25 AM	-0.0238873700	79.900	28.000	30.001	0.0000010000	-0.0000541537	5.7012203697E-9	-0.0000028082	1.1209763795E-9	9.400	33.500
6/19/2022	10:26 AM	-0.0213729100	79.900	28.000	30.000	0.0000010000	-0.0000541359	9.6762709176E-9	-0.0000028214	2.2247448714E-10	9.400	33.500
6/19/2022	10:26 AM	-0.0188584500	79.900	28.000	30.000	0.0000010000	-0.0000541495	1.1220309922E-8	-0.0000028040	1.1455900096E-9	9.400	33.500
6/19/2022	10:27 AM	-0.0163439900	79.900	28.000	30.000	0.0000010000	-0.0000541364	1.1471654775E-8	-0.0000028215	3.9154759474E-10	9.400	33.500
6/19/2022	10:28 AM	-0.0138295300	79.900	28.000	30.000	0.0000010000	-0.0000541582	1.1709340410E-8	-0.0000028090	7.1328223783E-10	9.400	33.500
6/19/2022	10:28 AM	-0.0113150700	79.900	28.000	30.000	0.0000010000	-0.0000541354	1.1193108898E-8	-0.0000028251	4.1402208188E-10	9.400	33.500
6/19/2022	10:29 AM	-0.0088006100	79.900	28.000	30.000	0.0000010000	-0.0000541330	8.1916600119E-9	-0.0000028137	3.7416573868E-10	9.400	33.500
6/19/2022	10:30 AM	-0.0062861500	79.900	28.000	30.000	0.0000010000	-0.0000541443	1.1038472111E-8	-0.0000028082	6.3385391260E-10	9.400	33.500
6/19/2022	10:30 AM	-0.0037716900	79.900	28.000	29.999	0.0000010000	-0.0000541402	1.1605198034E-8	-0.0000028086	1.4838352503E-9	9.400	33.500
6/19/2022	10:31 AM	-0.0012572300	79.900	28.000	30.000	0.0000010000	-0.0000541408	9.7461415933E-9	-0.0000028146	7.3385391260E-10	9.400	33.500
6/19/2022	10:32 AM	0.0012572300	79.900	28.000	30.000	0.0000010000	-0.0000541556	7.1236636477E-9	-0.0000028048	8.9526339942E-10	9.400	33.500
6/19/2022	10:32 AM	0.0037716900	79.900	28.000	30.000	0.0000010000	-0.0000541358	5.9114878701E-9	-0.0000028169	6.6368092477E-10	9.400	33.500
6/19/2022	10:33 AM	0.0062861500	79.900	28.000	30.000	0.0000010000	-0.0000541498	8.3188349628E-9	-0.0000028150	5.8615541191E-10	9.400	33.500
6/19/2022	10:34 AM	0.0088006100	79.900	28.000	30.000	0.0000010000	-0.0000541507	9.2944516562E-9	-0.0000028187	1.0812725199E-9	9.400	33.500
6/19/2022	10:34 AM	0.0113150700	79.900	28.000	30.000	0.0000010000	-0.0000541405	6.2419823683E-9	-0.0000028167	7.7631558048E-10	9.400	33.500
6/19/2022	10:35 AM	0.0138295300	79.900	28.000	30.000	0.0000010000	-0.0000541513	6.8511047035E-9	-0.0000028203	3.4608128489E-10	9.400	33.500
6/19/2022	10:36 AM	0.0163439900	79.900	28.000	30.000	0.0000010000	-0.0000541512	6.7507743560E-9	-0.0000028164	4.6159098630E-10	9.400	33.500
6/19/2022	10:36 AM	0.0188584500	79.900	28.000	30.000	0.0000010000	-0.0000541306	1.0119155511E-8	-0.0000028183	4.4203384502E-10	9.400	33.500
6/19/2022	10:37 AM	0.0213729100	79.900	28.000	30.000	0.0000010000	-0.0000541394	9.0346026348E-9	-0.0000027993	2.8906913413E-9	9.400	33.500
6/19/2022	10:38 AM	0.0238873700	79.900	28.000	30.000	0.0000010000	-0.0000541253	1.0846345502E-8	-0.0000028036	1.3958680030E-9	9.400	33.500
6/19/2022	10:39 AM	0.0264018300	79.900	28.000	30.000	0.0000010000	-0.0000541521	1.0471735692E-8	-0.0000028226	6.9774951497E-10	9.400	33.500
6/19/2022	10:39 AM	0.0289162900	79.900	28.000	30.000	0.0000010000	-0.0000541226	1.0300812089E-8	-0.0000028307	1.4684078243E-9	9.400	33.500
6/19/2022	10:40 AM	0.0314307500	79.900	28.000	30.000	0.0000010000	-0.0000541612	9.4931785103E-9	-0.0000028134	1.8708286934E-10	9.400	33.500
6/19/2022	10:41 AM	0.0339452100	79.900	28.000	30.000	0.0000010000	-0.0000541549	8.7238627723E-9	-0.0000028088	5.2881225443E-10	9.400	33.500
6/19/2022	10:41 AM	0.0364596700	79.900	28.000	30.000	0.0000010000	-0.0000541256	8.4002797946E-9	-0.0000028119	1.3171939872E-9	9.400	33.500
6/19/2022	10:42 AM	0.0389741300	79.900	28.000	30.000	0.0000010000	-0.0000541566	1.2464355591E-8	-0.0000028092	6.2247448714E-10	9.400	33.500
6/19/2022	10:43 AM	0.0414885900	79.900	28.000	30.000	0.0000010000	-0.0000541319	8.7020172732E-9	-0.0000028137	4.6368092477E-10	9.400	33.500
6/19/2022	10:43 AM	0.0440030500	79.900	28.000	30.000	0.0000010000	-0.0000541546	9.8102523011E-9	-0.0000027643	5.5494870067E-9	9.400	33.500
6/19/2022	10:44 AM	0.0465175100	79.900	28.000	30.001	0.0000010000	-0.0000541688	1.0820724546E-8	-0.0000028183	4.2360679775E-10	9.400	33.500
6/19/2022	10:45 AM	0.0490319700	79.900	28.000	30.000	0.0000010000	-0.0000541268	1.1436982948E-8	-0.0000028247	1.3144970265E-9	9.400	33.500
6/19/2022	10:45 AM	0.0515464300	79.900	28.000	30.000	0.0000010000	-0.0000541556	7.2074992024E-9	-0.0000028118	8.2540150734E-10	9.400	33.400
6/19/2022	10:46 AM	0.0540608900	79.900	28.000	30.000	0.0000010000	-0.0000541427	8.8248142265E-9	-0.0000028116	7.5717058189E-10	9.400	33.500
6/19/2022	10:47 AM	0.0565753500	79.900	28.000	30.000	0.0000010000	-0.0000541552	9.2975998258E-9	-0.0000028179	1.9177457058E-9	9.400	33.500
6/19/2022	10:47 AM	0.0590898100	79.900	28.000	30.000	0.0000010000	-0.0000541434	5.3108011918E-9	-0.0000028139	9.7942892290E-10	9.400	33.500
6/19/2022	10:48 AM	0.0616042700	79.900	28.000	30.000	0.0000010000	-0.0000541314	5.1276150126E-9	-0.0000028156	4.1402208188E-10	9.400	33.500
6/19/2022	10:49 AM	0.0641187300	79.900	28.000	30.000	0.0000010000	-0.0000541200	1.3609659341E-8	-0.0000028323	1.4226733543E-9	9.400	33.500
6/19/2022	10:50 AM	0.0666331900	79.900	28.000	30.000	0.0000010000	-0.0000541403	1.8499212530E-8	-0.0000028087	7.3971896142E-10	9.400	33.500
6/19/2022	10:50 AM	0.0691476500	79.900	28.000	30.000	0.0000010000	-0.0000541345	1.0507193492E-8	-0.0000028199	5.6368092477E-10	9.400	33.500
6/19/2022	10:51 AM	0.0716621100	79.900	28.000	30.000	0.0000010000	-0.0000541331	1.1768769211E-8	-0.0000028166	2.2247448714E-10	9.400	33.500
6/19/2022	10:52 AM	0.0741765700	79.900	28.000	30.000	0.0000010000	-0.0000541452	1.5454610760E-8	-0.0000027977	1.3101097141E-9	9.400	33.400
6/19/2022	10:52 AM	0.0766910300	79.900	28.000	30.000	0.0000010000	-0.0000541407	7.8852336296E-9	-0.0000028280	1.1545918207E-9	9.400	33.500
6/19/2022	10:53 AM	0.0792054900	79.900	28.000	30.000	0.0000010000	-0.0000541300	9.0621512149E-9	-0.0000028262	6.9663036372E-10	9.400	33.500
6/19/2022	10:54 AM	0.0817199500	79.900	28.000	30.000	0.0000010000	-0.0000541315	6.9357666197E-9	-0.0000028249	1.7080202489E-9	9.400	33.500
6/19/2022	10:54 AM	0.0842344100	79.900	28.000	30.000	0.0000010000	-0.0000541355	1.1024342274E-8	-0.0000028180	3.9154759474E-10	9.400	33.500
6/19/2022	10:55 AM	0.0867488700	79.900	28.000	30.000	0.0000010000	-0.0000541387	8.5715610790E-9	-0.0000028197	1.5315141482E-9	9.400	33.500
6/19/2022	10:56 AM	0.0892633300	79.900	28.000	30.000	0.0000010000	-0.0000541450	9.8725303116E-9	-0.0000028140	1.0154753215E-9	9.400	33.400
6/19/2022	10:56 AM	0.0917777900	79.900	28.000	30.000	0.0000010000	-0.0000541376	8.8799918272E-9	-0.0000028257	7.2093678194E-10	9.400	33.500
6/19/2022	10:57 AM	0.0942922500	79.900	28.000	30.000	0.0000010000	-0.0000541565	7.8453893630E-9	-0.0000028090	5.7008771255E-10	9.400	33.400
6/19/2022	10:58 AM	0.0968067100	79.900	28.000	30.000	0.0000010000	-0.0000541284	6.9157118224E-9	-0.0000028246	5.5259075049E-10	9.400	33.500
6/19/2022	10:58 AM	0.0993211700	79.900	28.000	30.000	0.0000010000	-0.0000541475	6.9772451357E-9	-0.0000028186	5.4649857042E-10	9.400	33.500
6/19/2022	10:59 AM	0.1018356300	79.900	28.000	30.000	0.0000010000	-0.0000541421	1.2392265712E-8	-0.0000042467	1.5001414744E-9	9.400	33.500
6/19/2022	11:00 AM	0.1043500900	79.900	28.000	30.000	0.0000010000	-0.0000541520	9.0617627293E-9	-0.0000042586	7.2097685201E-10	9.400	33.500
6/19/2022	11:00 AM	0.1068645500	79.900	28.000	30.000	0.0000010000	-0.0000541317	1.0735978106E-8	-0.0000042471	1.0086667056E-9	9.400	33.500
6/19/2022	11:01 AM	0.1093790100	79.900	28.000	30.000	0.0000010000	-0.0000541242	1.0428870803E-8	-0.0000042432	4.1402208188E-10	9.400	33.500
6/19/2022	11:02 AM	0.1118934700	79.900	28.000	30.000	0.0000010000	-0.0000541593	7.9042969591E-9	-0.0000042418	3.0955735648E-10	9.400	33.500
6/19/2022	11:02 AM	0.1144079300	79.900	28.000	30.000	0.0000010000	-0.0000541330	7.3708219885E-9	-0.0000042498	1.2247448714E-10	9.400	33.400
6/19/2022	11:03 AM	0.1169223900	79.900	28.000	30.000	0.0000010000	-0.0000541489	1.2840343504E-8	-0.0000042482	8.2540150734E-10	9.400	33.500
6/19/2022	11:04 AM	0.1194368500	79.900	28.000	30.000	0.0000010000	-0.0000541420	8.5897114580E-9	-0.0000042481	1.8193726441E-9	9.400	33.500
6/19/2022	11:04 AM	0.1219513100	79.900	28.000	29.999	0.0000010000	-0.0000541295	8.7575400606E-9	-0.0000042245	2.8819143641E-9	9.400	33.500
6/19/2022	11:05 AM	0.1244657700	79.900	28.000	30.000	0.0000010000	-0.0000541497	1.1416962202E-8	-0.0000042361	7.1237243570E-10	9.400	33.500
6/19/2022	11:06 AM	0.1269802300	79.900	28.000	29.999	0.0000010000	-0.0000541445	6.8082094129E-9	-0.0000042412	6.3851648071E-10	9.400	33.500
6/19/2022	11:06 AM	0.1294946900	79.900	28.000	30.000	0.0000010000	-0.0000541387	7.6822383697E-9	-0.0000042524	2.5811388301E-10	9.400	33.500
6/19/2022	11:07 AM	0.1320091500	0.900	28.000	30.000	0.0000010000	-0.0000541441	7.0404401106E-9	-0.0000042395	1.8949824773E-9	9.400	33.500
6/19/2022	11:08 AM	0.1345236100	79.900	28.000	30.000	0.0000010000	-0.0000541345	8.4772655258E-9	-0.0000042560	1.0103542189E-9	9.400	33.400
6/19/2022	11:08 AM	0.1370380700	79.900	28.000	30.000	0.0000010000	-0.0000541333	3.9612945374E-9	-0.0000042433	1.0071067812E-9	9.400	33.500
6/19/2022	11:09 AM	0.1395525300	79.900	28.000	30.000	0.0000010000	-0.0000541423	8.4691711568E-9	-0.0000042472	1.0725725623E-9	9.400	33.400
6/19/2022	11:10 AM	0.1420669900	79.900	28.000	30.000	0.0000010000	-0.0000541415	9.0078030862E-9	-0.0000042598	7.2929262470E-10	9.400	33.500
6/19/2022	11:11 AM	0.1445814500	79.900	28.000	30.000	0.0000010000	-0.0000541219	9.7915878335E-9	-0.0000042447	7.4031242374E-10	9.400	33.500
6/19/2022	11:11 AM	0.1470959100	79.900	28.000	30.000	0.0000010000	-0.0000541134	9.8982258565E-9	-0.0000042466	8.9418965053E-10	9.400	33.500
6/19/2022	11:12 AM	0.1496103700	79.900	28.000	30.000	0.0000010000	-0.0000541268	8.9446646064E-9	-0.0000042636	1.1813159295E-9	9.400	33.500
6/19/2022	11:13 AM	0.1521248300	79.900	28.000	30.000	0.0000010000	-0.0000541485	9.1310049158E-9	-0.0000042532	9.7394380544E-10	9.400	33.500
6/19/2022	11:13 AM	0.1546392900	79.900	28.000	30.000	0.0000010000	-0.0000541207	7.9138035797E-9	-0.0000042469	7.1863190045E-10	9.400	33.500
6/19/2022	11:14 AM	0.1571537500	79.900	28.000	30.000	0.0000010000	-0.0000541324	8.2944068853E-9	-0.0000042439	1.4632555730E-9	9.400	33.500
6/19/2022	11:15 AM	0.1596682100	79.900	28.000	30.000	0.0000010000	-0.0000541395	1.1010733655E-8	-0.0000042685	1.0725725623E-9	9.400	33.500
6/19/2022	11:15 AM	0.1621826700	79.900	28.000	30.000	0.0000010000	-0.0000541472	7.2931348083E-9	-0.0000042412	1.4772396478E-9	9.400	33.500
6/19/2022	11:16 AM	0.1646971300	79.900	28.000	30.000	0.0000010000	-0.0000541328	1.5737821717E-8	-0.0000042577	7.2166385809E-10	9.400	33.500
6/19/2022	11:17 AM	0.1672115900	79.900	28.000	30.000	0.0000010000	-0.0000541215	7.5720292875E-9	-0.0000042538	8.3011626335E-10	9.400	33.500
6/19/2022	11:17 AM	0.1697260500	79.900	28.000	30.000	0.0000010000	-0.0000541388	4.3414265582E-9	-0.0000042633	4.7602787773E-10	9.400	33.500
6/19/2022	11:18 AM	0.1722405100	79.900	28.000	30.000	0.0000010000	-0.0000541420	1.2481634411E-8	-0.0000042416	1.4465237557E-9	9.400	33.500
6/19/2022	11:19 AM	0.1747549700	79.900	28.000	29.999	0.0000010000	-0.0000541292	1.0435741088E-8	-0.0000042482	3.9154759474E-10	9.400	33.500
6/19/2022	11:19 AM	0.1772694300	76.800	28.000	30.000	0.0000010000	-0.0000541417	7.4137164627E-9	-0.0000042616	1.1273618495E-9	9.400	33.500
6/19/2022	11:20 AM	0.1797838900	76.800	28.000	30.000	0.0000010000	-0.0000541531	8.5567981507E-9	-0.0000042546	4.4966147775E-10	9.400	33.500
6/19/2022	11:21 AM	0.1822983500	76.800	28.000	30.000	0.0000010000	-0.0000541533	6.7034980149E-9	-0.0000042479	1.6719855221E-9	9.400	33.400
6/19/2022	11:21 AM	0.1848128100	76.800	28.000	30.000	0.0000010000	-0.0000541523	9.1273583581E-9	-0.0000042630	8.7413930606E-10	9.400	33.500
6/19/2022	11:22 AM	0.1873272700	76.800	28.000	30.000	0.0000010000	-0.0000541408	5.4132497195E-9	-0.0000042583	8.6023252670E-10	9.400	33.500
6/19/2022	11:23 AM	0.1898417300	76.800	28.000	30.000	0.0000010000	-0.0000541339	8.3068116568E-9	-0.0000042447	1.6459937500E-9	9.400	33.500
6/19/2022	11:23 AM	0.1923561900	76.800	28.000	30.000	0.0000010000	-0.0000541314	1.0425786994E-8	-0.0000042575	5.0000000000E-10	9.400	33.500
6/19/2022	11:24 AM	0.1948706500	76.800	28.000	30.000	0.0000010000	-0.0000541207	1.0890308520E-8	-0.0000042514	1.1039416252E-9	9.400	33.500
6/19/2022	11:25 AM	0.1973851100	76.800	28.000	30.000	0.0000010000	-0.0000541370	8.4665458916E-9	-0.0000042388	1.9377970093E-9	9.400	33.500
6/19/2022	11:25 AM	0.1998995700	76.800	28.000	30.000	0.0000010000	-0.0000541251	7.2542738285E-9	-0.0000042567	6.0415229868E-10	9.400	33.500
6/19/2022	11:26 AM	0.2024140300	76.800	28.000	30.000	0.0000010000	-0.0000541173	1.2745904123E-8	-0.0000042390	1.1775498521E-9	9.400	33.500
6/19/2022	11:27 AM	0.2049284900	76.800	28.000	30.000	0.0000010000	-0.0000541098	7.8565973737E-9	-0.0000042423	1.8695209785E-9	9.400	33.500
6/19/2022	11:27 AM	0.2074429500	76.800	28.000	30.000	0.0000010000	-0.0000541427	6.9634758128E-9	-0.0000042505	1.0606601718E-9	9.400	33.500
6/19/2022	11:28 AM	0.2099574100	76.800	28.000	30.000	0.0000010000	-0.0000541307	8.1129812901E-9	-0.0000042560	1.0587911841E-22	9.400	33.500
6/19/2022	11:29 AM	0.2124718700	76.800	28.000	30.000	0.0000010000	-0.0000541392	1.2167053956E-8	-0.0000042479	9.0445791238E-10	9.400	33.500
6/19/2022	11:29 AM	0.2149863300	76.800	28.000	30.000	0.0000010000	-0.0000541275	8.7392985590E-9	-0.0000042773	1.3409673646E-9	9.400	33.500
6/19/2022	11:30 AM	0.2175007900	76.800	28.000	30.000	0.0000010000	-0.0000541341	7.0260449495E-9	-0.0000042268	1.9530940122E-9	9.400	33.500
6/19/2022	11:31 AM	0.2200152500	76.800	28.000	30.000	0.0000010000	-0.0000541272	6.8051199614E-9	-0.0000042175	2.5625365336E-9	9.400	33.500
6/19/2022	11:31 AM	0.2225297100	76.800	28.000	30.000	0.0000010000	-0.0000541267	1.0560451029E-8	-0.0000042463	2.0000000000E-10	9.400	33.500
6/19/2022	11:32 AM	0.2250441700	76.800	28.000	30.000	0.0000010000	-0.0000541216	7.6546289595E-9	-0.0000042374	9.6863274407E-10	9.400	33.500
6/19/2022	11:33 AM	0.2275586300	76.800	28.000	30.000	0.0000010000	-0.0000541524	6.5711190611E-9	-0.0000042520	1.4596802579E-9	9.400	33.500
6/19/2022	11:33 AM	0.2300730900	76.800	28.000	30.000	0.0000010000	-0.0000541362	6.6582471108E-9	-0.0000042550	1.0815663043E-9	9.400	33.500
6/19/2022	11:34 AM	0.2325875500	76.800	28.000	30.000	0.0000010000	-0.0000541289	7.4024031934E-9	-0.0000042524	1.2526593236E-9	9.400	33.500
6/19/2022	11:35 AM	0.2351020100	76.800	28.000	30.000	0.0000010000	-0.0000541309	7.9867508869E-9	-0.0000042374	8.9056941504E-10	9.400	33.500
6/19/2022	11:35 AM	0.2376164700	76.800	28.000	30.000	0.0000010000	-0.0000541331	1.2821220878E-8	-0.0000042582	4.7855777343E-10	9.400	33.500
6/19/2022	11:36 AM	0.2401309300	76.800	28.000	30.000	0.0000010000	-0.0000541274	9.1234656056E-9	-0.0000042501	1.0000000000E-10	9.400	33.500
6/19/2022	11:37 AM	0.2426453900	76.800	28.000	30.000	0.0000010000	-0.0000541257	9.6419514247E-9	-0.0000042605	2.4494897428E-10	9.400	33.500
6/19/2022	11:38 AM	0.2451598500	76.800	28.000	30.000	0.0000010000	-0.0000541323	9.4971132445E-9	-0.0000042556	1.3276472679E-9	9.400	33.500
6/19/2022	11:38 AM	0.2476743100	76.800	28.000	30.000	0.0000010000	-0.0000541261	6.1031069988E-9	-0.0000042342	8.6899195419E-10	9.400	33.500
6/19/2022	11:39 AM	0.2501887700	76.800	28.000	30.000	0.0000010000	-0.0000541239	1.0113973086E-8	-0.0000042494	2.4494897428E-10	9.400	33.500
6/19/2022	11:40 AM	0.2527032300	76.800	28.000	30.000	0.0000010000	-0.0000541276	6.6846867719E-9	-0.0000042367	1.7185261360E-9	9.400	33.500
6/19/2022	11:40 AM	0.2552176900	76.800	28.000	30.001	0.0000010000	-0.0000541460	8.4543345902E-9	-0.0000042567	8.3006407546E-10	9.400	33.500
6/19/2022	11:41 AM	0.2577321500	76.800	28.000	30.000	0.0000010000	-0.0000541161	7.0020982721E-9	-0.0000042454	1.5061734652E-9	9.400	33.500
6/19/2022	11:42 AM	0.2602466100	76.800	28.000	30.000	0.0000010000	-0.0000541439	1.2333011464E-8	-0.0000042240	3.0321724378E-9	9.400	33.500
6/19/2022	11:42 AM	0.2627610700	76.800	28.000	30.000	0.0000010000	-0.0000541296	1.2450863766E-8	-0.0000042498	9.7358920452E-10	9.400	33.500
6/19/2022	11:43 AM	0.2652755300	76.800	28.000	30.000	0.0000010000	-0.0000541305	6.0614934867E-9	-0.0000042552	5.9328478957E-10	9.400	33.500
6/19/2022	11:44 AM	0.2677899900	76.800	28.000	30.000	0.0000010000	-0.0000541305	1.0266728328E-8	-0.0000042423	7.6278691088E-10	9.400	33.500
6/19/2022	11:44 AM	0.2703044500	76.800	28.000	30.000	0.0000010000	-0.0000541243	1.2160622937E-8	-0.0000042411	1.4641515347E-9	9.400	33.500
6/19/2022	11:45 AM	0.2728189100	76.800	28.000	30.000	0.0000010000	-0.0000541290	7.3479447319E-9	-0.0000042569	6.6571333342E-10	9.400	33.500
6/19/2022	11:46 AM	0.2753333700	76.800	28.000	30.000	0.0000010000	-0.0000541366	5.0468687029E-9	-0.0000042405	1.3572213599E-9	9.400	33.500
6/19/2022	11:46 AM	0.2778478300	76.800	28.000	30.001	0.0000010000	-0.0000541235	9.0935398780E-9	-0.0000042715	7.9346745639E-10	9.400	33.500
6/19/2022	11:47 AM	0.2803622900	76.800	28.000	29.999	0.0000010000	-0.0000541483	1.3426776298E-8	-0.0000042456	1.1905713948E-9	9.400	33.500
6/19/2022	11:48 AM	0.2828767500	76.800	28.000	30.000	0.0000010000	-0.0000541323	7.5893091815E-9	-0.0000042430	1.4030993346E-9	9.400	33.500
6/19/2022	11:48 AM	0.2853912100	76.800	28.000	30.000	0.0000010000	-0.0000541293	1.0542238115E-8	-0.0000042596	1.2561514854E-9	9.400	33.500
6/19/2022	11:49 AM	0.2879056700	76.800	28.000	30.000	0.0000010000	-0.0000541083	1.0246559311E-8	-0.0000042565	2.4494897428E-10	9.400	33.500
6/19/2022	11:50 AM	0.2904201300	76.800	28.000	30.000	0.0000010000	-0.0000541253	7.5820027735E-9	-0.0000042550	3.7742546282E-10	9.400	33.500
6/19/2022	11:50 AM	0.2929345900	76.800	28.000	30.000	0.0000010000	-0.0000541576	1.2912347191E-8	-0.0000042409	9.8102496759E-10	9.400	33.400
6/19/2022	11:51 AM	0.2954490500	76.800	28.000	30.000	0.0000010000	-0.0000541402	9.0513859501E-9	-0.0000042514	5.9328478957E-10	9.400	33.500
6/19/2022	11:52 AM	0.2979635100	76.800	28.000	30.000	0.0000010000	-0.0000541409	7.3985343663E-9	-0.0000042532	1.3761316630E-9	9.400	33.500
6/19/2022	11:52 AM	0.3004779700	76.800	28.000	30.000	0.0000010000	-0.0000541272	6.7383963668E-9	-0.0000042434	1.5931090385E-9	9.400	33.500
