! User Name:	Aditya 
! Sample Name:	FGT_CPS_Device  4_FC8T_
! Sample ID:	FGT/CrPS4
! Date:	7/1/2022	Time:	12:42 AM
! Current Source:	Keithley 224 Current Source
! Voltmeter V1:	Keithley 182 Degital voltmeter
! Voltmeter V2:	Keithley 2182A  NanoVoltmeter
! V1 (volts):	Rxx Device 1
! V2 (volts):	Rxy Device 1
! Max Field (Tesla):0.000000	! Data points (0_maxT:75.000000	! Average Number:5.000000	
! Comments:	FGT/CrPS4 device was made in glove using flaking and dry transfering of flakes. 
! 
! 
! 
! 
Data	Time	Magnetic Field (T)	Helium Level (%)	VTI Temperature (K)	Sample Temparture (K)	Current (A) 	Voltage-1(V)	Std. of V1	Voltage-2 (V)	Std. of V2	VTI  Heater Power (%)	Sample Heater Power (%)
7/1/2022	12:44 AM	0.3004779700	52.000	52.780	54.994	0.0000010000	-0.0000610597	5.1002890877E-9	-0.0000057797	6.0850436627E-10	6.700	27.800
7/1/2022	12:45 AM	0.2979635100	35.600	33.000	35.000	0.0000010000	-0.0000610443	1.0378992643E-8	-0.0000057820	5.8615541191E-10	10.500	25.200
7/1/2022	12:46 AM	0.2954490500	35.600	33.000	35.000	0.0000010000	-0.0000610501	9.2915676442E-9	-0.0000057852	5.4649857042E-10	10.500	25.200
7/1/2022	12:47 AM	0.2929345900	35.600	33.000	35.000	0.0000010000	-0.0000610188	8.5850646190E-9	-0.0000057974	4.1402208188E-10	10.500	25.200
7/1/2022	12:48 AM	0.2904201300	35.600	33.000	34.999	0.0000010000	-0.0000610488	7.6547551769E-9	-0.0000057585	2.2285462775E-9	10.500	25.200
7/1/2022	12:48 AM	0.2879056700	35.600	33.000	35.000	0.0000010000	-0.0000610491	1.1056324490E-8	-0.0000057853	5.5355339059E-10	10.500	25.200
7/1/2022	12:49 AM	0.2853912100	35.600	33.000	35.000	0.0000010000	-0.0000610439	7.3825630705E-9	-0.0000057767	4.7602787773E-10	10.500	25.200
7/1/2022	12:50 AM	0.2828767500	35.600	33.000	35.000	0.0000010000	-0.0000610641	9.0539118653E-9	-0.0000057971	4.9989994996E-10	10.500	25.200
7/1/2022	12:50 AM	0.2803622900	35.600	33.000	35.000	0.0000010000	-0.0000610611	7.3150795604E-9	-0.0000057670	3.7416573868E-10	10.500	25.200
7/1/2022	12:51 AM	0.2778478300	35.600	33.000	35.000	0.0000010000	-0.0000610376	4.9799158126E-9	-0.0000057891	1.2409606938E-9	10.500	25.200
7/1/2022	12:52 AM	0.2753333700	35.600	33.000	35.000	0.0000010000	-0.0000610521	7.2737738621E-9	-0.0000057779	9.3874768826E-10	10.500	25.200
7/1/2022	12:53 AM	0.2728189100	35.600	33.000	35.000	0.0000010000	-0.0000610440	8.2224260317E-9	-0.0000057697	6.9039350469E-10	10.500	25.200
7/1/2022	12:53 AM	0.2703044500	35.600	33.000	35.000	0.0000010000	-0.0000610583	6.3778883154E-9	-0.0000057938	6.8476798574E-10	10.500	25.200
7/1/2022	12:54 AM	0.2677899900	35.600	33.000	35.000	0.0000010000	-0.0000610486	1.0984981154E-8	-0.0000057953	9.5655632349E-10	10.500	25.200
7/1/2022	12:55 AM	0.2652755300	35.600	33.000	35.000	0.0000010000	-0.0000610632	9.4859165795E-9	-0.0000057960	9.3794980865E-10	10.500	25.200
7/1/2022	12:56 AM	0.2627610700	35.600	33.000	35.000	0.0000010000	-0.0000610652	1.1171367790E-8	-0.0000057887	5.6368092477E-10	10.500	25.200
7/1/2022	12:56 AM	0.2602466100	35.600	33.000	35.000	0.0000010000	-0.0000610403	8.5684542376E-9	-0.0000057676	8.7543465798E-10	10.400	25.200
7/1/2022	12:57 AM	0.2577321500	35.600	33.000	35.000	0.0000010000	-0.0000610495	5.8838545329E-9	-0.0000057724	1.1870828693E-9	10.400	25.200
7/1/2022	12:58 AM	0.2552176900	34.300	33.000	35.000	0.0000010000	-0.0000610428	6.2735609200E-9	-0.0000057850	1.6309506430E-9	10.400	25.200
7/1/2022	12:59 AM	0.2527032300	34.300	33.000	35.000	0.0000010000	-0.0000610537	7.8622167608E-9	-0.0000057687	8.2739529308E-10	10.400	25.200
7/1/2022	12:59 AM	0.2501887700	34.300	33.000	35.000	0.0000010000	-0.0000610402	8.0209645303E-9	-0.0000057946	5.4063625993E-10	10.400	25.200
7/1/2022	1:00 AM	0.2476743100	34.300	33.000	34.999	0.0000010000	-0.0000610451	1.0049862169E-8	-0.0000057962	1.1191948626E-9	10.400	25.200
7/1/2022	1:01 AM	0.2451598500	34.300	33.000	35.000	0.0000010000	-0.0000610531	1.1969295404E-8	-0.0000057893	5.3011626335E-10	10.400	25.200
7/1/2022	1:01 AM	0.2426453900	34.300	33.000	35.000	0.0000010000	-0.0000610371	8.2805225787E-9	-0.0000057689	7.5746071035E-10	10.400	25.200
7/1/2022	1:02 AM	0.2401309300	34.300	33.000	35.000	0.0000010000	-0.0000610673	7.5187017761E-9	-0.0000057843	8.1723431537E-10	10.400	25.100
7/1/2022	1:03 AM	0.2376164700	34.300	33.000	35.000	0.0000010000	-0.0000610410	1.0611050522E-8	-0.0000057687	2.0387975382E-9	10.400	25.200
7/1/2022	1:03 AM	0.2351020100	34.300	33.000	35.000	0.0000010000	-0.0000610474	7.8786605030E-9	-0.0000057867	5.6368092477E-10	10.400	25.200
7/1/2022	1:04 AM	0.2325875500	34.300	33.000	35.000	0.0000010000	-0.0000610530	8.1307578412E-9	-0.0000057800	2.4494897428E-10	10.400	25.200
7/1/2022	1:05 AM	0.2300730900	34.300	33.000	35.001	0.0000010000	-0.0000610408	7.8498982498E-9	-0.0000057743	9.2764726786E-10	10.400	25.200
7/1/2022	1:06 AM	0.2275586300	34.300	33.000	35.000	0.0000010000	-0.0000610485	9.5611580909E-9	-0.0000057848	1.1707877060E-9	10.400	25.200
7/1/2022	1:06 AM	0.2250441700	34.300	33.000	35.000	0.0000010000	-0.0000610397	6.4742580958E-9	-0.0000057489	3.1415803150E-9	10.400	25.200
7/1/2022	1:07 AM	0.2225297100	34.300	33.000	35.000	0.0000010000	-0.0000610535	1.0093670472E-8	-0.0000057661	9.9247166206E-10	10.400	25.100
7/1/2022	1:08 AM	0.2200152500	34.300	33.000	35.001	0.0000010000	-0.0000610429	7.6992881869E-9	-0.0000057843	2.2247448714E-10	10.400	25.200
7/1/2022	1:09 AM	0.2175007900	34.300	33.000	35.000	0.0000010000	-0.0000610535	1.1870364323E-8	-0.0000057758	6.3385391260E-10	10.400	25.200
7/1/2022	1:09 AM	0.2149863300	34.300	33.000	35.000	0.0000010000	-0.0000610519	1.0724443571E-8	-0.0000057672	1.2836071525E-9	10.400	25.100
7/1/2022	1:10 AM	0.2124718700	34.300	33.000	35.000	0.0000010000	-0.0000610491	8.7511890197E-9	-0.0000057818	7.2093678194E-10	10.400	25.200
7/1/2022	1:11 AM	0.2099574100	34.300	33.000	35.000	0.0000010000	-0.0000610594	5.4127968346E-9	-0.0000057831	3.4519675235E-10	10.400	25.200
7/1/2022	1:11 AM	0.2074429500	34.300	33.000	35.000	0.0000010000	-0.0000610536	3.8433799490E-9	-0.0000057787	8.4833147735E-10	10.400	25.100
7/1/2022	1:12 AM	0.2049284900	34.300	33.000	35.000	0.0000010000	-0.0000610518	4.9269660593E-9	-0.0000057871	1.1812006585E-9	10.400	25.100
7/1/2022	1:13 AM	0.2024140300	34.300	33.000	35.000	0.0000010000	-0.0000610434	6.2678949425E-9	-0.0000057936	1.3995440896E-9	10.400	25.100
7/1/2022	1:14 AM	0.1998995700	34.300	33.000	35.000	0.0000010000	-0.0000610509	8.1075522445E-9	-0.0000057731	6.5632839974E-10	10.400	25.100
7/1/2022	1:14 AM	0.1973851100	34.300	33.000	35.000	0.0000010000	-0.0000610482	3.1654939892E-9	-0.0000057538	2.9167173065E-9	10.400	25.200
7/1/2022	1:15 AM	0.1948706500	34.300	33.000	35.000	0.0000010000	-0.0000610517	8.4802805778E-9	-0.0000057967	1.8502163453E-9	10.400	25.100
7/1/2022	1:16 AM	0.1923561900	34.300	33.000	35.000	0.0000010000	-0.0000610617	9.8420919491E-9	-0.0000057788	1.6924092050E-9	10.400	25.100
7/1/2022	1:16 AM	0.1898417300	0.900	33.000	34.999	0.0000010000	-0.0000610189	9.8219661439E-9	-0.0000057940	3.9154759474E-10	10.400	25.200
7/1/2022	1:17 AM	0.1873272700	34.300	33.000	35.000	0.0000010000	-0.0000610558	1.0282741005E-8	-0.0000057729	1.4881317488E-9	10.300	25.100
7/1/2022	1:18 AM	0.1848128100	34.300	33.000	35.001	0.0000010000	-0.0000610444	9.7807903152E-9	-0.0000057859	3.0955735648E-10	10.300	25.100
7/1/2022	1:19 AM	0.1822983500	34.300	33.000	35.000	0.0000010000	-0.0000610421	1.1337186493E-8	-0.0000057727	1.4107424573E-9	10.300	25.100
7/1/2022	1:19 AM	0.1797838900	34.300	33.000	35.000	0.0000010000	-0.0000610540	9.0807793519E-9	-0.0000058049	6.6099096785E-10	10.300	25.200
7/1/2022	1:20 AM	0.1772694300	34.300	33.000	35.000	0.0000010000	-0.0000610571	1.1926506086E-8	-0.0000057170	5.7175510892E-9	10.300	25.100
7/1/2022	1:21 AM	0.1747549700	34.300	33.000	35.000	0.0000010000	-0.0000610525	1.0519103350E-8	-0.0000057675	4.6159098630E-10	10.300	25.200
7/1/2022	1:22 AM	0.1722405100	34.300	33.000	35.000	0.0000010000	-0.0000610371	5.9355177601E-9	-0.0000057895	2.8708286934E-10	10.300	25.200
7/1/2022	1:22 AM	0.1697260500	34.300	33.000	35.000	0.0000010000	-0.0000610463	8.4650362923E-9	-0.0000057790	7.9369451030E-10	10.300	25.200
7/1/2022	1:23 AM	0.1672115900	34.300	33.000	35.000	0.0000010000	-0.0000610752	8.3206781906E-9	-0.0000057808	1.2247448714E-10	10.300	25.100
7/1/2022	1:24 AM	0.1646971300	34.300	33.000	35.000	0.0000010000	-0.0000610376	8.5761282847E-9	-0.0000057870	8.2739529308E-10	10.300	25.100
7/1/2022	1:24 AM	0.1621826700	34.300	33.000	35.000	0.0000010000	-0.0000610377	1.1523571174E-8	-0.0000057750	1.1258305576E-9	10.300	25.100
7/1/2022	1:25 AM	0.1596682100	34.300	33.000	35.000	0.0000010000	-0.0000610564	1.2912753921E-8	-0.0000057334	4.9361600095E-9	10.300	25.100
7/1/2022	1:26 AM	0.1571537500	34.300	33.000	35.000	0.0000010000	-0.0000610362	6.0131281721E-9	-0.0000057850	2.7386127875E-10	10.300	25.100
7/1/2022	1:26 AM	0.1546392900	34.300	33.000	35.000	0.0000010000	-0.0000610516	8.3031530787E-9	-0.0000057805	7.6587471448E-10	10.300	25.100
7/1/2022	1:27 AM	0.1521248300	34.300	33.000	35.000	0.0000010000	-0.0000610539	7.6918206776E-9	-0.0000057684	1.6761907024E-9	10.300	25.100
7/1/2022	1:28 AM	0.1496103700	34.300	33.000	35.000	0.0000010000	-0.0000610501	7.0510085031E-9	-0.0000057923	8.2739529308E-10	10.300	25.100
7/1/2022	1:29 AM	0.1470959100	34.300	33.000	35.000	0.0000010000	-0.0000610326	8.9895393940E-9	-0.0000057722	6.5355339059E-10	10.300	25.100
7/1/2022	1:29 AM	0.1445814500	34.300	33.000	35.000	0.0000010000	-0.0000610533	2.9790173157E-9	-0.0000057871	7.6332495807E-10	10.300	25.100
7/1/2022	1:30 AM	0.1420669900	34.300	33.000	35.001	0.0000010000	-0.0000610123	9.5978538411E-9	-0.0000057864	4.1402208188E-10	10.300	25.100
7/1/2022	1:31 AM	0.1395525300	34.300	33.000	35.000	0.0000010000	-0.0000610500	9.4018627206E-9	-0.0000057809	5.3385391260E-10	10.300	25.100
7/1/2022	1:32 AM	0.1370380700	34.300	33.000	35.000	0.0000010000	-0.0000610471	5.9012564081E-9	-0.0000057830	4.7863046408E-10	10.300	25.100
7/1/2022	1:32 AM	0.1345236100	34.300	33.000	35.000	0.0000010000	-0.0000610533	9.6741876004E-9	-0.0000057908	9.3186001849E-10	10.300	25.100
7/1/2022	1:33 AM	0.1320091500	34.300	33.000	35.000	0.0000010000	-0.0000610524	6.4481209308E-9	-0.0000058064	1.8144787601E-9	10.300	25.100
7/1/2022	1:34 AM	0.1294946900	34.300	33.000	35.000	0.0000010000	-0.0000610494	1.0668959493E-8	-0.0000057997	1.2474226377E-9	10.300	25.100
7/1/2022	1:34 AM	0.1269802300	34.300	33.000	35.000	0.0000010000	-0.0000610595	7.6126560469E-9	-0.0000057766	6.6571333342E-10	10.300	25.100
7/1/2022	1:35 AM	0.1244657700	34.300	33.000	35.001	0.0000010000	-0.0000610546	2.8194426310E-8	-0.0000057826	3.0000000000E-10	10.300	25.100
7/1/2022	1:36 AM	0.1219513100	34.300	33.000	35.000	0.0000010000	-0.0000610457	1.7154964287E-8	-0.0000057890	3.7742546282E-10	10.300	25.100
7/1/2022	1:36 AM	0.1194368500	34.300	33.000	35.000	0.0000010000	-0.0000610491	1.2700259489E-8	-0.0000057791	1.3474192049E-9	10.300	25.100
7/1/2022	1:37 AM	0.1169223900	34.300	33.000	35.000	0.0000010000	-0.0000610509	6.7873334974E-9	-0.0000057694	7.2662678582E-10	10.300	25.100
7/1/2022	1:38 AM	0.1144079300	34.300	33.000	35.000	0.0000010000	-0.0000610498	7.3370271369E-9	-0.0000057983	1.0574368385E-9	10.300	25.100
7/1/2022	1:39 AM	0.1118934700	34.300	33.000	35.000	0.0000010000	-0.0000610257	8.2143511078E-9	-0.0000057914	1.1426687794E-9	10.300	25.100
7/1/2022	1:39 AM	0.1093790100	34.300	33.000	35.000	0.0000010000	-0.0000610604	1.1781286399E-8	-0.0000057733	8.1723431537E-10	10.300	25.100
7/1/2022	1:40 AM	0.1068645500	34.300	33.000	35.000	0.0000010000	-0.0000610552	7.3092161924E-9	-0.0000057900	8.4833147735E-10	10.300	25.100
7/1/2022	1:41 AM	0.1043500900	34.300	33.000	35.000	0.0000010000	-0.0000610531	1.1876826715E-8	-0.0000057765	3.9154759474E-10	10.300	25.100
7/1/2022	1:41 AM	0.1018356300	34.300	33.000	35.000	0.0000010000	-0.0000610327	9.5886146253E-9	-0.0000057857	1.6395894504E-9	10.300	25.100
7/1/2022	1:42 AM	0.0993211700	34.300	33.000	35.000	0.0000010000	-0.0000610425	8.9088284234E-9	-0.0000057703	3.6412811472E-9	10.300	25.100
7/1/2022	1:43 AM	0.0968067100	34.300	33.000	35.000	0.0000010000	-0.0000610616	9.9655291733E-9	-0.0000057702	6.3851648071E-10	10.200	25.100
7/1/2022	1:44 AM	0.0942922500	34.300	33.000	35.000	0.0000010000	-0.0000610273	1.0527380235E-8	-0.0000058052	1.3331809275E-9	10.200	25.100
7/1/2022	1:44 AM	0.0917777900	34.300	33.000	35.000	0.0000010000	-0.0000610548	6.7600500500E-9	-0.0000057674	8.9418965053E-10	10.200	25.100
7/1/2022	1:45 AM	0.0892633300	34.300	33.000	34.999	0.0000010000	-0.0000610490	1.0033421536E-8	-0.0000057962	1.4260340387E-9	10.200	25.100
7/1/2022	1:46 AM	0.0867488700	34.300	33.000	35.000	0.0000010000	-0.0000610480	9.1189884573E-9	-0.0000057745	4.5495097568E-10	10.200	25.100
7/1/2022	1:47 AM	0.0842344100	34.300	33.000	35.000	0.0000010000	-0.0000610360	7.0018914237E-9	-0.0000057905	2.8708286934E-10	10.200	25.100
7/1/2022	1:47 AM	0.0817199500	34.300	33.000	35.000	0.0000010000	-0.0000610556	8.1596856197E-9	-0.0000057844	5.8615541191E-10	10.200	25.100
7/1/2022	1:48 AM	0.0792054900	34.300	33.000	35.000	0.0000010000	-0.0000610527	6.6051497313E-9	-0.0000057702	9.0687121620E-10	10.200	25.100
7/1/2022	1:49 AM	0.0766910300	34.300	33.000	35.001	0.0000010000	-0.0000610207	1.2948560663E-8	-0.0000057894	4.3011626335E-10	10.200	25.100
7/1/2022	1:49 AM	0.0741765700	34.300	33.000	35.000	0.0000010000	-0.0000610473	5.8678657269E-9	-0.0000057618	1.3639430989E-9	10.200	25.100
7/1/2022	1:50 AM	0.0716621100	34.300	33.000	35.000	0.0000010000	-0.0000610475	9.5744658521E-9	-0.0000057771	4.1068966709E-10	10.200	25.100
7/1/2022	1:51 AM	0.0691476500	34.300	33.000	35.000	0.0000010000	-0.0000610442	5.8145637221E-9	-0.0000057872	5.8708286934E-10	10.200	25.100
7/1/2022	1:52 AM	0.0666331900	34.300	33.000	34.999	0.0000010000	-0.0000610525	8.4628485920E-9	-0.0000057756	6.8506723903E-10	10.200	25.100
7/1/2022	1:52 AM	0.0641187300	34.300	33.000	35.000	0.0000010000	-0.0000610429	9.0658869407E-9	-0.0000057739	7.6278691088E-10	10.200	25.100
7/1/2022	1:53 AM	0.0616042700	34.300	33.000	35.000	0.0000010000	-0.0000610539	9.1375454275E-9	-0.0000057740	1.0403124237E-9	10.200	25.100
7/1/2022	1:54 AM	0.0590898100	34.300	33.000	35.000	0.0000010000	-0.0000610371	1.0766124306E-8	-0.0000057702	8.2540150734E-10	10.200	25.100
7/1/2022	1:54 AM	0.0565753500	34.300	33.000	35.000	0.0000010000	-0.0000610416	4.3394101400E-9	-0.0000057792	5.5355339059E-10	10.200	25.000
7/1/2022	1:55 AM	0.0540608900	34.300	33.000	35.000	0.0000010000	-0.0000610464	6.9346719222E-9	-0.0000057723	2.4662327234E-9	10.200	25.100
7/1/2022	1:56 AM	0.0515464300	34.300	33.000	35.000	0.0000010000	-0.0000610560	6.3049556320E-9	-0.0000057749	1.1319883720E-9	10.200	25.000
7/1/2022	1:57 AM	0.0490319700	34.300	33.000	35.001	0.0000010000	-0.0000610344	1.4777104937E-8	-0.0000057938	3.7416573868E-10	10.200	25.100
7/1/2022	1:57 AM	0.0465175100	34.300	33.000	35.000	0.0000010000	-0.0000610494	1.0035055550E-8	-0.0000057621	9.5012175500E-10	10.200	25.100
7/1/2022	1:58 AM	0.0440030500	36.700	33.000	35.000	0.0000010000	-0.0000610545	6.5850441306E-9	-0.0000057810	5.8615541191E-10	10.200	25.100
7/1/2022	1:59 AM	0.0414885900	36.700	33.000	35.000	0.0000010000	-0.0000610346	6.7288546337E-9	-0.0000057836	5.6368092477E-10	10.200	25.000
7/1/2022	1:59 AM	0.0389741300	36.700	33.000	35.000	0.0000010000	-0.0000610455	7.9841563882E-9	-0.0000057815	9.1203127704E-10	10.200	25.100
7/1/2022	2:00 AM	0.0364596700	36.700	33.000	35.000	0.0000010000	-0.0000610394	1.0370699657E-8	-0.0000057615	3.3728678259E-9	10.200	25.100
7/1/2022	2:01 AM	0.0339452100	36.700	33.000	35.000	0.0000010000	-0.0000610486	7.6212298460E-9	-0.0000057663	1.2514889173E-9	10.200	25.100
7/1/2022	2:02 AM	0.0314307500	36.700	33.000	35.000	0.0000010000	-0.0000610525	8.8129302612E-9	-0.0000057813	1.3381186870E-9	10.200	25.100
7/1/2022	2:02 AM	0.0289162900	36.700	33.000	35.000	0.0000010000	-0.0000610485	7.8304232431E-9	-0.0000057988	1.2913146230E-9	10.200	25.100
7/1/2022	2:03 AM	0.0264018300	36.700	33.000	35.000	0.0000010000	-0.0000610494	5.7625325061E-9	-0.0000057841	2.2247448714E-10	10.200	25.100
7/1/2022	2:04 AM	0.0238873700	36.700	33.000	35.000	0.0000010000	-0.0000610421	6.0456437426E-9	-0.0000057810	6.2911671436E-10	10.200	25.100
7/1/2022	2:05 AM	0.0213729100	36.700	33.000	35.000	0.0000010000	-0.0000610459	9.7097382078E-9	-0.0000057949	5.7416573868E-10	10.200	25.100
7/1/2022	2:05 AM	0.0188584500	36.700	33.000	35.000	0.0000010000	-0.0000610525	1.0026338149E-8	-0.0000057916	2.6465526885E-9	10.200	25.100
7/1/2022	2:06 AM	0.0163439900	36.700	33.000	35.000	0.0000010000	-0.0000610460	1.1978632197E-8	-0.0000057698	9.0687121620E-10	10.200	25.100
7/1/2022	2:07 AM	0.0138295300	36.700	33.000	35.000	0.0000010000	-0.0000610512	1.0727045364E-8	-0.0000057969	8.6391922149E-10	10.200	25.000
7/1/2022	2:07 AM	0.0113150700	36.700	33.000	35.000	0.0000010000	-0.0000610400	1.1391923600E-8	-0.0000057790	0.0000000000E+0	10.200	25.100
7/1/2022	2:08 AM	0.0088006100	36.700	33.000	35.000	0.0000010000	-0.0000610332	1.3737779884E-8	-0.0000057809	5.9103025917E-10	10.200	25.100
7/1/2022	2:09 AM	0.0062861500	36.700	33.000	35.000	0.0000010000	-0.0000610566	7.9770915494E-9	-0.0000057728	3.5495097568E-10	10.200	25.100
7/1/2022	2:09 AM	0.0037716900	36.700	33.000	35.001	0.0000010000	-0.0000610513	3.6837225561E-9	-0.0000057961	1.5325149593E-9	10.200	25.100
7/1/2022	2:10 AM	0.0012572300	36.700	33.000	35.001	0.0000010000	-0.0000610506	5.1632837451E-9	-0.0000057892	1.1632460819E-9	10.200	25.100
7/1/2022	2:11 AM	-0.0012572300	36.700	33.000	35.000	0.0000010000	-0.0000610244	8.4861597073E-9	-0.0000057914	6.4510098534E-10	10.200	25.100
7/1/2022	2:12 AM	-0.0037716900	36.700	33.000	35.000	0.0000010000	-0.0000610592	1.0675311611E-8	-0.0000057657	9.3005376189E-10	10.200	25.000
7/1/2022	2:12 AM	-0.0062861500	36.700	33.000	35.000	0.0000010000	-0.0000610476	1.1278491070E-8	-0.0000057767	2.3476495316E-9	10.200	25.000
7/1/2022	2:13 AM	-0.0088006100	36.700	33.000	34.999	0.0000010000	-0.0000610463	9.2721989688E-9	-0.0000057816	1.1477512681E-9	10.200	25.000
7/1/2022	2:14 AM	-0.0113150700	36.700	33.000	34.999	0.0000010000	-0.0000610549	9.9975340027E-9	-0.0000057510	2.6129847635E-9	10.200	25.100
7/1/2022	2:14 AM	-0.0138295300	36.700	33.000	35.000	0.0000010000	-0.0000610339	1.0878391605E-8	-0.0000057817	2.0544264909E-9	10.200	25.000
7/1/2022	2:15 AM	-0.0163439900	36.700	33.000	35.000	0.0000010000	-0.0000610560	1.1418347822E-8	-0.0000057855	5.8615541191E-10	10.200	25.000
7/1/2022	2:16 AM	-0.0188584500	36.700	33.000	35.000	0.0000010000	-0.0000610564	8.3197546147E-9	-0.0000057788	1.4015086499E-9	10.200	25.000
7/1/2022	2:16 AM	-0.0213729100	36.700	33.000	35.000	0.0000010000	-0.0000610563	9.8013835319E-9	-0.0000058000	1.3924716621E-9	10.200	25.100
7/1/2022	2:17 AM	-0.0238873700	36.700	33.000	35.000	0.0000010000	-0.0000610486	8.8794804485E-9	-0.0000057929	4.5495097568E-10	10.200	25.000
7/1/2022	2:18 AM	-0.0264018300	36.700	33.000	35.000	0.0000010000	-0.0000610254	8.7081602848E-9	-0.0000057870	9.2364110314E-10	10.200	25.100
7/1/2022	2:18 AM	-0.0289162900	36.700	33.000	35.000	0.0000010000	-0.0000610732	1.0137401387E-8	-0.0000057773	3.0248320909E-9	10.200	25.100
7/1/2022	2:19 AM	-0.0314307500	36.700	33.000	35.000	0.0000010000	-0.0000610475	1.1531091138E-8	-0.0000057671	4.4203384502E-10	10.200	25.100
7/1/2022	2:20 AM	-0.0339452100	36.700	33.000	35.000	0.0000010000	-0.0000610579	9.2283599225E-9	-0.0000057773	8.9206987131E-10	10.200	25.100
7/1/2022	2:21 AM	-0.0364596700	36.700	33.000	35.000	0.0000010000	-0.0000610436	6.5224057654E-9	-0.0000057785	2.2075592294E-9	10.200	25.000
7/1/2022	2:21 AM	-0.0389741300	36.700	33.000	35.000	0.0000010000	-0.0000610484	8.2497402115E-9	-0.0000057824	6.0620192023E-10	10.200	25.100
7/1/2022	2:22 AM	-0.0414885900	36.700	33.000	35.000	0.0000010000	-0.0000610511	5.0106103152E-9	-0.0000057458	5.7139391688E-9	10.100	25.000
7/1/2022	2:23 AM	-0.0440030500	36.700	33.000	35.000	0.0000010000	-0.0000610477	6.8728230094E-9	-0.0000057698	2.4207425111E-9	10.200	25.000
7/1/2022	2:23 AM	-0.0465175100	36.700	33.000	35.000	0.0000010000	-0.0000610408	8.1975902030E-9	-0.0000057711	1.4465237557E-9	10.100	25.000
7/1/2022	2:24 AM	-0.0490319700	36.700	33.000	35.000	0.0000010000	-0.0000610642	8.2578960763E-9	-0.0000057839	1.1039416252E-9	10.100	25.000
7/1/2022	2:25 AM	-0.0515464300	36.700	33.000	35.001	0.0000010000	-0.0000610643	1.0870442005E-8	-0.0000057963	6.5076379411E-10	10.100	25.000
7/1/2022	2:25 AM	-0.0540608900	36.700	33.000	34.999	0.0000010000	-0.0000610533	7.5382894505E-9	-0.0000057799	1.0000000000E-10	10.100	25.000
7/1/2022	2:26 AM	-0.0565753500	36.700	33.000	35.000	0.0000010000	-0.0000610592	1.0953212477E-8	-0.0000057766	1.8708286934E-10	10.100	25.100
7/1/2022	2:27 AM	-0.0590898100	36.700	33.000	35.000	0.0000010000	-0.0000610488	8.0885884963E-9	-0.0000057787	1.0825982435E-9	10.100	25.000
7/1/2022	2:28 AM	-0.0616042700	36.700	33.000	35.000	0.0000010000	-0.0000610579	7.8929170896E-9	-0.0000057943	3.8708286934E-10	10.100	25.000
7/1/2022	2:28 AM	-0.0641187300	36.700	33.000	35.000	0.0000010000	-0.0000610537	7.2393128722E-9	-0.0000057982	7.2048368230E-10	10.100	25.000
7/1/2022	2:29 AM	-0.0666331900	36.700	33.000	35.000	0.0000010000	-0.0000610450	6.8629570927E-9	-0.0000057707	6.8476798574E-10	10.100	25.000
7/1/2022	2:30 AM	-0.0691476500	36.700	33.000	35.000	0.0000010000	-0.0000610626	1.2397639651E-8	-0.0000057880	7.2166385809E-10	10.100	25.000
7/1/2022	2:30 AM	-0.0716621100	36.700	33.000	35.000	0.0000010000	-0.0000610440	9.6071246459E-9	-0.0000057806	1.1606601718E-9	10.100	25.000
7/1/2022	2:31 AM	-0.0741765700	36.700	33.000	35.000	0.0000010000	-0.0000610463	1.0155830866E-8	-0.0000057639	1.7195281434E-9	10.100	25.000
7/1/2022	2:32 AM	-0.0766910300	36.700	33.000	35.000	0.0000010000	-0.0000610357	1.0302567331E-8	-0.0000057814	2.2247448714E-10	10.100	25.000
7/1/2022	2:33 AM	-0.0792054900	36.700	33.000	35.000	0.0000010000	-0.0000610432	9.4577981894E-9	-0.0000057815	8.3784666345E-10	10.100	25.000
7/1/2022	2:33 AM	-0.0817199500	36.700	33.000	35.000	0.0000010000	-0.0000610660	9.6087292747E-9	-0.0000057786	1.2247448714E-9	10.100	25.000
7/1/2022	2:34 AM	-0.0842344100	36.700	33.000	35.000	0.0000010000	-0.0000610438	1.1379839886E-8	-0.0000057837	9.8600225733E-10	10.100	25.000
7/1/2022	2:35 AM	-0.0867488700	36.700	33.000	35.000	0.0000010000	-0.0000610562	9.6912527288E-9	-0.0000057770	7.3851648071E-10	10.100	25.000
7/1/2022	2:36 AM	-0.0892633300	36.700	33.000	35.000	0.0000010000	-0.0000610478	9.4384511136E-9	-0.0000057778	9.0349945473E-10	10.100	25.000
7/1/2022	2:37 AM	-0.0917777900	36.700	33.000	35.000	0.0000010000	-0.0000610536	1.0200369148E-8	-0.0000058082	1.3714740868E-9	10.100	25.000
7/1/2022	2:37 AM	-0.0942922500	36.700	33.000	35.001	0.0000010000	-0.0000610515	8.9761337886E-9	-0.0000057823	8.8526139802E-10	10.100	25.000
7/1/2022	2:38 AM	-0.0968067100	36.700	33.000	35.000	0.0000010000	-0.0000610561	9.8620658017E-9	-0.0000057689	1.2842305554E-9	10.100	25.000
7/1/2022	2:39 AM	-0.0993211700	36.700	33.000	35.000	0.0000010000	-0.0000610543	8.1889098793E-9	-0.0000053636	1.7007226083E-7	10.100	25.000
7/1/2022	2:39 AM	-0.1018356300	36.700	33.000	35.000	0.0000010000	-0.0000610551	9.1042874523E-9	-0.0000043614	2.0629974094E-9	10.100	25.000
7/1/2022	2:40 AM	-0.1043500900	36.700	33.000	35.000	0.0000010000	-0.0000610374	1.0958383571E-8	-0.0000043722	1.4427786936E-9	10.100	25.000
7/1/2022	2:41 AM	-0.1068645500	36.700	33.000	35.000	0.0000010000	-0.0000610382	6.1018480667E-9	-0.0000043706	1.1788289045E-9	10.100	25.000
7/1/2022	2:41 AM	-0.1093790100	36.700	33.000	35.000	0.0000010000	-0.0000610392	7.0640561565E-9	-0.0000043497	3.6544457984E-9	10.100	25.100
7/1/2022	2:42 AM	-0.1118934700	36.700	33.000	35.000	0.0000010000	-0.0000610321	1.1211950897E-8	-0.0000043676	8.9569989342E-10	10.100	25.000
7/1/2022	2:43 AM	-0.1144079300	36.700	33.000	35.000	0.0000010000	-0.0000610251	8.0960576179E-9	-0.0000043808	9.3186001849E-10	10.100	25.000
7/1/2022	2:44 AM	-0.1169223900	36.700	33.000	35.000	0.0000010000	-0.0000610466	7.4831455148E-9	-0.0000043692	6.0850436627E-10	10.100	25.000
7/1/2022	2:44 AM	-0.1194368500	36.700	33.000	35.000	0.0000010000	-0.0000610351	1.0219001996E-8	-0.0000043558	1.8110550771E-9	10.100	25.000
7/1/2022	2:45 AM	-0.1219513100	36.700	33.000	35.000	0.0000010000	-0.0000610373	9.9789523135E-9	-0.0000043716	1.4711530088E-9	10.100	25.000
7/1/2022	2:46 AM	-0.1244657700	36.700	33.000	35.000	0.0000010000	-0.0000610588	1.1808028871E-8	-0.0000043760	5.7416573868E-10	10.100	25.000
7/1/2022	2:46 AM	-0.1269802300	36.700	33.000	35.000	0.0000010000	-0.0000610511	7.8784937123E-9	-0.0000043400	3.7217478363E-9	10.100	25.000
7/1/2022	2:47 AM	-0.1294946900	36.700	33.000	35.000	0.0000010000	-0.0000610346	1.0509696928E-8	-0.0000043725	2.2360679775E-10	10.100	25.000
7/1/2022	2:48 AM	-0.1320091500	36.700	33.000	35.000	0.0000010000	-0.0000610219	5.0179441419E-9	-0.0000043651	7.7416573868E-10	10.100	25.000
7/1/2022	2:49 AM	-0.1345236100	36.700	33.000	35.000	0.0000010000	-0.0000610489	5.9785519030E-9	-0.0000043730	3.1622776602E-10	10.100	25.000
7/1/2022	2:49 AM	-0.1370380700	36.700	33.000	35.000	0.0000010000	-0.0000610409	9.1656294889E-9	-0.0000043562	1.0437558640E-9	10.100	25.000
7/1/2022	2:50 AM	-0.1395525300	36.700	33.000	35.000	0.0000010000	-0.0000610354	1.2442172269E-8	-0.0000043753	1.0337686373E-9	10.100	25.000
7/1/2022	2:51 AM	-0.1420669900	36.700	33.000	34.999	0.0000010000	-0.0000610336	9.3780848203E-9	-0.0000043834	5.2867640737E-10	10.100	25.000
7/1/2022	2:51 AM	-0.1445814500	36.700	33.000	35.000	0.0000010000	-0.0000610355	8.1159653745E-9	-0.0000043957	1.0359759433E-9	10.100	25.000
7/1/2022	2:52 AM	-0.1470959100	36.700	33.000	35.000	0.0000010000	-0.0000610279	9.2253649553E-9	-0.0000043848	6.2179480778E-10	10.100	25.000
7/1/2022	2:53 AM	-0.1496103700	36.700	33.000	35.000	0.0000010000	-0.0000610392	4.0824495402E-9	-0.0000043741	4.5355339059E-10	10.100	25.000
7/1/2022	2:53 AM	-0.1521248300	36.700	33.000	35.000	0.0000010000	-0.0000610378	8.9192158854E-9	-0.0000043705	8.6522066419E-10	10.100	25.000
7/1/2022	2:54 AM	-0.1546392900	36.700	33.000	35.000	0.0000010000	-0.0000610462	9.0740234718E-9	-0.0000043836	9.1763500472E-10	10.100	25.000
7/1/2022	2:55 AM	-0.1571537500	36.700	33.000	35.000	0.0000010000	-0.0000610344	5.7524845524E-9	-0.0000043624	1.3516648189E-9	10.100	25.000
7/1/2022	2:56 AM	-0.1596682100	36.700	33.000	35.000	0.0000010000	-0.0000610529	9.1170390702E-9	-0.0000043339	3.7629232620E-9	10.100	25.000
7/1/2022	2:56 AM	-0.1621826700	36.700	33.000	35.000	0.0000010000	-0.0000610418	6.8499887882E-9	-0.0000043810	2.4494897428E-10	10.100	25.000
7/1/2022	2:57 AM	-0.1646971300	36.700	33.000	35.000	0.0000010000	-0.0000610519	5.4009117857E-9	-0.0000043904	1.0032824530E-9	10.100	25.000
7/1/2022	2:58 AM	-0.1672115900	36.700	33.000	35.000	0.0000010000	-0.0000610357	8.7528973125E-9	-0.0000043631	9.0471787406E-10	10.100	25.000
7/1/2022	2:58 AM	-0.1697260500	36.200	33.000	35.000	0.0000010000	-0.0000610373	1.0573674815E-8	-0.0000043721	3.5495097568E-10	10.100	25.000
7/1/2022	2:59 AM	-0.1722405100	36.200	33.000	35.000	0.0000010000	-0.0000610263	9.4979271288E-9	-0.0000043666	8.1763500472E-10	10.100	25.000
7/1/2022	3:00 AM	-0.1747549700	36.200	33.000	35.000	0.0000010000	-0.0000610407	7.1887038664E-9	-0.0000043583	9.0710678119E-10	10.100	25.000
7/1/2022	3:01 AM	-0.1772694300	36.200	33.000	35.000	0.0000010000	-0.0000610523	8.1564913215E-9	-0.0000043682	2.0000000000E-10	10.100	25.000
7/1/2022	3:01 AM	-0.1797838900	36.200	33.000	35.000	0.0000010000	-0.0000610463	9.6362382858E-9	-0.0000043766	3.0955735648E-10	10.100	25.000
7/1/2022	3:02 AM	-0.1822983500	36.200	33.000	35.000	0.0000010000	-0.0000610410	1.1327798014E-8	-0.0000043906	1.3189357051E-9	10.100	25.000
7/1/2022	3:03 AM	-0.1848128100	36.200	33.000	35.000	0.0000010000	-0.0000610379	8.3083148499E-9	-0.0000043417	3.9181747680E-9	10.100	25.000
7/1/2022	3:03 AM	-0.1873272700	36.200	33.000	35.000	0.0000010000	-0.0000610350	7.2267005967E-9	-0.0000043783	4.6368092477E-10	10.100	25.000
7/1/2022	3:04 AM	-0.1898417300	36.200	33.000	35.000	0.0000010000	-0.0000610419	8.7773478053E-9	-0.0000043698	2.8058837015E-10	10.100	25.000
7/1/2022	3:05 AM	-0.1923561900	36.200	33.000	35.000	0.0000010000	-0.0000610247	8.4968616249E-9	-0.0000043817	3.8708286934E-10	10.100	25.000
7/1/2022	3:05 AM	-0.1948706500	36.200	33.000	35.000	0.0000010000	-0.0000610324	9.3227016231E-9	-0.0000043665	9.3794980865E-10	10.100	25.000
7/1/2022	3:06 AM	-0.1973851100	36.200	33.000	35.000	0.0000010000	-0.0000610234	1.1007173661E-8	-0.0000043618	2.6443813123E-9	10.100	25.000
7/1/2022	3:07 AM	-0.1998995700	36.200	33.000	35.000	0.0000010000	-0.0000610335	6.3490063565E-9	-0.0000043629	3.0955735648E-10	10.100	25.000
7/1/2022	3:08 AM	-0.2024140300	36.200	33.000	35.000	0.0000010000	-0.0000610386	6.2012095709E-9	-0.0000043687	7.2559935005E-10	10.100	25.000
7/1/2022	3:08 AM	-0.2049284900	36.200	33.000	35.000	0.0000010000	-0.0000610271	6.6094318071E-9	-0.0000044012	1.5526835075E-9	10.100	25.000
7/1/2022	3:09 AM	-0.2074429500	36.200	33.000	35.000	0.0000010000	-0.0000610318	8.7794014592E-9	-0.0000043595	1.8256798302E-9	10.100	25.000
7/1/2022	3:10 AM	-0.2099574100	36.200	33.000	35.000	0.0000010000	-0.0000610433	8.4598110926E-9	-0.0000043625	5.8615541191E-10	10.100	25.000
7/1/2022	3:10 AM	-0.2124718700	36.200	33.000	34.999	0.0000010000	-0.0000610315	7.9206486710E-9	-0.0000043810	6.9154759474E-10	10.100	25.000
7/1/2022	3:11 AM	-0.2149863300	36.200	33.000	35.000	0.0000010000	-0.0000610382	9.5497791983E-9	-0.0000043841	7.5746071035E-10	10.100	25.000
7/1/2022	3:12 AM	-0.2175007900	36.200	33.000	35.000	0.0000010000	-0.0000610388	9.3137781042E-9	-0.0000043881	1.2893532536E-9	10.100	25.000
7/1/2022	3:12 AM	-0.2200152500	36.200	33.000	35.000	0.0000010000	-0.0000610358	1.0794248022E-8	-0.0000043628	7.2771912927E-10	10.100	25.000
7/1/2022	3:13 AM	-0.2225297100	36.200	33.000	35.000	0.0000010000	-0.0000610435	4.2592652908E-9	-0.0000043786	7.2559935005E-10	10.100	25.000
7/1/2022	3:14 AM	-0.2250441700	36.200	33.000	35.000	0.0000010000	-0.0000610382	1.2603329218E-8	-0.0000043636	1.0888194417E-9	10.100	25.000
7/1/2022	3:15 AM	-0.2275586300	36.200	33.000	35.000	0.0000010000	-0.0000610336	6.5664668285E-9	-0.0000043610	2.2087511379E-9	10.100	25.000
7/1/2022	3:15 AM	-0.2300730900	36.200	33.000	35.000	0.0000010000	-0.0000610456	9.4495269735E-9	-0.0000043687	7.2166385809E-10	10.100	25.000
7/1/2022	3:16 AM	-0.2325875500	36.200	33.000	34.999	0.0000010000	-0.0000610433	7.2617955071E-9	-0.0000043835	9.6397017595E-10	10.100	25.000
7/1/2022	3:17 AM	-0.2351020100	36.200	33.000	35.000	0.0000010000	-0.0000610444	7.6222827894E-9	-0.0000043629	1.1813159295E-9	10.100	25.000
7/1/2022	3:17 AM	-0.2376164700	36.200	33.000	34.999	0.0000010000	-0.0000610326	6.6254980562E-9	-0.0000043722	4.8989794856E-10	10.100	25.000
7/1/2022	3:18 AM	-0.2401309300	36.200	33.000	35.000	0.0000010000	-0.0000610396	8.0473406801E-9	-0.0000043604	1.1096090551E-9	10.100	25.000
7/1/2022	3:19 AM	-0.2426453900	36.200	33.000	35.000	0.0000010000	-0.0000610246	8.9957877636E-9	-0.0000043503	1.8929901472E-9	10.000	25.000
7/1/2022	3:20 AM	-0.2451598500	36.200	33.000	35.001	0.0000010000	-0.0000610300	7.2974634837E-9	-0.0000043775	5.1166727360E-10	10.100	25.000
7/1/2022	3:20 AM	-0.2476743100	36.200	33.000	35.000	0.0000010000	-0.0000610258	6.7413011578E-9	-0.0000043694	8.3631818358E-10	10.100	25.000
7/1/2022	3:21 AM	-0.2501887700	36.200	33.000	35.000	0.0000010000	-0.0000610514	8.2499256823E-9	-0.0000043629	4.2247448714E-10	10.100	25.000
7/1/2022	3:22 AM	-0.2527032300	36.200	33.000	35.000	0.0000010000	-0.0000610491	7.9249416276E-9	-0.0000043795	2.8708286934E-10	10.100	25.000
7/1/2022	3:22 AM	-0.2552176900	36.200	33.000	35.000	0.0000010000	-0.0000610335	6.4743707054E-9	-0.0000043695	4.7863046408E-10	10.000	25.000
7/1/2022	3:23 AM	-0.2577321500	36.200	33.000	35.000	0.0000010000	-0.0000610282	1.3358480952E-8	-0.0000043682	4.7863046408E-10	10.000	25.000
7/1/2022	3:24 AM	-0.2602466100	36.200	33.000	35.000	0.0000010000	-0.0000610301	5.2304566877E-9	-0.0000043706	9.9865437593E-10	10.000	24.900
7/1/2022	3:25 AM	-0.2627610700	36.200	33.000	35.000	0.0000010000	-0.0000610431	7.9400449271E-9	-0.0000043898	3.8708286934E-10	10.000	25.000
7/1/2022	3:25 AM	-0.2652755300	36.200	33.000	35.000	0.0000010000	-0.0000610273	8.2018317179E-9	-0.0000043723	1.1070229163E-9	10.000	25.000
7/1/2022	3:26 AM	-0.2677899900	36.200	33.000	35.000	0.0000010000	-0.0000610472	1.1194582038E-8	-0.0000043553	1.8993411138E-9	10.000	25.000
7/1/2022	3:27 AM	-0.2703044500	36.200	33.000	35.000	0.0000010000	-0.0000610329	7.8528908396E-9	-0.0000043697	6.1719913269E-10	10.000	25.000
7/1/2022	3:27 AM	-0.2728189100	36.200	33.000	34.999	0.0000010000	-0.0000610379	6.9924468106E-9	-0.0000043681	7.5522851952E-10	10.000	25.000
7/1/2022	3:28 AM	-0.2753333700	36.200	33.000	35.000	0.0000010000	-0.0000610593	9.0105374389E-9	-0.0000043938	1.0723703933E-9	10.000	25.000
7/1/2022	3:29 AM	-0.2778478300	36.200	33.000	35.000	0.0000010000	-0.0000610272	6.8304917507E-9	-0.0000043591	1.0841646071E-9	10.000	25.000
7/1/2022	3:29 AM	-0.2803622900	36.200	33.000	35.000	0.0000010000	-0.0000610442	7.7718347272E-9	-0.0000043919	4.0000000000E-10	10.000	25.000
7/1/2022	3:30 AM	-0.2828767500	36.200	33.000	35.000	0.0000010000	-0.0000610406	7.8530527148E-9	-0.0000043429	3.1108138435E-9	10.000	25.000
7/1/2022	3:31 AM	-0.2853912100	36.200	33.000	35.000	0.0000010000	-0.0000610332	1.1041410907E-8	-0.0000043646	6.4031242374E-10	10.000	25.000
7/1/2022	3:32 AM	-0.2879056700	36.200	33.000	35.000	0.0000010000	-0.0000610414	6.8579557666E-9	-0.0000043570	1.5525839046E-9	10.000	24.900
7/1/2022	3:32 AM	-0.2904201300	36.200	33.000	34.999	0.0000010000	-0.0000610159	1.0466578187E-8	-0.0000043890	8.6551639164E-10	10.000	25.000
7/1/2022	3:33 AM	-0.2929345900	36.200	33.000	35.001	0.0000010000	-0.0000610544	9.9476584208E-9	-0.0000043742	3.0000000000E-10	10.000	25.000
7/1/2022	3:34 AM	-0.2954490500	36.200	33.000	35.001	0.0000010000	-0.0000610326	6.8924282754E-9	-0.0000043927	1.2606601718E-9	10.000	25.000
7/1/2022	3:34 AM	-0.2979635100	36.200	33.000	34.999	0.0000010000	-0.0000610482	5.0646569781E-9	-0.0000043719	1.0154753215E-9	10.000	25.000
7/1/2022	3:35 AM	-0.3004779700	36.200	33.000	35.000	0.0000010000	-0.0000610311	1.0016387246E-8	-0.0000043866	1.0525282490E-9	10.000	25.000
7/1/2022	3:36 AM	-0.3004779700	36.200	33.000	35.000	0.0000010000	-0.0000610278	1.0029459553E-8	-0.0000043952	1.2585015750E-9	10.000	25.000
7/1/2022	3:36 AM	-0.2979635100	36.200	33.000	35.000	0.0000010000	-0.0000610213	8.4901015447E-9	-0.0000043784	6.4031242374E-10	10.000	25.000
7/1/2022	3:37 AM	-0.2954490500	36.200	33.000	35.000	0.0000010000	-0.0000610439	6.0296849869E-9	-0.0000043884	7.8102496759E-10	10.000	25.000
7/1/2022	3:38 AM	-0.2929345900	36.200	33.000	35.000	0.0000010000	-0.0000610206	3.9124542836E-9	-0.0000043937	7.2048368230E-10	10.000	25.000
7/1/2022	3:39 AM	-0.2904201300	36.200	33.000	35.000	0.0000010000	-0.0000610408	1.0478058170E-8	-0.0000043742	9.8708286934E-10	10.000	25.000
7/1/2022	3:40 AM	-0.2879056700	36.200	33.000	35.000	0.0000010000	-0.0000610340	3.6954155025E-9	-0.0000043714	5.4649857042E-10	10.000	25.000
7/1/2022	3:40 AM	-0.2853912100	36.200	33.000	35.000	0.0000010000	-0.0000610056	5.8029269697E-9	-0.0000043829	2.1326693087E-9	10.000	25.000
7/1/2022	3:41 AM	-0.2828767500	36.200	33.000	35.000	0.0000010000	-0.0000610319	6.2417890968E-9	-0.0000043514	1.7496017136E-9	10.000	25.000
7/1/2022	3:42 AM	-0.2803622900	36.200	33.000	35.000	0.0000010000	-0.0000610412	7.8885048845E-9	-0.0000043915	9.0829510623E-10	10.000	25.000
7/1/2022	3:42 AM	-0.2778478300	36.200	33.000	35.000	0.0000010000	-0.0000610163	1.1971858024E-8	-0.0000043715	9.0415229868E-10	10.000	25.000
7/1/2022	3:43 AM	-0.2753333700	36.200	33.000	35.000	0.0000010000	-0.0000610345	1.1281827523E-8	-0.0000043820	2.8708286934E-10	10.000	25.000
7/1/2022	3:44 AM	-0.2728189100	36.200	33.000	35.000	0.0000010000	-0.0000610432	7.9492572642E-9	-0.0000043760	6.2741466935E-10	10.000	25.000
7/1/2022	3:45 AM	-0.2703044500	36.200	33.000	35.000	0.0000010000	-0.0000610232	6.5038964008E-9	-0.0000043665	1.1258305576E-9	10.000	24.900
7/1/2022	3:45 AM	-0.2677899900	36.200	33.000	35.000	0.0000010000	-0.0000610325	4.7124787831E-9	-0.0000043392	3.6056652926E-9	10.000	25.000
7/1/2022	3:46 AM	-0.2652755300	36.200	33.000	35.000	0.0000010000	-0.0000610224	9.9759826441E-9	-0.0000043685	7.0710678119E-10	10.000	25.000
7/1/2022	3:47 AM	-0.2627610700	36.200	33.000	35.000	0.0000010000	-0.0000610373	1.1596372597E-8	-0.0000043700	9.2364110314E-10	10.000	24.900
7/1/2022	3:47 AM	-0.2602466100	36.200	33.000	35.000	0.0000010000	-0.0000610013	1.0893556397E-8	-0.0000043590	2.5222226343E-9	10.000	25.000
7/1/2022	3:48 AM	-0.2577321500	36.200	33.000	35.000	0.0000010000	-0.0000610363	5.6608275186E-9	-0.0000043723	6.1719913269E-10	10.000	25.000
7/1/2022	3:49 AM	-0.2552176900	36.200	33.000	35.000	0.0000010000	-0.0000610400	6.9131367843E-9	-0.0000043638	1.1788289045E-9	10.000	25.000
7/1/2022	3:50 AM	-0.2527032300	36.200	33.000	35.000	0.0000010000	-0.0000610383	1.2869672686E-8	-0.0000043685	8.6988284501E-10	10.000	25.000
7/1/2022	3:50 AM	-0.2501887700	36.200	33.000	35.000	0.0000010000	-0.0000610337	7.7899722762E-9	-0.0000043596	1.3768602296E-9	10.000	25.000
7/1/2022	3:51 AM	-0.2476743100	36.200	33.000	35.000	0.0000010000	-0.0000610386	7.4609175325E-9	-0.0000043997	1.5965002891E-9	10.000	25.000
7/1/2022	3:52 AM	-0.2451598500	36.200	33.000	35.000	0.0000010000	-0.0000610312	9.3318040566E-9	-0.0000043727	1.7403124237E-9	10.000	25.000
7/1/2022	3:52 AM	-0.2426453900	36.200	33.000	35.000	0.0000010000	-0.0000610230	2.9001807203E-9	-0.0000043720	3.8172068076E-10	10.000	24.900
7/1/2022	3:53 AM	-0.2401309300	36.200	33.000	35.000	0.0000010000	-0.0000610380	8.3991304500E-9	-0.0000043773	7.2559935005E-10	10.000	25.000
7/1/2022	3:54 AM	-0.2376164700	36.200	33.000	35.000	0.0000010000	-0.0000610440	4.8983683141E-9	-0.0000043824	6.3066409390E-10	10.000	25.000
7/1/2022	3:55 AM	-0.2351020100	36.200	33.000	35.000	0.0000010000	-0.0000610481	8.0350594479E-9	-0.0000043632	5.5355339059E-10	10.000	25.000
7/1/2022	3:55 AM	-0.2325875500	36.200	33.000	35.001	0.0000010000	-0.0000610281	6.1183225947E-9	-0.0000043765	2.8708286934E-10	10.000	24.900
7/1/2022	3:56 AM	-0.2300730900	36.200	33.000	35.000	0.0000010000	-0.0000610344	9.8192290465E-9	-0.0000043680	7.2662678582E-10	10.000	25.000
7/1/2022	3:57 AM	-0.2275586300	36.200	33.000	35.000	0.0000010000	-0.0000610439	8.2777966349E-9	-0.0000043821	1.0086667056E-9	10.000	25.000
7/1/2022	3:57 AM	-0.2250441700	36.200	33.000	35.001	0.0000010000	-0.0000610038	6.3349611011E-9	-0.0000043837	1.6342643757E-9	10.000	25.000
7/1/2022	3:58 AM	-0.2225297100	39.100	33.000	35.000	0.0000010000	-0.0000610206	7.5724922015E-9	-0.0000043854	4.1068966709E-10	10.000	24.900
7/1/2022	3:59 AM	-0.2200152500	39.100	33.000	35.000	0.0000010000	-0.0000610368	5.4508628382E-9	-0.0000043649	5.8615541191E-10	10.000	25.000
7/1/2022	3:59 AM	-0.2175007900	39.100	33.000	35.000	0.0000010000	-0.0000610423	9.7776516492E-9	-0.0000043687	4.6368092477E-10	10.000	25.000
7/1/2022	4:00 AM	-0.2149863300	39.100	33.000	35.000	0.0000010000	-0.0000610353	5.4579740117E-9	-0.0000043448	2.9354893758E-9	10.000	24.900
7/1/2022	4:01 AM	-0.2124718700	39.100	33.000	35.000	0.0000010000	-0.0000610384	1.0484467010E-8	-0.0000043730	5.8309518948E-10	10.000	25.000
7/1/2022	4:02 AM	-0.2099574100	39.100	33.000	35.000	0.0000010000	-0.0000610292	9.6996312967E-9	-0.0000043835	7.3851648071E-10	10.000	25.000
7/1/2022	4:02 AM	-0.2074429500	39.100	33.000	35.000	0.0000010000	-0.0000610273	9.1373781585E-9	-0.0000043719	6.4510098534E-10	10.000	24.900
7/1/2022	4:03 AM	-0.2049284900	39.100	33.000	35.000	0.0000010000	-0.0000610367	5.0949638379E-9	-0.0000043693	2.2247448714E-10	10.000	24.900
7/1/2022	4:04 AM	-0.2024140300	39.100	33.000	34.999	0.0000010000	-0.0000610343	5.5286443258E-9	-0.0000043858	3.7416573868E-10	10.000	25.000
7/1/2022	4:04 AM	-0.1998995700	39.100	33.000	35.000	0.0000010000	-0.0000610608	5.4118463528E-9	-0.0000043818	2.0000000000E-10	10.000	24.900
7/1/2022	4:05 AM	-0.1973851100	39.100	33.000	35.000	0.0000010000	-0.0000610283	9.8692574033E-9	-0.0000043420	2.3116527860E-9	10.000	24.900
7/1/2022	4:06 AM	-0.1948706500	39.100	33.000	35.000	0.0000010000	-0.0000610336	4.6830955064E-9	-0.0000043788	3.0955735648E-10	10.000	25.000
7/1/2022	4:07 AM	-0.1923561900	39.100	33.000	35.000	0.0000010000	-0.0000610372	6.1503366253E-9	-0.0000043806	1.0676962334E-9	10.000	25.000
7/1/2022	4:07 AM	-0.1898417300	39.100	33.000	34.999	0.0000010000	-0.0000610443	7.2693797771E-9	-0.0000043508	1.4678368918E-9	10.000	25.000
7/1/2022	4:08 AM	-0.1873272700	39.100	33.000	35.000	0.0000010000	-0.0000610201	1.0802822878E-8	-0.0000043679	6.4510098534E-10	10.000	24.900
7/1/2022	4:09 AM	-0.1848128100	39.100	33.000	35.000	0.0000010000	-0.0000610330	9.2440743322E-9	-0.0000043820	1.0704262972E-9	10.000	25.000
7/1/2022	4:09 AM	-0.1822983500	39.100	33.000	35.000	0.0000010000	-0.0000610510	1.1238256072E-8	-0.0000043713	7.8880488828E-10	10.000	24.900
7/1/2022	4:10 AM	-0.1797838900	39.100	33.000	35.000	0.0000010000	-0.0000610238	1.0176661288E-8	-0.0000043695	8.2739529308E-10	10.000	25.000
7/1/2022	4:11 AM	-0.1772694300	39.100	33.000	35.000	0.0000010000	-0.0000610429	1.0423393103E-8	-0.0000043622	1.3285330256E-9	10.000	24.900
7/1/2022	4:11 AM	-0.1747549700	39.100	33.000	35.000	0.0000010000	-0.0000610353	9.1753519636E-9	-0.0000043608	6.3237643850E-10	10.000	25.000
7/1/2022	4:12 AM	-0.1722405100	39.100	33.000	35.000	0.0000010000	-0.0000610307	1.1871935565E-8	-0.0000043831	1.1813159295E-9	10.000	24.900
7/1/2022	4:13 AM	-0.1697260500	39.100	33.000	35.000	0.0000010000	-0.0000610351	6.2931249224E-9	-0.0000043577	1.1224744871E-9	10.000	24.900
7/1/2022	4:14 AM	-0.1672115900	39.100	33.000	35.000	0.0000010000	-0.0000610375	9.6056926105E-9	-0.0000043867	1.0505999457E-9	10.000	24.900
7/1/2022	4:14 AM	-0.1646971300	39.100	33.000	35.000	0.0000010000	-0.0000610262	8.0651683058E-9	-0.0000043712	1.0532593420E-9	10.000	24.900
7/1/2022	4:15 AM	-0.1621826700	39.100	33.000	35.000	0.0000010000	-0.0000610120	1.0115095659E-8	-0.0000043741	1.1505855451E-9	10.000	24.900
7/1/2022	4:16 AM	-0.1596682100	39.100	33.000	35.000	0.0000010000	-0.0000610410	1.0518909147E-8	-0.0000043707	3.5495097568E-10	10.000	25.000
7/1/2022	4:16 AM	-0.1571537500	39.100	33.000	35.000	0.0000010000	-0.0000610073	1.3642620285E-8	-0.0000043762	1.7697221447E-9	10.000	24.900
7/1/2022	4:17 AM	-0.1546392900	39.100	33.000	35.000	0.0000010000	-0.0000610163	4.8749502103E-9	-0.0000043725	8.2739529308E-10	10.000	24.900
7/1/2022	4:18 AM	-0.1521248300	39.100	33.000	35.000	0.0000010000	-0.0000610359	7.5374656916E-9	-0.0000043772	3.0000000000E-10	10.000	24.900
7/1/2022	4:19 AM	-0.1496103700	39.100	33.000	35.000	0.0000010000	-0.0000610320	7.1414637947E-9	-0.0000043745	2.3454475807E-9	10.000	24.900
7/1/2022	4:19 AM	-0.1470959100	39.100	33.000	35.000	0.0000010000	-0.0000610251	9.2504423600E-9	-0.0000043915	1.1784477407E-9	10.000	24.900
7/1/2022	4:20 AM	-0.1445814500	39.100	33.000	35.000	0.0000010000	-0.0000610342	1.0146923739E-8	-0.0000043802	1.3856353705E-9	10.000	24.900
7/1/2022	4:21 AM	-0.1420669900	39.100	33.000	35.000	0.0000010000	-0.0000610445	9.2957589802E-9	-0.0000043822	1.4558237748E-9	10.000	24.900
7/1/2022	4:21 AM	-0.1395525300	39.100	33.000	34.999	0.0000010000	-0.0000610252	9.6714269763E-9	-0.0000043636	1.6845889850E-9	10.000	24.900
7/1/2022	4:22 AM	-0.1370380700	39.100	33.000	35.001	0.0000010000	-0.0000610293	1.0978117044E-8	-0.0000043915	8.8631547857E-10	10.000	24.900
7/1/2022	4:23 AM	-0.1345236100	39.100	33.000	35.000	0.0000010000	-0.0000610244	9.7001054629E-9	-0.0000043781	5.4063625993E-10	10.000	24.900
7/1/2022	4:23 AM	-0.1320091500	39.100	33.000	35.000	0.0000010000	-0.0000610181	7.9646229035E-9	-0.0000043832	3.5811388301E-10	10.000	24.900
7/1/2022	4:24 AM	-0.1294946900	39.100	33.000	35.000	0.0000010000	-0.0000610238	1.1271207706E-8	-0.0000043609	9.7831803736E-10	9.900	25.000
7/1/2022	4:25 AM	-0.1269802300	39.100	33.000	35.000	0.0000010000	-0.0000610183	1.2001371989E-8	-0.0000043600	8.0279742393E-10	10.000	25.000
7/1/2022	4:26 AM	-0.1244657700	39.100	33.000	35.000	0.0000010000	-0.0000610264	1.0970683446E-8	-0.0000043810	8.3784666345E-10	9.900	24.900
7/1/2022	4:26 AM	-0.1219513100	39.100	33.000	35.000	0.0000010000	-0.0000610366	9.4600818181E-9	-0.0000043862	1.4317778476E-9	9.900	24.900
7/1/2022	4:27 AM	-0.1194368500	39.100	33.000	35.000	0.0000010000	-0.0000610198	9.4541726129E-9	-0.0000043833	6.1719913269E-10	9.900	24.900
7/1/2022	4:28 AM	-0.1169223900	39.100	33.000	35.000	0.0000010000	-0.0000610291	9.9102041020E-9	-0.0000043830	1.1543203767E-9	9.900	24.900
7/1/2022	4:29 AM	-0.1144079300	39.100	33.000	35.000	0.0000010000	-0.0000610379	6.6055503421E-9	-0.0000043641	1.0000000000E-10	9.900	24.900
7/1/2022	4:29 AM	-0.1118934700	39.100	33.000	35.000	0.0000010000	-0.0000610319	7.3778074057E-9	-0.0000043843	1.5543039572E-9	9.900	24.900
7/1/2022	4:30 AM	-0.1093790100	39.100	33.000	35.000	0.0000010000	-0.0000610386	8.6576469309E-9	-0.0000043624	9.7193827510E-10	9.900	24.900
7/1/2022	4:31 AM	-0.1068645500	39.100	33.000	35.000	0.0000010000	-0.0000610441	8.7843788519E-9	-0.0000043700	1.9689552780E-9	9.900	24.900
7/1/2022	4:31 AM	-0.1043500900	39.100	33.000	35.000	0.0000010000	-0.0000610226	9.1391234544E-9	-0.0000043841	1.7153767103E-9	9.900	24.900
7/1/2022	4:32 AM	-0.1018356300	39.100	33.000	35.000	0.0000010000	-0.0000610366	1.0455746881E-8	-0.0000043627	6.7289539006E-10	9.900	24.900
7/1/2022	4:33 AM	-0.0993211700	39.100	33.000	35.000	0.0000010000	-0.0000610308	9.5870936105E-9	-0.0000043627	1.1690287121E-9	9.900	24.900
7/1/2022	4:34 AM	-0.0968067100	39.100	33.000	35.000	0.0000010000	-0.0000610385	9.0070076359E-9	-0.0000043639	6.4031242374E-10	9.900	24.900
7/1/2022	4:34 AM	-0.0942922500	39.100	33.000	35.000	0.0000010000	-0.0000610279	8.5280375992E-9	-0.0000043893	7.4295816944E-10	9.900	24.900
7/1/2022	4:35 AM	-0.0917777900	39.100	33.000	35.000	0.0000010000	-0.0000610256	9.9226554177E-9	-0.0000043694	5.5259075049E-10	9.900	24.900
7/1/2022	4:36 AM	-0.0892633300	39.100	33.000	35.000	0.0000010000	-0.0000610165	9.7273773669E-9	-0.0000043878	9.6810783693E-10	9.900	24.900
7/1/2022	4:36 AM	-0.0867488700	39.100	33.000	35.000	0.0000010000	-0.0000610287	7.2880185894E-9	-0.0000043709	5.8615541191E-10	9.900	24.900
7/1/2022	4:37 AM	-0.0842344100	39.100	33.000	35.001	0.0000010000	-0.0000610236	9.1379178304E-9	-0.0000043695	6.6099096785E-10	9.900	24.900
7/1/2022	4:38 AM	-0.0817199500	39.100	33.000	34.999	0.0000010000	-0.0000610394	7.7281624223E-9	-0.0000043709	1.0219544457E-9	9.900	24.900
7/1/2022	4:38 AM	-0.0792054900	39.100	33.000	35.000	0.0000010000	-0.0000610241	8.4742337794E-9	-0.0000043748	3.5495097568E-10	9.900	24.900
7/1/2022	4:39 AM	-0.0766910300	39.100	33.000	35.000	0.0000010000	-0.0000610309	1.0881267981E-8	-0.0000043897	1.6727967315E-9	9.900	24.900
7/1/2022	4:40 AM	-0.0741765700	39.100	33.000	35.000	0.0000010000	-0.0000610142	6.6217691621E-9	-0.0000043701	1.2160784598E-9	9.900	24.900
7/1/2022	4:41 AM	-0.0716621100	39.100	33.000	35.000	0.0000010000	-0.0000610183	7.7206432329E-9	-0.0000043625	1.0054736311E-9	9.900	24.900
7/1/2022	4:41 AM	-0.0691476500	39.100	33.000	35.000	0.0000010000	-0.0000610312	7.6088588168E-9	-0.0000043748	1.6409743663E-9	9.900	24.900
7/1/2022	4:42 AM	-0.0666331900	39.100	33.000	35.000	0.0000010000	-0.0000610349	5.5878407558E-9	-0.0000043703	8.2540150734E-10	9.900	24.900
7/1/2022	4:43 AM	-0.0641187300	39.100	33.000	35.000	0.0000010000	-0.0000610449	8.6642824298E-9	-0.0000043872	1.1149461492E-9	9.900	24.900
7/1/2022	4:43 AM	-0.0616042700	39.100	33.000	35.000	0.0000010000	-0.0000610263	1.1258884606E-8	-0.0000043775	1.1540368496E-9	9.900	24.900
7/1/2022	4:44 AM	-0.0590898100	39.100	33.000	35.000	0.0000010000	-0.0000610222	1.0401094205E-8	-0.0000043756	1.0424727699E-9	9.900	24.900
7/1/2022	4:45 AM	-0.0565753500	39.100	33.000	35.000	0.0000010000	-0.0000610296	8.1956947952E-9	-0.0000043629	7.5746071035E-10	9.900	24.900
7/1/2022	4:46 AM	-0.0540608900	39.100	33.000	35.000	0.0000010000	-0.0000610325	9.2123633982E-9	-0.0000043875	5.3011626335E-10	9.900	24.900
7/1/2022	4:46 AM	-0.0515464300	39.100	33.000	35.000	0.0000010000	-0.0000610089	8.6811589760E-9	-0.0000043594	2.1916500663E-9	9.900	24.900
7/1/2022	4:47 AM	-0.0490319700	39.100	33.000	35.000	0.0000010000	-0.0000610412	9.3986470481E-9	-0.0000043763	7.3484692284E-10	9.900	24.900
7/1/2022	4:48 AM	-0.0465175100	39.100	33.000	35.001	0.0000010000	-0.0000610122	7.4814198365E-9	-0.0000043718	1.1039933485E-9	9.900	24.900
7/1/2022	4:48 AM	-0.0440030500	39.100	33.000	35.000	0.0000010000	-0.0000610324	7.3045852710E-9	-0.0000043690	2.8708286934E-10	9.900	24.900
7/1/2022	4:49 AM	-0.0414885900	39.100	33.000	35.000	0.0000010000	-0.0000610323	9.9653201601E-9	-0.0000043836	9.2736184955E-10	9.900	24.900
7/1/2022	4:50 AM	-0.0389741300	39.100	33.000	35.000	0.0000010000	-0.0000610222	1.0637321402E-8	-0.0000043825	9.7197490278E-10	9.900	24.900
7/1/2022	4:51 AM	-0.0364596700	39.100	33.000	35.000	0.0000010000	-0.0000610458	7.9650694554E-9	-0.0000043799	6.5076379411E-10	9.900	24.900
7/1/2022	4:51 AM	-0.0339452100	39.100	33.000	34.999	0.0000010000	-0.0000610244	8.0498083100E-9	-0.0000043524	1.1407443861E-9	9.900	24.900
7/1/2022	4:52 AM	-0.0314307500	39.100	33.000	35.001	0.0000010000	-0.0000610408	6.7509965862E-9	-0.0000043667	2.5167015013E-9	9.900	24.900
7/1/2022	4:53 AM	-0.0289162900	39.100	33.000	35.000	0.0000010000	-0.0000610345	7.8917445007E-9	-0.0000043604	1.1000000000E-9	9.900	24.900
7/1/2022	4:54 AM	-0.0264018300	39.100	33.000	35.000	0.0000010000	-0.0000610354	8.5637401540E-9	-0.0000043592	9.5770568927E-10	9.900	24.900
7/1/2022	4:54 AM	-0.0238873700	39.100	33.000	35.000	0.0000010000	-0.0000610348	7.5812535511E-9	-0.0000043780	4.4721359550E-10	9.900	24.900
7/1/2022	4:55 AM	-0.0213729100	39.100	33.000	35.000	0.0000010000	-0.0000610349	5.2607017271E-9	-0.0000043857	1.2405084759E-9	9.900	24.900
7/1/2022	4:56 AM	-0.0188584500	39.100	33.000	35.000	0.0000010000	-0.0000610340	7.3826750005E-9	-0.0000043677	1.2990196787E-9	9.900	24.900
7/1/2022	4:56 AM	-0.0163439900	39.100	33.000	35.000	0.0000010000	-0.0000610315	1.0035030710E-8	-0.0000043532	3.2124740663E-9	9.900	24.900
7/1/2022	4:57 AM	-0.0138295300	39.100	33.000	35.000	0.0000010000	-0.0000610259	6.7969089113E-9	-0.0000043821	6.8506723903E-10	9.900	24.900
7/1/2022	4:58 AM	-0.0113150700	39.100	33.000	35.000	0.0000010000	-0.0000610288	9.9424890250E-9	-0.0000043869	5.0990195136E-10	9.900	24.900
7/1/2022	4:58 AM	-0.0088006100	41.400	33.000	34.999	0.0000010000	-0.0000610312	1.0271660384E-8	-0.0000043834	4.3011626335E-10	9.900	24.900
7/1/2022	4:59 AM	-0.0062861500	41.400	33.000	35.000	0.0000010000	-0.0000610272	6.9554227783E-9	-0.0000043658	8.9379718813E-10	9.900	24.900
7/1/2022	5:00 AM	-0.0037716900	41.400	33.000	35.000	0.0000010000	-0.0000610308	5.2849625707E-9	-0.0000043791	4.4966147775E-10	9.900	24.900
7/1/2022	5:01 AM	-0.0012572300	41.400	33.000	35.000	0.0000010000	-0.0000610299	1.0481841860E-8	-0.0000043777	1.6370591578E-9	9.900	24.900
7/1/2022	5:01 AM	0.0012572300	41.400	33.000	35.001	0.0000010000	-0.0000610329	7.6576301955E-9	-0.0000043790	6.9154759474E-10	9.900	24.900
7/1/2022	5:02 AM	0.0037716900	41.400	33.000	35.000	0.0000010000	-0.0000610407	6.6241706905E-9	-0.0000043717	6.0850436627E-10	9.900	24.900
7/1/2022	5:03 AM	0.0062861500	41.400	33.000	35.000	0.0000010000	-0.0000610317	9.3882058212E-9	-0.0000043841	6.5076379411E-10	9.900	24.900
7/1/2022	5:03 AM	0.0088006100	41.400	33.000	35.000	0.0000010000	-0.0000610284	5.8676494943E-9	-0.0000043744	1.2409606938E-9	9.900	24.900
7/1/2022	5:04 AM	0.0113150700	41.400	33.000	35.000	0.0000010000	-0.0000610238	8.1699651353E-9	-0.0000043800	3.9154759474E-10	9.900	24.900
7/1/2022	5:05 AM	0.0138295300	41.400	33.000	35.000	0.0000010000	-0.0000610348	9.5378754136E-9	-0.0000043756	5.4063625993E-10	9.900	24.900
7/1/2022	5:05 AM	0.0163439900	41.400	33.000	35.000	0.0000010000	-0.0000610218	1.3401574025E-8	-0.0000043674	6.7823299831E-10	9.900	24.900
7/1/2022	5:06 AM	0.0188584500	41.400	33.000	35.001	0.0000010000	-0.0000610234	6.6060540916E-9	-0.0000043738	1.1052182095E-9	9.900	24.900
7/1/2022	5:07 AM	0.0213729100	41.400	33.000	35.000	0.0000010000	-0.0000610281	7.4911007598E-9	-0.0000043735	9.3071357894E-10	9.900	24.900
7/1/2022	5:08 AM	0.0238873700	41.400	33.000	35.000	0.0000010000	-0.0000610316	6.7353388586E-9	-0.0000043819	1.1039933485E-9	9.900	24.900
7/1/2022	5:08 AM	0.0264018300	41.400	33.000	35.000	0.0000010000	-0.0000610066	7.8093758895E-9	-0.0000043775	1.0154753215E-9	9.900	24.900
7/1/2022	5:09 AM	0.0289162900	41.400	33.000	35.000	0.0000010000	-0.0000610373	6.0785628102E-9	-0.0000043783	3.4608128489E-10	9.900	24.900
7/1/2022	5:10 AM	0.0314307500	41.400	33.000	35.000	0.0000010000	-0.0000610381	8.8762209594E-9	-0.0000043712	4.7602787773E-10	9.900	24.900
7/1/2022	5:10 AM	0.0339452100	41.400	33.000	35.000	0.0000010000	-0.0000610421	5.3079069329E-9	-0.0000043695	1.8497930720E-9	9.900	24.900
7/1/2022	5:11 AM	0.0364596700	41.400	33.000	35.000	0.0000010000	-0.0000610141	1.0872002467E-8	-0.0000043760	4.7863046408E-10	9.900	24.900
7/1/2022	5:12 AM	0.0389741300	41.400	33.000	35.000	0.0000010000	-0.0000610409	7.3457406469E-9	-0.0000043689	7.1863190045E-10	9.900	24.900
7/1/2022	5:12 AM	0.0414885900	41.400	33.000	35.000	0.0000010000	-0.0000610351	5.9924589835E-9	-0.0000043428	3.3740336399E-9	9.900	24.900
7/1/2022	5:13 AM	0.0440030500	41.400	33.000	34.999	0.0000010000	-0.0000610249	5.5040015760E-9	-0.0000043745	2.2360679775E-10	9.900	24.900
7/1/2022	5:14 AM	0.0465175100	41.400	33.000	35.000	0.0000010000	-0.0000610407	9.0451153222E-9	-0.0000043883	6.1719913269E-10	9.900	24.900
7/1/2022	5:15 AM	0.0490319700	41.400	33.000	35.000	0.0000010000	-0.0000610376	1.0844163356E-8	-0.0000043609	6.0777536076E-10	9.900	24.900
7/1/2022	5:15 AM	0.0515464300	41.400	33.000	35.000	0.0000010000	-0.0000610368	1.1890979338E-8	-0.0000043453	5.0431041247E-9	9.900	24.900
7/1/2022	5:16 AM	0.0540608900	41.400	33.000	35.001	0.0000010000	-0.0000610318	7.2028165849E-9	-0.0000043838	1.8123249907E-9	9.900	24.900
7/1/2022	5:17 AM	0.0565753500	41.400	33.000	35.000	0.0000010000	-0.0000610396	7.0075003454E-9	-0.0000043787	1.3986735823E-9	9.900	24.900
7/1/2022	5:18 AM	0.0590898100	41.400	33.000	35.000	0.0000010000	-0.0000610141	1.0118500357E-8	-0.0000043694	7.6667942348E-10	9.900	24.900
7/1/2022	5:18 AM	0.0616042700	41.400	33.000	35.000	0.0000010000	-0.0000610314	8.7159711885E-9	-0.0000043866	1.0432124137E-9	9.900	24.900
7/1/2022	5:19 AM	0.0641187300	41.400	33.000	35.000	0.0000010000	-0.0000610177	9.2847490636E-9	-0.0000043561	2.5044476120E-9	9.900	24.900
7/1/2022	5:20 AM	0.0666331900	41.400	33.000	35.000	0.0000010000	-0.0000610184	1.0815260633E-8	-0.0000043635	2.4494897428E-10	9.900	24.900
7/1/2022	5:20 AM	0.0691476500	41.400	33.000	35.000	0.0000010000	-0.0000610310	8.4984807836E-9	-0.0000043869	1.4308818388E-9	9.900	24.900
7/1/2022	5:21 AM	0.0716621100	41.400	33.000	35.000	0.0000010000	-0.0000610442	9.3179417895E-9	-0.0000043815	6.6099096785E-10	9.900	24.900
7/1/2022	5:22 AM	0.0741765700	41.400	33.000	35.000	0.0000010000	-0.0000610343	1.1955884880E-8	-0.0000043782	6.0850436627E-10	9.900	24.900
7/1/2022	5:22 AM	0.0766910300	41.400	33.000	35.000	0.0000010000	-0.0000610381	9.8817487653E-9	-0.0000043783	1.5420494742E-9	9.900	24.900
7/1/2022	5:23 AM	0.0792054900	41.400	33.000	35.000	0.0000010000	-0.0000610320	6.3814027622E-9	-0.0000043792	8.1237243570E-10	9.900	24.900
7/1/2022	5:24 AM	0.0817199500	41.400	33.000	35.000	0.0000010000	-0.0000610287	6.9033054396E-9	-0.0000043843	1.1376388621E-9	9.900	24.900
7/1/2022	5:25 AM	0.0842344100	41.400	33.000	35.000	0.0000010000	-0.0000610335	1.0477067259E-8	-0.0000043572	1.0723703933E-9	9.900	24.900
7/1/2022	5:25 AM	0.0867488700	41.400	33.000	35.000	0.0000010000	-0.0000610310	4.3745514747E-9	-0.0000043691	4.6159098630E-10	9.900	24.900
7/1/2022	5:26 AM	0.0892633300	41.400	33.000	35.000	0.0000010000	-0.0000610360	1.0541638194E-8	-0.0000043913	1.0465143440E-9	9.900	24.900
7/1/2022	5:27 AM	0.0917777900	41.400	33.000	35.000	0.0000010000	-0.0000610329	9.2259985119E-9	-0.0000043644	4.8476798574E-10	9.900	24.900
7/1/2022	5:28 AM	0.0942922500	41.400	33.000	35.000	0.0000010000	-0.0000610417	8.3885994611E-9	-0.0000043704	6.5372306110E-10	9.900	24.900
7/1/2022	5:28 AM	0.0968067100	41.400	33.000	35.000	0.0000010000	-0.0000610333	1.2783932497E-8	-0.0000057691	1.0112939289E-9	9.900	24.900
7/1/2022	5:29 AM	0.0993211700	41.400	33.000	34.999	0.0000010000	-0.0000610310	1.2191486462E-8	-0.0000057944	8.8600225733E-10	9.900	24.900
7/1/2022	5:30 AM	0.1018356300	41.400	33.000	35.000	0.0000010000	-0.0000610386	6.8187564100E-9	-0.0000057838	1.7748146064E-9	9.900	24.900
7/1/2022	5:30 AM	0.1043500900	41.400	33.000	35.001	0.0000010000	-0.0000610305	1.0871955966E-8	-0.0000057810	1.0700877125E-9	9.900	24.900
7/1/2022	5:31 AM	0.1068645500	41.400	33.000	35.000	0.0000010000	-0.0000610281	1.1317612107E-8	-0.0000057744	8.2764726786E-10	9.900	24.900
7/1/2022	5:32 AM	0.1093790100	41.400	33.000	35.000	0.0000010000	-0.0000610297	1.1975804171E-8	-0.0000057693	1.3601003170E-9	9.900	24.900
7/1/2022	5:32 AM	0.1118934700	41.400	33.000	35.000	0.0000010000	-0.0000610243	6.4638890714E-9	-0.0000057754	4.5355339059E-10	9.900	24.900
7/1/2022	5:33 AM	0.1144079300	41.400	33.000	35.000	0.0000010000	-0.0000610262	1.0587654925E-8	-0.0000057764	1.4308818388E-9	9.900	24.900
7/1/2022	5:34 AM	0.1169223900	41.400	33.000	35.000	0.0000010000	-0.0000610076	1.2342907893E-8	-0.0000057936	5.3385391260E-10	9.900	24.900
7/1/2022	5:34 AM	0.1194368500	41.400	33.000	35.000	0.0000010000	-0.0000610200	7.7356680491E-9	-0.0000057900	1.2806248475E-9	9.900	24.900
7/1/2022	5:35 AM	0.1219513100	41.400	33.000	35.000	0.0000010000	-0.0000610353	7.7762957195E-9	-0.0000057757	1.4247417859E-9	9.900	24.900
7/1/2022	5:36 AM	0.1244657700	41.400	33.000	35.000	0.0000010000	-0.0000610382	4.1533620213E-9	-0.0000057884	6.4510098534E-10	9.900	24.900
7/1/2022	5:37 AM	0.1269802300	41.400	33.000	35.000	0.0000010000	-0.0000610278	8.4628966674E-9	-0.0000057750	2.0000000000E-10	9.900	24.900
7/1/2022	5:37 AM	0.1294946900	41.400	33.000	35.000	0.0000010000	-0.0000610199	7.9873340400E-9	-0.0000057790	1.3615011805E-9	9.900	24.900
7/1/2022	5:38 AM	0.1320091500	41.400	33.000	35.000	0.0000010000	-0.0000610160	6.3936700819E-9	-0.0000057808	7.5166481892E-10	9.900	24.900
7/1/2022	5:39 AM	0.1345236100	41.400	33.000	35.000	0.0000010000	-0.0000610170	9.1660176111E-9	-0.0000057857	7.5166481892E-10	9.900	24.900
7/1/2022	5:39 AM	0.1370380700	41.400	33.000	35.000	0.0000010000	-0.0000610256	7.2342684708E-9	-0.0000057842	3.5495097568E-10	9.900	24.900
7/1/2022	5:40 AM	0.1395525300	41.400	33.000	34.999	0.0000010000	-0.0000610312	1.0203363618E-8	-0.0000057769	4.6159098630E-10	9.900	24.900
7/1/2022	5:41 AM	0.1420669900	41.400	33.000	35.000	0.0000010000	-0.0000610198	8.4617655327E-9	-0.0000057821	2.9154759474E-10	9.900	24.900
7/1/2022	5:42 AM	0.1445814500	41.400	33.000	35.000	0.0000010000	-0.0000610129	4.1916363371E-9	-0.0000057739	1.1368220677E-9	9.900	24.900
7/1/2022	5:43 AM	0.1470959100	41.400	33.000	35.000	0.0000010000	-0.0000610250	8.3193233712E-9	-0.0000057918	1.0390821193E-9	9.900	24.900
7/1/2022	5:43 AM	0.1496103700	41.400	33.000	35.000	0.0000010000	-0.0000610163	7.1723164276E-9	-0.0000057772	1.1795545314E-9	9.900	24.900
7/1/2022	5:44 AM	0.1521248300	41.400	33.000	35.000	0.0000010000	-0.0000610304	5.6511794445E-9	-0.0000057872	1.1924716621E-9	9.900	24.900
7/1/2022	5:45 AM	0.1546392900	41.400	33.000	35.000	0.0000010000	-0.0000610203	1.0032970407E-8	-0.0000057851	3.8708286934E-10	9.800	24.900
7/1/2022	5:45 AM	0.1571537500	41.400	33.000	35.000	0.0000010000	-0.0000610246	1.1160666559E-8	-0.0000057646	3.8708286934E-10	9.900	24.900
7/1/2022	5:46 AM	0.1596682100	41.400	33.000	35.000	0.0000010000	-0.0000610150	1.1841531458E-8	-0.0000057698	1.0147301372E-9	9.900	24.900
7/1/2022	5:47 AM	0.1621826700	41.400	33.000	35.000	0.0000010000	-0.0000610216	9.3273904402E-9	-0.0000057774	7.2097685201E-10	9.900	24.900
7/1/2022	5:48 AM	0.1646971300	41.400	33.000	35.000	0.0000010000	-0.0000610154	6.2502669236E-9	-0.0000057939	6.6142451836E-10	9.900	24.900
7/1/2022	5:48 AM	0.1672115900	41.400	33.000	35.000	0.0000010000	-0.0000610283	9.3163041929E-9	-0.0000057831	7.6588924377E-10	9.900	24.900
7/1/2022	5:49 AM	0.1697260500	41.400	33.000	35.000	0.0000010000	-0.0000610252	7.1192228532E-9	-0.0000057879	3.4519675235E-10	9.900	24.900
7/1/2022	5:50 AM	0.1722405100	41.400	33.000	35.000	0.0000010000	-0.0000610321	5.2448018082E-9	-0.0000057726	6.5632839974E-10	9.800	24.900
7/1/2022	5:50 AM	0.1747549700	41.400	33.000	35.000	0.0000010000	-0.0000610189	1.6637062904E-8	-0.0000057301	5.4427417939E-9	9.800	24.900
7/1/2022	5:51 AM	0.1772694300	41.400	33.000	35.000	0.0000010000	-0.0000610175	1.4098281155E-8	-0.0000057829	1.0091825995E-9	9.900	24.900
7/1/2022	5:52 AM	0.1797838900	41.400	33.000	35.000	0.0000010000	-0.0000610359	6.7835314764E-9	-0.0000057829	9.9865437593E-10	9.800	24.900
7/1/2022	5:52 AM	0.1822983500	41.400	33.000	35.000	0.0000010000	-0.0000610315	8.2661630460E-9	-0.0000057685	1.1543375949E-9	9.800	24.900
7/1/2022	5:53 AM	0.1848128100	41.400	33.000	35.000	0.0000010000	-0.0000610226	5.4838595505E-9	-0.0000057705	6.9154759474E-10	9.900	24.900
7/1/2022	5:54 AM	0.1873272700	41.400	33.000	35.000	0.0000010000	-0.0000610209	1.0044416185E-8	-0.0000057811	7.5522851952E-10	9.800	24.900
7/1/2022	5:55 AM	0.1898417300	41.400	33.000	35.000	0.0000010000	-0.0000610225	6.7087592068E-9	-0.0000057836	1.7042947632E-9	9.800	24.900
7/1/2022	5:55 AM	0.1923561900	41.400	33.000	35.000	0.0000010000	-0.0000610130	6.1189387312E-9	-0.0000057826	3.7742546282E-10	9.800	24.900
7/1/2022	5:56 AM	0.1948706500	41.400	33.000	35.001	0.0000010000	-0.0000610301	6.1520845562E-9	-0.0000057766	3.0955735648E-10	9.800	24.900
7/1/2022	5:57 AM	0.1973851100	41.400	33.000	35.000	0.0000010000	-0.0000610148	8.7843470598E-9	-0.0000057755	1.2747548784E-9	9.800	24.900
7/1/2022	5:57 AM	0.1998995700	41.400	33.000	35.000	0.0000010000	-0.0000610331	1.1837206743E-8	-0.0000057683	1.0215838363E-9	9.800	24.900
7/1/2022	5:58 AM	0.2024140300	43.400	33.000	35.000	0.0000010000	-0.0000610287	1.3155706660E-8	-0.0000057865	2.1175823681E-22	9.800	24.900
7/1/2022	5:59 AM	0.2049284900	43.400	33.000	35.000	0.0000010000	-0.0000610210	8.5699660100E-9	-0.0000057380	3.7748709607E-9	9.800	24.900
7/1/2022	5:59 AM	0.2074429500	43.400	33.000	35.000	0.0000010000	-0.0000610351	8.4738946796E-9	-0.0000057845	7.2820159556E-10	9.800	24.900
7/1/2022	6:00 AM	0.2099574100	43.400	33.000	35.000	0.0000010000	-0.0000610248	1.0440638585E-8	-0.0000057848	1.2247448714E-10	9.800	24.900
7/1/2022	6:01 AM	0.2124718700	43.400	33.000	35.000	0.0000010000	-0.0000610221	7.1237216353E-9	-0.0000057239	5.3954676568E-9	9.800	24.900
7/1/2022	6:02 AM	0.2149863300	43.400	33.000	35.000	0.0000010000	-0.0000610207	1.2185050511E-8	-0.0000057750	3.5355339059E-10	9.800	24.900
7/1/2022	6:02 AM	0.2175007900	43.400	33.000	35.000	0.0000010000	-0.0000610174	1.3895384761E-8	-0.0000057845	7.0710678119E-10	9.800	24.900
7/1/2022	6:03 AM	0.2200152500	43.400	33.000	35.000	0.0000010000	-0.0000610270	7.5627267927E-9	-0.0000057786	8.3784666345E-10	9.800	24.900
7/1/2022	6:04 AM	0.2225297100	43.400	33.000	35.000	0.0000010000	-0.0000610330	7.4299689186E-9	-0.0000057704	6.2911671436E-10	9.800	24.900
7/1/2022	6:04 AM	0.2250441700	43.400	33.000	35.000	0.0000010000	-0.0000610298	1.0041404214E-8	-0.0000057716	2.9154759474E-10	9.800	24.900
7/1/2022	6:05 AM	0.2275586300	43.400	33.000	34.999	0.0000010000	-0.0000610245	7.3758746603E-9	-0.0000057752	8.2958126833E-10	9.800	24.900
7/1/2022	6:06 AM	0.2300730900	43.400	33.000	34.999	0.0000010000	-0.0000610364	4.4933014573E-9	-0.0000057870	1.6740527685E-9	9.800	24.900
7/1/2022	6:07 AM	0.2325875500	43.400	33.000	35.000	0.0000010000	-0.0000610262	6.9383340998E-9	-0.0000057721	7.9842630675E-10	9.800	24.900
7/1/2022	6:07 AM	0.2351020100	43.400	33.000	35.000	0.0000010000	-0.0000610154	8.5681462305E-9	-0.0000057761	1.8199053890E-9	9.800	24.900
7/1/2022	6:08 AM	0.2376164700	43.400	33.000	35.000	0.0000010000	-0.0000610214	8.9626103365E-9	-0.0000057731	7.6923276251E-10	9.800	24.900
7/1/2022	6:09 AM	0.2401309300	43.400	33.000	35.000	0.0000010000	-0.0000610283	7.6781082177E-9	-0.0000057894	6.0000000000E-10	9.800	24.900
7/1/2022	6:09 AM	0.2426453900	43.400	33.000	35.000	0.0000010000	-0.0000610214	1.0995866755E-8	-0.0000057529	4.3400886683E-9	9.800	24.900
7/1/2022	6:10 AM	0.2451598500	43.400	33.000	35.000	0.0000010000	-0.0000610021	9.4868205171E-9	-0.0000057730	7.0710678119E-10	9.800	24.900
7/1/2022	6:11 AM	0.2476743100	43.400	33.000	35.001	0.0000010000	-0.0000610190	9.5598184343E-9	-0.0000057813	6.5076379411E-10	9.800	24.900
7/1/2022	6:11 AM	0.2501887700	43.400	33.000	35.000	0.0000010000	-0.0000610105	1.1604988179E-8	-0.0000057719	1.0678332235E-9	9.800	24.900
7/1/2022	6:12 AM	0.2527032300	43.400	33.000	35.000	0.0000010000	-0.0000610329	9.8326186200E-9	-0.0000057738	4.9154759474E-10	9.800	24.900
7/1/2022	6:13 AM	0.2552176900	43.400	33.000	35.000	0.0000010000	-0.0000610153	1.0289941241E-8	-0.0000057916	4.6094414809E-10	9.800	24.900
7/1/2022	6:14 AM	0.2577321500	43.400	33.000	35.000	0.0000010000	-0.0000610168	6.4840639163E-9	-0.0000057951	1.1788289045E-9	9.800	24.900
7/1/2022	6:14 AM	0.2602466100	43.400	33.000	35.000	0.0000010000	-0.0000610046	8.2068325647E-9	-0.0000057802	1.2247448714E-10	9.800	24.900
7/1/2022	6:15 AM	0.2627610700	43.400	33.000	35.000	0.0000010000	-0.0000610294	6.7848183267E-9	-0.0000057604	2.3176459569E-9	9.800	24.900
7/1/2022	6:16 AM	0.2652755300	43.400	33.000	34.999	0.0000010000	-0.0000610332	8.6000830361E-9	-0.0000057857	1.3592554199E-9	9.800	24.900
7/1/2022	6:16 AM	0.2677899900	43.400	33.000	35.000	0.0000010000	-0.0000610137	8.9702796340E-9	-0.0000057788	1.1039933485E-9	9.800	24.900
7/1/2022	6:17 AM	0.2703044500	43.400	33.000	35.000	0.0000010000	-0.0000610172	7.9632055791E-9	-0.0000057717	1.2893532536E-9	9.800	24.900
7/1/2022	6:18 AM	0.2728189100	43.400	33.000	35.000	0.0000010000	-0.0000610246	6.3941574950E-9	-0.0000057922	1.2423728323E-9	9.800	24.900
7/1/2022	6:18 AM	0.2753333700	43.400	33.000	35.000	0.0000010000	-0.0000610378	6.9709164269E-9	-0.0000058004	9.0471787406E-10	9.800	24.900
7/1/2022	6:19 AM	0.2778478300	43.400	33.000	35.000	0.0000010000	-0.0000610241	8.0930699849E-9	-0.0000057813	2.0000000000E-10	9.800	24.900
7/1/2022	6:20 AM	0.2803622900	43.400	33.000	35.000	0.0000010000	-0.0000610408	1.5162663914E-8	-0.0000057777	5.6368092477E-10	9.800	24.900
7/1/2022	6:21 AM	0.2828767500	43.400	33.000	35.000	0.0000010000	-0.0000610157	1.1641522660E-8	-0.0000057616	1.2974772233E-9	9.800	24.900
7/1/2022	6:21 AM	0.2853912100	43.400	33.000	35.001	0.0000010000	-0.0000610342	1.2663927456E-8	-0.0000057977	1.1535533906E-9	9.800	24.900
7/1/2022	6:22 AM	0.2879056700	43.400	33.000	35.001	0.0000010000	-0.0000610159	1.0237327793E-8	-0.0000057746	1.2247448714E-9	9.800	24.900
7/1/2022	6:23 AM	0.2904201300	43.400	33.000	35.000	0.0000010000	-0.0000610337	9.2152061084E-9	-0.0000057821	8.3631818358E-10	9.800	24.900
7/1/2022	6:23 AM	0.2929345900	43.400	33.000	35.000	0.0000010000	-0.0000610314	3.0498551311E-9	-0.0000057948	1.4205499857E-9	9.800	24.900
7/1/2022	6:24 AM	0.2954490500	43.400	33.000	35.000	0.0000010000	-0.0000610240	9.6968068536E-9	-0.0000057600	3.1051678093E-9	9.800	24.900
7/1/2022	6:25 AM	0.2979635100	43.400	33.000	34.999	0.0000010000	-0.0000610269	9.6585009810E-9	-0.0000057783	6.0000000000E-10	9.800	24.900
7/1/2022	6:26 AM	0.3004779700	43.400	33.000	35.000	0.0000010000	-0.0000610230	9.0138173908E-9	-0.0000057733	8.1237243570E-10	9.800	24.900
