# FGT/O — R vs T field-cooled sweep (FC-warm, 0.1 T)
# Source file : 20220525_1042_Device3_FGT_O_RvsT_FCW_0.1T_RvsT_2.90E+2KCh1.txt
# Measurement date : 25 May 2022
# Device : Device 3 (FGT/O)
# Protocol : Field-cooled warm (FCW), B_cool = 0.1 T
#
# Column definitions
#   I_A          : Applied current (A) — constant throughout sweep
#   T_K          : Sample temperature (K)
#   Vxy_V        : Antisymmetrised Hall voltage (V_+ - V_-)/2 + 4e-6 offset (V)
#   Vxx_V        : Symmetrised longitudinal voltage V_xx = Rxx * I,
#                  spike-filtered (rolling-median MAD, window=30, threshold=1.5) (V)
#
I_A	T_K	Vxy (V)	V_xx (V)
1.000000E-05	6.234000E+00	5.059370E-06	5.276950E-05
1.000000E-05	6.078000E+00	5.045805E-06	5.275250E-05
1.000000E-05	6.602000E+00	5.044490E-06	5.275025E-05
1.000000E-05	7.017000E+00	5.039450E-06	5.281000E-05
1.000000E-05	7.504000E+00	5.034710E-06	5.288450E-05
1.000000E-05	7.992000E+00	5.024955E-06	5.278650E-05
1.000000E-05	8.488000E+00	5.022980E-06	5.280450E-05
1.000000E-05	8.971000E+00	5.012430E-06	5.290950E-05
1.000000E-05	9.459000E+00	5.007690E-06	5.272950E-05
1.000000E-05	1.006200E+01	5.007825E-06	5.274800E-05
1.000000E-05	1.067600E+01	5.006015E-06	5.271350E-05
1.000000E-05	1.119900E+01	5.001715E-06	5.270550E-05
1.000000E-05	1.170900E+01	4.991985E-06	5.274600E-05
1.000000E-05	1.220100E+01	4.987025E-06	5.275250E-05
1.000000E-05	1.267100E+01	4.988615E-06	5.260100E-05
1.000000E-05	1.312600E+01	4.985410E-06	5.262300E-05
1.000000E-05	1.356400E+01	4.984620E-06	5.268550E-05
1.000000E-05	1.398400E+01	4.981385E-06	5.248750E-05
1.000000E-05	1.438800E+01	4.975330E-06	5.251500E-05
1.000000E-05	1.477900E+01	4.975270E-06	5.254150E-05
1.000000E-05	1.515200E+01	4.971025E-06	5.258000E-05
1.000000E-05	1.551600E+01	4.969545E-06	5.256050E-05
1.000000E-05	1.586300E+01	4.966970E-06	5.244650E-05
1.000000E-05	1.627100E+01	4.962310E-06	5.255650E-05
1.000000E-05	1.671700E+01	4.956910E-06	5.241650E-05
1.000000E-05	1.716100E+01	4.954170E-06	5.256400E-05
1.000000E-05	1.759800E+01	4.960005E-06	5.249550E-05
1.000000E-05	1.802700E+01	4.956365E-06	5.249500E-05
1.000000E-05	1.846200E+01	4.950745E-06	5.245700E-05
1.000000E-05	1.889600E+01	4.947900E-06	5.244150E-05
1.000000E-05	1.937200E+01	4.940910E-06	5.251750E-05
1.000000E-05	2.030900E+01	4.941430E-06	5.246350E-05
1.000000E-05	2.090900E+01	4.936745E-06	5.242900E-05
1.000000E-05	2.190600E+01	4.926140E-06	5.249500E-05
1.000000E-05	2.257100E+01	4.926300E-06	5.240150E-05
1.000000E-05	2.299600E+01	4.927540E-06	5.240900E-05
1.000000E-05	2.340600E+01	4.925590E-06	5.248600E-05
1.000000E-05	2.396800E+01	4.925210E-06	5.244650E-05
1.000000E-05	2.442000E+01	4.920575E-06	5.248100E-05
1.000000E-05	2.475200E+01	4.919755E-06	5.249550E-05
1.000000E-05	2.513900E+01	4.916820E-06	5.244150E-05
1.000000E-05	2.562100E+01	4.921345E-06	5.241200E-05
1.000000E-05	2.623500E+01	4.913040E-06	5.241150E-05
1.000000E-05	2.677600E+01	4.908925E-06	5.245950E-05
1.000000E-05	2.718300E+01	4.909310E-06	5.242550E-05
1.000000E-05	2.757000E+01	4.908545E-06	5.245950E-05
1.000000E-05	2.801000E+01	4.905340E-06	5.247100E-05
1.000000E-05	2.853900E+01	4.903775E-06	5.247150E-05
1.000000E-05	2.916700E+01	4.897725E-06	5.243900E-05
1.000000E-05	2.967000E+01	4.887170E-06	5.247100E-05
1.000000E-05	3.012300E+01	4.890105E-06	5.241450E-05
1.000000E-05	3.054600E+01	4.889560E-06	5.252800E-05
1.000000E-05	3.095300E+01	4.881170E-06	5.250300E-05
1.000000E-05	3.135900E+01	4.880980E-06	5.248100E-05
1.000000E-05	3.175000E+01	4.874265E-06	5.249150E-05
1.000000E-05	3.212700E+01	4.871660E-06	5.247150E-05
1.000000E-05	3.249800E+01	4.876460E-06	5.252800E-05
1.000000E-05	3.286700E+01	4.868265E-06	5.249150E-05
1.000000E-05	3.321800E+01	4.865275E-06	5.254300E-05
1.000000E-05	3.355600E+01	4.865575E-06	5.253000E-05
1.000000E-05	3.388200E+01	4.862370E-06	5.252250E-05
1.000000E-05	3.423200E+01	4.868100E-06	5.249900E-05
1.000000E-05	3.459400E+01	4.863660E-06	5.251050E-05
1.000000E-05	3.495200E+01	4.864620E-06	5.253750E-05
1.000000E-05	3.530500E+01	4.860370E-06	5.259350E-05
1.000000E-05	3.565300E+01	4.860620E-06	5.247400E-05
1.000000E-05	3.599000E+01	4.857740E-06	5.253000E-05
1.000000E-05	3.631700E+01	4.854455E-06	5.253750E-05
1.000000E-05	3.664300E+01	4.854590E-06	5.261450E-05
1.000000E-05	3.697400E+01	4.851685E-06	5.254750E-05
1.000000E-05	3.730700E+01	4.845955E-06	5.262150E-05
1.000000E-05	3.763500E+01	4.846920E-06	5.261850E-05
1.000000E-05	3.796000E+01	4.851385E-06	5.257750E-05
1.000000E-05	3.826000E+01	4.838425E-06	5.253800E-05
1.000000E-05	3.855700E+01	4.837515E-06	5.255550E-05
1.000000E-05	3.881800E+01	4.834915E-06	5.261250E-05
1.000000E-05	3.924200E+01	4.833270E-06	5.257950E-05
1.000000E-05	3.981000E+01	4.830780E-06	5.261250E-05
1.000000E-05	4.030200E+01	4.826230E-06	5.261450E-05
1.000000E-05	4.075600E+01	4.821320E-06	5.257750E-05
1.000000E-05	4.117900E+01	4.824860E-06	5.269200E-05
1.000000E-05	4.158300E+01	4.822665E-06	5.252200E-05
1.000000E-05	4.197000E+01	4.816090E-06	5.266450E-05
1.000000E-05	4.234300E+01	4.818255E-06	5.261500E-05
1.000000E-05	4.270800E+01	4.806965E-06	5.257800E-05
1.000000E-05	4.306200E+01	4.808880E-06	5.261550E-05
1.000000E-05	4.340100E+01	4.807675E-06	5.268600E-05
1.000000E-05	4.371100E+01	4.811485E-06	5.281400E-05
1.000000E-05	4.402800E+01	4.799235E-06	5.263800E-05
1.000000E-05	4.431400E+01	4.807785E-06	5.269650E-05
1.000000E-05	4.458400E+01	4.785945E-06	5.272200E-05
1.000000E-05	4.524800E+01	4.791590E-06	5.279850E-05
1.000000E-05	4.581600E+01	4.783255E-06	5.273450E-05
1.000000E-05	4.632000E+01	4.790305E-06	5.271900E-05
1.000000E-05	4.677300E+01	4.779535E-06	5.271500E-05
1.000000E-05	4.719200E+01	4.785125E-06	5.277550E-05
1.000000E-05	4.759000E+01	4.777400E-06	5.278950E-05
1.000000E-05	4.797800E+01	4.770710E-06	5.280250E-05
1.000000E-05	4.836200E+01	4.776135E-06	5.279650E-05
1.000000E-05	4.874200E+01	4.766900E-06	5.284500E-05
1.000000E-05	4.909000E+01	4.766600E-06	5.289500E-05
1.000000E-05	4.941400E+01	4.763965E-06	5.288450E-05
1.000000E-05	4.972900E+01	4.764050E-06	5.288550E-05
1.000000E-05	4.999300E+01	4.760870E-06	5.282350E-05
1.000000E-05	5.020400E+01	4.755445E-06	5.286750E-05
1.000000E-05	5.046800E+01	4.750210E-06	5.282250E-05
1.000000E-05	5.077300E+01	4.743635E-06	5.279500E-05
1.000000E-05	5.108500E+01	4.748320E-06	5.287350E-05
1.000000E-05	5.138600E+01	4.749770E-06	5.288000E-05
1.000000E-05	5.167200E+01	4.749195E-06	5.288050E-05
1.000000E-05	5.193900E+01	4.748840E-06	5.283900E-05
1.000000E-05	5.220100E+01	4.741140E-06	5.288050E-05
1.000000E-05	5.246600E+01	4.736265E-06	5.285000E-05
1.000000E-05	5.274300E+01	4.732895E-06	5.286850E-05
1.000000E-05	5.303000E+01	4.742350E-06	5.296450E-05
1.000000E-05	5.331700E+01	4.726150E-06	5.293300E-05
1.000000E-05	5.361000E+01	4.729250E-06	5.298550E-05
1.000000E-05	5.390700E+01	4.726150E-06	5.287750E-05
1.000000E-05	5.420700E+01	4.725110E-06	5.301700E-05
1.000000E-05	5.450500E+01	4.725110E-06	5.298400E-05
1.000000E-05	5.481100E+01	4.727575E-06	5.298150E-05
1.000000E-05	5.511600E+01	4.718615E-06	5.301250E-05
1.000000E-05	5.542000E+01	4.712285E-06	5.303250E-05
1.000000E-05	5.572800E+01	4.713710E-06	5.301000E-05
1.000000E-05	5.603700E+01	4.713270E-06	5.298400E-05
1.000000E-05	5.634600E+01	4.715410E-06	5.297500E-05
1.000000E-05	5.665300E+01	4.701020E-06	5.311700E-05
1.000000E-05	5.696400E+01	4.709245E-06	5.300200E-05
1.000000E-05	5.727600E+01	4.701575E-06	5.308200E-05
1.000000E-05	5.758700E+01	4.697680E-06	5.317000E-05
1.000000E-05	5.789800E+01	4.700780E-06	5.308150E-05
1.000000E-05	5.821300E+01	4.692610E-06	5.315100E-05
1.000000E-05	5.852500E+01	4.686360E-06	5.307950E-05
1.000000E-05	5.883700E+01	4.687785E-06	5.316050E-05
1.000000E-05	5.915300E+01	4.687430E-06	5.315500E-05
1.000000E-05	5.946800E+01	4.685265E-06	5.309200E-05
1.000000E-05	5.978100E+01	4.683375E-06	5.326350E-05
1.000000E-05	6.009400E+01	4.677405E-06	5.330650E-05
1.000000E-05	6.040700E+01	4.672525E-06	5.318300E-05
1.000000E-05	6.071700E+01	4.672550E-06	5.324350E-05
1.000000E-05	6.103100E+01	4.676335E-06	5.325850E-05
1.000000E-05	6.134600E+01	4.673595E-06	5.335650E-05
1.000000E-05	6.165300E+01	4.665565E-06	5.337900E-05
1.000000E-05	6.197000E+01	4.664250E-06	5.328550E-05
1.000000E-05	6.228000E+01	4.652630E-06	5.327400E-05
1.000000E-05	6.259200E+01	4.659835E-06	5.334600E-05
1.000000E-05	6.290400E+01	4.652410E-06	5.338600E-05
1.000000E-05	6.321300E+01	4.657175E-06	5.345600E-05
1.000000E-05	6.352400E+01	4.650215E-06	5.343250E-05
1.000000E-05	6.383300E+01	4.642845E-06	5.344750E-05
1.000000E-05	6.414200E+01	4.644545E-06	5.348400E-05
1.000000E-05	6.445200E+01	4.642735E-06	5.362900E-05
1.000000E-05	6.475800E+01	4.646055E-06	5.378100E-05
1.000000E-05	6.506300E+01	4.639035E-06	5.377500E-05
1.000000E-05	6.537000E+01	4.631335E-06	5.371850E-05
1.000000E-05	6.567500E+01	4.637530E-06	5.376300E-05
1.000000E-05	6.598200E+01	4.625695E-06	5.380850E-05
1.000000E-05	6.628500E+01	4.631745E-06	5.373200E-05
1.000000E-05	6.659400E+01	4.622380E-06	5.381550E-05
1.000000E-05	6.694200E+01	4.617580E-06	5.376600E-05
1.000000E-05	6.729800E+01	4.611745E-06	5.376750E-05
1.000000E-05	6.765200E+01	4.613715E-06	5.375750E-05
1.000000E-05	6.800400E+01	4.605385E-06	5.389200E-05
1.000000E-05	6.835500E+01	4.605825E-06	5.394400E-05
1.000000E-05	6.870300E+01	4.601280E-06	5.395000E-05
1.000000E-05	6.905100E+01	4.594835E-06	5.388350E-05
1.000000E-05	6.940000E+01	4.588150E-06	5.397100E-05
1.000000E-05	6.975100E+01	4.582810E-06	5.396650E-05
1.000000E-05	7.011900E+01	4.589520E-06	5.392400E-05
1.000000E-05	7.048400E+01	4.584040E-06	5.394100E-05
1.000000E-05	7.085200E+01	4.580530E-06	5.398550E-05
1.000000E-05	7.121300E+01	4.580015E-06	5.394500E-05
1.000000E-05	7.157800E+01	4.572695E-06	5.398350E-05
1.000000E-05	7.193400E+01	4.570370E-06	5.398050E-05
1.000000E-05	7.229500E+01	4.566970E-06	5.405350E-05
1.000000E-05	7.266600E+01	4.565655E-06	5.401550E-05
1.000000E-05	7.302400E+01	4.563215E-06	5.405900E-05
1.000000E-05	7.338200E+01	4.557870E-06	5.409600E-05
1.000000E-05	7.373900E+01	4.549510E-06	5.415800E-05
1.000000E-05	7.409500E+01	4.547570E-06	5.419500E-05
1.000000E-05	7.445000E+01	4.544115E-06	5.406750E-05
1.000000E-05	7.480200E+01	4.539100E-06	5.409700E-05
1.000000E-05	7.515500E+01	4.537070E-06	5.418700E-05
1.000000E-05	7.551300E+01	4.531100E-06	5.418950E-05
1.000000E-05	7.588500E+01	4.524905E-06	5.409450E-05
1.000000E-05	7.625600E+01	4.524140E-06	5.404550E-05
1.000000E-05	7.662300E+01	4.519725E-06	5.419500E-05
1.000000E-05	7.699100E+01	4.519885E-06	5.416550E-05
1.000000E-05	7.735400E+01	4.517585E-06	5.413800E-05
1.000000E-05	7.772100E+01	4.514490E-06	5.415150E-05
1.000000E-05	7.808300E+01	4.507065E-06	5.422600E-05
1.000000E-05	7.844600E+01	4.501940E-06	5.416550E-05
1.000000E-05	7.881900E+01	4.498185E-06	5.413000E-05
1.000000E-05	7.919200E+01	4.501335E-06	5.423250E-05
1.000000E-05	7.956200E+01	4.497995E-06	5.428500E-05
1.000000E-05	7.993300E+01	4.489360E-06	5.427300E-05
1.000000E-05	8.030000E+01	4.482485E-06	5.421200E-05
1.000000E-05	8.068900E+01	4.475005E-06	5.418550E-05
1.000000E-05	8.109000E+01	4.482240E-06	5.426900E-05
1.000000E-05	8.148900E+01	4.478375E-06	5.432150E-05
1.000000E-05	8.189000E+01	4.471330E-06	5.433350E-05
1.000000E-05	8.228600E+01	4.462645E-06	5.433400E-05
1.000000E-05	8.268300E+01	4.457330E-06	5.426300E-05
1.000000E-05	8.308000E+01	4.462370E-06	5.423300E-05
1.000000E-05	8.347300E+01	4.456590E-06	5.431800E-05
1.000000E-05	8.386500E+01	4.446340E-06	5.442700E-05
1.000000E-05	8.425300E+01	4.440890E-06	5.438000E-05
1.000000E-05	8.464500E+01	4.439925E-06	5.428500E-05
1.000000E-05	8.503600E+01	4.435980E-06	5.444850E-05
1.000000E-05	8.542300E+01	4.433655E-06	5.439700E-05
1.000000E-05	8.581000E+01	4.433135E-06	5.447700E-05
1.000000E-05	8.619500E+01	4.423350E-06	5.440550E-05
1.000000E-05	8.657900E+01	4.422365E-06	5.444600E-05
1.000000E-05	8.696500E+01	4.422500E-06	5.439900E-05
1.000000E-05	8.734700E+01	4.411100E-06	5.447550E-05
1.000000E-05	8.772600E+01	4.414825E-06	5.444800E-05
1.000000E-05	8.810600E+01	4.405480E-06	5.436350E-05
1.000000E-05	8.848700E+01	4.404225E-06	5.449800E-05
1.000000E-05	8.886500E+01	4.395890E-06	5.449650E-05
1.000000E-05	8.924200E+01	4.398275E-06	5.455350E-05
1.000000E-05	8.961800E+01	4.390765E-06	5.453600E-05
1.000000E-05	8.999100E+01	4.383805E-06	5.448250E-05
1.000000E-05	9.036300E+01	4.383450E-06	5.454950E-05
1.000000E-05	9.073600E+01	4.375640E-06	5.450300E-05
1.000000E-05	9.110600E+01	4.372625E-06	5.465200E-05
1.000000E-05	9.147700E+01	4.364980E-06	5.462250E-05
1.000000E-05	9.184700E+01	4.363530E-06	5.453300E-05
1.000000E-05	9.221400E+01	4.359200E-06	5.466450E-05
1.000000E-05	9.258100E+01	4.358155E-06	5.469600E-05
1.000000E-05	9.294700E+01	4.351305E-06	5.462850E-05
1.000000E-05	9.331100E+01	4.337795E-06	5.463800E-05
1.000000E-05	9.367400E+01	4.347280E-06	5.465800E-05
1.000000E-05	9.403900E+01	4.334975E-06	5.470850E-05
1.000000E-05	9.440900E+01	4.331495E-06	5.480200E-05
1.000000E-05	9.479200E+01	4.337165E-06	5.481750E-05
1.000000E-05	9.518700E+01	4.322370E-06	5.472450E-05
1.000000E-05	9.558200E+01	4.323900E-06	5.473650E-05
1.000000E-05	9.597300E+01	4.321050E-06	5.476700E-05
1.000000E-05	9.636000E+01	4.304170E-06	5.470800E-05
1.000000E-05	9.675300E+01	4.307300E-06	5.478550E-05
1.000000E-05	9.714100E+01	4.304470E-06	5.482150E-05
1.000000E-05	9.753000E+01	4.297435E-06	5.472200E-05
1.000000E-05	9.791900E+01	4.295840E-06	5.481750E-05
1.000000E-05	9.830600E+01	4.287785E-06	5.473400E-05
1.000000E-05	9.870700E+01	4.281455E-06	5.490250E-05
1.000000E-05	9.911700E+01	4.281240E-06	5.487700E-05
1.000000E-05	9.952100E+01	4.275100E-06	5.489050E-05
1.000000E-05	9.992500E+01	4.270305E-06	5.481800E-05
1.000000E-05	1.003300E+02	4.263865E-06	5.487100E-05
1.000000E-05	1.007300E+02	4.260380E-06	5.484000E-05
1.000000E-05	1.011300E+02	4.264355E-06	5.487050E-05
1.000000E-05	1.015300E+02	4.251915E-06	5.492500E-05
1.000000E-05	1.019300E+02	4.249205E-06	5.495550E-05
1.000000E-05	1.023300E+02	4.239860E-06	5.502250E-05
1.000000E-05	1.027200E+02	4.240790E-06	5.492900E-05
1.000000E-05	1.031200E+02	4.235500E-06	5.501450E-05
1.000000E-05	1.035100E+02	4.227745E-06	5.502850E-05
1.000000E-05	1.039000E+02	4.217390E-06	5.503650E-05
1.000000E-05	1.043000E+02	4.212125E-06	5.509950E-05
1.000000E-05	1.046900E+02	4.212975E-06	5.510050E-05
1.000000E-05	1.050800E+02	4.211060E-06	5.496550E-05
1.000000E-05	1.054600E+02	4.204235E-06	5.499850E-05
1.000000E-05	1.058500E+02	4.195715E-06	5.501750E-05
1.000000E-05	1.062400E+02	4.199630E-06	5.508350E-05
1.000000E-05	1.066200E+02	4.186035E-06	5.509250E-05
1.000000E-05	1.070100E+02	4.182780E-06	5.519150E-05
1.000000E-05	1.073900E+02	4.183625E-06	5.508300E-05
1.000000E-05	1.078000E+02	4.173900E-06	5.515000E-05
1.000000E-05	1.081900E+02	4.164825E-06	5.517750E-05
1.000000E-05	1.086000E+02	4.171490E-06	5.511850E-05
1.000000E-05	1.090100E+02	4.156995E-06	5.512000E-05
1.000000E-05	1.094200E+02	4.158005E-06	5.524950E-05
1.000000E-05	1.098200E+02	4.151950E-06	5.528600E-05
1.000000E-05	1.102300E+02	4.143945E-06	5.516350E-05
1.000000E-05	1.106300E+02	4.140385E-06	5.519800E-05
1.000000E-05	1.110400E+02	4.140360E-06	5.523750E-05
1.000000E-05	1.114400E+02	4.132495E-06	5.532850E-05
1.000000E-05	1.118500E+02	4.125890E-06	5.530950E-05
1.000000E-05	1.122400E+02	4.121040E-06	5.532450E-05
1.000000E-05	1.126400E+02	4.118355E-06	5.528700E-05
1.000000E-05	1.130500E+02	4.114710E-06	5.530300E-05
1.000000E-05	1.134400E+02	4.103310E-06	5.523650E-05
1.000000E-05	1.138400E+02	4.099500E-06	5.521450E-05
1.000000E-05	1.142300E+02	4.091965E-06	5.535550E-05
1.000000E-05	1.146400E+02	4.088785E-06	5.535900E-05
1.000000E-05	1.150500E+02	4.084980E-06	5.538900E-05
1.000000E-05	1.154700E+02	4.077085E-06	5.540950E-05
1.000000E-05	1.158800E+02	4.067140E-06	5.537300E-05
1.000000E-05	1.163000E+02	4.065960E-06	5.541750E-05
1.000000E-05	1.167100E+02	4.061850E-06	5.542250E-05
1.000000E-05	1.171200E+02	4.062535E-06	5.542650E-05
1.000000E-05	1.175300E+02	4.055160E-06	5.557350E-05
1.000000E-05	1.179400E+02	4.048475E-06	5.555900E-05
1.000000E-05	1.183400E+02	4.041735E-06	5.547500E-05
1.000000E-05	1.187500E+02	4.037710E-06	5.565900E-05
1.000000E-05	1.191500E+02	4.033405E-06	5.552750E-05
1.000000E-05	1.195600E+02	4.027980E-06	5.556250E-05
1.000000E-05	1.199600E+02	4.028495E-06	5.566500E-05
1.000000E-05	1.203600E+02	4.015540E-06	5.565250E-05
1.000000E-05	1.207600E+02	4.018610E-06	5.549750E-05
1.000000E-05	1.211600E+02	4.004600E-06	5.561200E-05
1.000000E-05	1.215600E+02	3.995615E-06	5.573200E-05
1.000000E-05	1.219600E+02	3.995450E-06	5.556550E-05
1.000000E-05	1.223700E+02	3.985285E-06	5.567200E-05
1.000000E-05	1.227800E+02	3.977120E-06	5.548250E-05
1.000000E-05	1.231900E+02	3.975445E-06	5.566550E-05
1.000000E-05	1.236100E+02	3.974080E-06	5.574500E-05
1.000000E-05	1.240300E+02	3.966845E-06	5.579800E-05
1.000000E-05	1.244500E+02	3.959255E-06	5.577950E-05
1.000000E-05	1.248600E+02	3.953440E-06	5.590850E-05
1.000000E-05	1.252700E+02	3.943110E-06	5.596100E-05
1.000000E-05	1.256900E+02	3.943800E-06	5.616350E-05
1.000000E-05	1.261000E+02	3.935110E-06	5.616350E-05
1.000000E-05	1.265100E+02	3.925765E-06	5.692150E-05
1.000000E-05	1.269200E+02	3.921515E-06	5.945100E-05
1.000000E-05	1.273300E+02	3.916310E-06	5.961000E-05
1.000000E-05	1.277400E+02	3.912910E-06	5.939800E-05
1.000000E-05	1.281600E+02	3.907515E-06	5.945100E-05
1.000000E-05	1.285700E+02	3.899295E-06	5.959750E-05
1.000000E-05	1.289800E+02	3.897400E-06	5.910850E-05
1.000000E-05	1.294000E+02	3.888055E-06	5.949450E-05
1.000000E-05	1.298100E+02	3.875315E-06	6.018900E-05
1.000000E-05	1.302300E+02	3.863640E-06	6.020000E-05
1.000000E-05	1.306600E+02	3.866300E-06	6.027500E-05
1.000000E-05	1.310700E+02	3.855615E-06	6.004800E-05
1.000000E-05	1.314900E+02	3.853885E-06	5.971900E-05
1.000000E-05	1.319000E+02	3.843310E-06	5.957600E-05
1.000000E-05	1.323200E+02	3.840320E-06	6.016150E-05
1.000000E-05	1.327400E+02	3.835470E-06	6.018900E-05
1.000000E-05	1.331700E+02	3.823665E-06	5.989150E-05
1.000000E-05	1.336000E+02	3.818920E-06	6.023150E-05
1.000000E-05	1.340300E+02	3.816260E-06	6.033000E-05
1.000000E-05	1.344700E+02	3.801960E-06	6.025200E-05
1.000000E-05	1.349000E+02	3.795550E-06	6.016150E-05
1.000000E-05	1.353200E+02	3.794885E-06	6.040000E-05
1.000000E-05	1.357600E+02	3.779435E-06	6.040550E-05
1.000000E-05	1.361800E+02	3.778420E-06	6.049200E-05
1.000000E-05	1.366100E+02	3.766665E-06	6.047350E-05
1.000000E-05	1.370300E+02	3.767815E-06	6.043450E-05
1.000000E-05	1.374600E+02	3.757345E-06	6.053500E-05
1.000000E-05	1.378900E+02	3.749890E-06	6.049450E-05
1.000000E-05	1.383100E+02	3.744080E-06	6.056000E-05
1.000000E-05	1.387300E+02	3.732105E-06	6.054850E-05
1.000000E-05	1.391500E+02	3.730605E-06	6.066800E-05
1.000000E-05	1.395700E+02	3.725205E-06	6.067000E-05
1.000000E-05	1.399900E+02	3.718020E-06	6.073800E-05
1.000000E-05	1.404100E+02	3.699420E-06	6.066550E-05
1.000000E-05	1.408300E+02	3.700815E-06	6.077300E-05
1.000000E-05	1.412400E+02	3.695170E-06	6.071450E-05
1.000000E-05	1.416600E+02	3.692235E-06	6.076350E-05
1.000000E-05	1.420700E+02	3.680840E-06	6.070550E-05
1.000000E-05	1.424900E+02	3.678315E-06	6.054850E-05
1.000000E-05	1.429000E+02	3.672590E-06	6.056000E-05
1.000000E-05	1.433100E+02	3.675140E-06	6.066550E-05
1.000000E-05	1.437200E+02	3.672835E-06	6.066800E-05
1.000000E-05	1.441300E+02	3.669055E-06	6.067000E-05
1.000000E-05	1.445400E+02	3.660205E-06	6.070550E-05
1.000000E-05	1.449600E+02	3.658665E-06	6.071450E-05
1.000000E-05	1.453800E+02	3.653405E-06	6.073800E-05
1.000000E-05	1.458100E+02	3.641210E-06	6.076350E-05
1.000000E-05	1.462300E+02	3.633870E-06	6.077300E-05
1.000000E-05	1.466600E+02	3.604325E-06	6.083850E-05
1.000000E-05	1.470900E+02	3.594680E-06	6.085250E-05
1.000000E-05	1.475200E+02	3.586380E-06	6.100250E-05
1.000000E-05	1.479500E+02	3.577720E-06	6.112400E-05
1.000000E-05	1.483700E+02	3.569660E-06	6.109700E-05
1.000000E-05	1.487900E+02	3.559030E-06	6.119650E-05
1.000000E-05	1.492200E+02	3.556235E-06	6.107900E-05
1.000000E-05	1.496400E+02	3.543385E-06	6.112850E-05
1.000000E-05	1.500600E+02	3.536970E-06	6.116400E-05
1.000000E-05	1.504900E+02	3.537600E-06	6.118350E-05
1.000000E-05	1.509100E+02	3.521710E-06	6.112450E-05
1.000000E-05	1.513300E+02	3.516010E-06	6.118400E-05
1.000000E-05	1.517600E+02	3.504250E-06	6.116050E-05
1.000000E-05	1.522000E+02	3.494250E-06	6.117500E-05
1.000000E-05	1.526500E+02	3.490555E-06	6.123950E-05
1.000000E-05	1.530900E+02	3.482765E-06	6.126400E-05
1.000000E-05	1.535300E+02	3.474930E-06	6.139450E-05
1.000000E-05	1.539700E+02	3.468410E-06	6.133850E-05
1.000000E-05	1.544100E+02	3.460075E-06	6.118650E-05
1.000000E-05	1.548400E+02	3.451115E-06	6.136400E-05
1.000000E-05	1.552800E+02	3.438980E-06	6.134250E-05
1.000000E-05	1.557200E+02	3.433635E-06	6.139200E-05
1.000000E-05	1.561500E+02	3.421690E-06	6.156400E-05
1.000000E-05	1.565900E+02	3.419850E-06	6.147550E-05
1.000000E-05	1.570100E+02	3.398995E-06	6.155200E-05
1.000000E-05	1.574500E+02	3.400310E-06	6.136850E-05
1.000000E-05	1.578800E+02	3.389515E-06	6.149750E-05
1.000000E-05	1.583100E+02	3.385270E-06	6.166700E-05
1.000000E-05	1.587400E+02	3.373460E-06	6.155550E-05
1.000000E-05	1.591700E+02	3.364910E-06	6.151950E-05
1.000000E-05	1.595900E+02	3.361620E-06	6.175800E-05
1.000000E-05	1.600200E+02	3.346415E-06	6.163850E-05
1.000000E-05	1.604700E+02	3.348580E-06	6.172050E-05
1.000000E-05	1.609100E+02	3.324240E-06	6.168450E-05
1.000000E-05	1.613600E+02	3.321145E-06	6.172550E-05
1.000000E-05	1.618000E+02	3.313500E-06	6.168900E-05
1.000000E-05	1.622400E+02	3.302375E-06	6.177600E-05
1.000000E-05	1.626900E+02	3.308895E-06	6.113250E-05
1.000000E-05	1.631300E+02	3.334790E-06	6.155200E-05
1.000000E-05	1.635700E+02	3.324080E-06	6.155550E-05
1.000000E-05	1.640100E+02	3.307475E-06	6.163850E-05
1.000000E-05	1.644600E+02	3.281165E-06	6.166700E-05
1.000000E-05	1.649000E+02	3.267575E-06	6.168450E-05
1.000000E-05	1.653400E+02	3.289910E-06	6.168900E-05
1.000000E-05	1.657800E+02	3.288070E-06	6.172050E-05
1.000000E-05	1.662100E+02	3.279000E-06	6.172550E-05
1.000000E-05	1.666400E+02	3.252420E-06	6.172550E-05
1.000000E-05	1.670900E+02	3.229130E-06	6.177600E-05
1.000000E-05	1.675200E+02	3.189500E-06	6.196600E-05
1.000000E-05	1.679500E+02	3.183720E-06	6.199600E-05
1.000000E-05	1.683900E+02	3.170100E-06	6.202550E-05
1.000000E-05	1.688200E+02	3.169090E-06	6.203250E-05
1.000000E-05	1.692500E+02	3.157850E-06	6.207050E-05
1.000000E-05	1.696900E+02	3.150535E-06	6.212300E-05
1.000000E-05	1.701100E+02	3.135520E-06	6.220800E-05
1.000000E-05	1.705400E+02	3.126860E-06	6.198700E-05
1.000000E-05	1.709700E+02	3.108580E-06	6.218500E-05
1.000000E-05	1.714000E+02	3.103540E-06	6.229200E-05
1.000000E-05	1.718200E+02	3.087780E-06	6.229250E-05
1.000000E-05	1.722500E+02	3.082275E-06	6.232400E-05
1.000000E-05	1.726700E+02	3.067260E-06	6.227750E-05
1.000000E-05	1.731200E+02	3.058900E-06	6.228300E-05
1.000000E-05	1.735700E+02	3.054515E-06	6.223700E-05
1.000000E-05	1.740100E+02	3.037855E-06	6.244450E-05
1.000000E-05	1.744600E+02	3.036700E-06	6.247000E-05
1.000000E-05	1.749000E+02	3.019875E-06	6.235050E-05
1.000000E-05	1.753400E+02	3.008890E-06	6.244950E-05
1.000000E-05	1.757800E+02	3.000365E-06	6.242500E-05
1.000000E-05	1.762200E+02	2.997490E-06	6.236700E-05
1.000000E-05	1.766400E+02	2.974635E-06	6.245150E-05
1.000000E-05	1.771000E+02	2.965015E-06	6.248450E-05
1.000000E-05	1.775400E+02	2.944055E-06	6.247950E-05
1.000000E-05	1.779800E+02	2.954140E-06	6.221800E-05
1.000000E-05	1.784300E+02	2.940985E-06	6.248450E-05
1.000000E-05	1.788700E+02	2.922870E-06	6.251500E-05
1.000000E-05	1.793100E+02	2.901220E-06	6.256300E-05
1.000000E-05	1.797500E+02	2.897440E-06	6.266700E-05
1.000000E-05	1.801900E+02	2.886340E-06	6.266700E-05
1.000000E-05	1.806400E+02	2.864450E-06	6.268650E-05
1.000000E-05	1.810700E+02	2.860285E-06	6.273550E-05
1.000000E-05	1.815000E+02	2.843130E-06	6.271700E-05
1.000000E-05	1.819400E+02	2.830660E-06	6.276200E-05
1.000000E-05	1.823900E+02	2.825700E-06	6.280950E-05
1.000000E-05	1.828500E+02	2.815175E-06	6.285650E-05
1.000000E-05	1.832900E+02	2.799560E-06	6.289950E-05
1.000000E-05	1.837500E+02	2.784100E-06	6.286450E-05
1.000000E-05	1.841900E+02	2.769880E-06	6.290050E-05
1.000000E-05	1.846300E+02	2.758615E-06	6.292850E-05
1.000000E-05	1.850900E+02	2.739490E-06	6.300900E-05
1.000000E-05	1.855200E+02	2.734095E-06	6.292950E-05
1.000000E-05	1.859800E+02	2.723870E-06	6.297450E-05
1.000000E-05	1.864100E+02	2.707760E-06	6.294800E-05
1.000000E-05	1.868500E+02	2.692110E-06	6.301900E-05
1.000000E-05	1.872900E+02	2.679180E-06	6.299750E-05
1.000000E-05	1.877300E+02	2.664160E-06	6.309200E-05
1.000000E-05	1.881800E+02	2.646400E-06	6.313800E-05
1.000000E-05	1.886300E+02	2.641005E-06	6.319850E-05
1.000000E-05	1.890800E+02	2.621520E-06	6.315600E-05
1.000000E-05	1.895200E+02	2.606120E-06	6.330500E-05
1.000000E-05	1.899600E+02	2.598365E-06	6.327050E-05
1.000000E-05	1.904100E+02	2.573210E-06	6.328300E-05
1.000000E-05	1.908500E+02	2.572195E-06	6.325650E-05
1.000000E-05	1.913100E+02	2.543230E-06	6.323700E-05
1.000000E-05	1.917700E+02	2.529995E-06	6.325350E-05
1.000000E-05	1.922300E+02	2.519665E-06	6.327600E-05
1.000000E-05	1.926800E+02	2.495960E-06	6.336700E-05
1.000000E-05	1.931400E+02	2.487545E-06	6.341550E-05
1.000000E-05	1.935900E+02	2.468940E-06	6.337550E-05
1.000000E-05	1.940600E+02	2.451485E-06	6.346750E-05
1.000000E-05	1.945000E+02	2.437560E-06	6.348650E-05
1.000000E-05	1.949600E+02	2.421640E-06	6.357150E-05
1.000000E-05	1.954100E+02	2.408490E-06	6.343700E-05
1.000000E-05	1.958600E+02	2.448305E-06	6.336700E-05
1.000000E-05	1.963200E+02	2.498945E-06	6.337550E-05
1.000000E-05	1.967600E+02	2.485520E-06	6.337550E-05
1.000000E-05	1.972100E+02	2.460500E-06	6.341550E-05
1.000000E-05	1.976500E+02	2.444470E-06	6.341550E-05
1.000000E-05	1.980900E+02	2.410490E-06	6.343700E-05
1.000000E-05	1.985400E+02	2.359080E-06	6.346750E-05
1.000000E-05	1.989900E+02	2.252950E-06	6.363100E-05
1.000000E-05	1.994300E+02	2.236895E-06	6.385200E-05
1.000000E-05	1.998700E+02	2.216175E-06	6.373600E-05
1.000000E-05	2.003100E+02	2.191075E-06	6.387200E-05
1.000000E-05	2.007500E+02	2.178525E-06	6.384050E-05
1.000000E-05	2.011900E+02	2.153095E-06	6.385900E-05
1.000000E-05	2.016400E+02	2.127745E-06	6.401600E-05
1.000000E-05	2.020700E+02	2.106070E-06	6.404350E-05
1.000000E-05	2.025100E+02	2.083380E-06	6.383950E-05
1.000000E-05	2.029500E+02	2.067375E-06	6.390600E-05
1.000000E-05	2.033800E+02	2.067790E-06	6.385200E-05
1.000000E-05	2.038200E+02	2.045455E-06	6.386500E-05
1.000000E-05	2.042600E+02	2.082750E-06	6.385900E-05
1.000000E-05	2.047100E+02	1.973575E-06	6.403350E-05
1.000000E-05	2.051600E+02	1.946860E-06	6.386500E-05
1.000000E-05	2.056100E+02	1.931870E-06	6.385900E-05
1.000000E-05	2.060700E+02	1.898630E-06	6.388050E-05
1.000000E-05	2.065300E+02	1.873970E-06	6.375750E-05
1.000000E-05	2.069900E+02	1.859060E-06	6.326250E-05
1.000000E-05	2.074500E+02	1.840920E-06	6.384050E-05
1.000000E-05	2.079000E+02	1.769535E-06	6.419250E-05
1.000000E-05	2.083600E+02	1.738705E-06	6.421900E-05
1.000000E-05	2.088100E+02	1.699220E-06	6.433900E-05
1.000000E-05	2.092700E+02	1.658715E-06	6.439300E-05
1.000000E-05	2.097300E+02	1.629150E-06	6.441400E-05
1.000000E-05	2.101800E+02	1.599775E-06	6.446000E-05
1.000000E-05	2.106300E+02	1.560315E-06	6.432300E-05
1.000000E-05	2.110800E+02	1.597445E-06	6.403350E-05
1.000000E-05	2.115200E+02	1.697080E-06	6.419250E-05
1.000000E-05	2.119800E+02	1.661210E-06	6.421900E-05
1.000000E-05	2.124200E+02	1.630300E-06	6.432300E-05
1.000000E-05	2.128800E+02	1.594295E-06	6.433900E-05
1.000000E-05	2.133200E+02	1.548695E-06	6.439300E-05
1.000000E-05	2.137700E+02	1.412390E-06	6.441400E-05
1.000000E-05	2.142100E+02	1.423435E-06	6.446000E-05
1.000000E-05	2.146500E+02	1.152340E-06	6.476400E-05
1.000000E-05	2.151000E+02	1.102655E-06	6.480750E-05
1.000000E-05	2.155300E+02	1.051080E-06	6.478400E-05
1.000000E-05	2.159800E+02	9.987450E-07	6.476900E-05
1.000000E-05	2.164200E+02	9.618550E-07	6.486800E-05
1.000000E-05	2.168800E+02	9.141500E-07	6.485500E-05
1.000000E-05	2.173300E+02	8.655100E-07	6.494850E-05
1.000000E-05	2.177800E+02	8.327900E-07	6.492500E-05
1.000000E-05	2.182400E+02	7.935750E-07	6.495750E-05
1.000000E-05	2.186900E+02	7.610200E-07	6.497300E-05
1.000000E-05	2.191400E+02	7.308250E-07	6.506600E-05
1.000000E-05	2.195900E+02	7.016400E-07	6.511600E-05
1.000000E-05	2.200300E+02	6.667850E-07	6.518450E-05
1.000000E-05	2.204800E+02	6.419300E-07	6.519050E-05
1.000000E-05	2.209200E+02	6.237600E-07	6.506600E-05
1.000000E-05	2.213800E+02	6.022450E-07	6.518500E-05
1.000000E-05	2.218500E+02	5.808200E-07	6.518200E-05
1.000000E-05	2.223200E+02	5.731700E-07	6.514000E-05
1.000000E-05	2.227900E+02	5.506800E-07	6.514000E-05
1.000000E-05	2.232600E+02	5.319850E-07	6.524400E-05
1.000000E-05	2.237300E+02	7.617350E-07	6.518500E-05
1.000000E-05	2.242000E+02	5.091050E-07	6.525350E-05
1.000000E-05	2.246500E+02	5.207550E-07	6.521500E-05
1.000000E-05	2.251200E+02	4.849100E-07	6.524700E-05
1.000000E-05	2.255900E+02	5.364550E-07	6.521500E-05
1.000000E-05	2.260500E+02	4.684400E-07	6.518200E-05
1.000000E-05	2.265000E+02	4.622200E-07	6.526250E-05
1.000000E-05	2.269700E+02	4.441900E-07	6.532700E-05
1.000000E-05	2.274300E+02	4.407600E-07	6.537350E-05
1.000000E-05	2.278800E+02	4.388200E-07	6.535650E-05
1.000000E-05	2.283400E+02	4.298800E-07	6.553600E-05
1.000000E-05	2.288000E+02	4.197450E-07	6.552900E-05
1.000000E-05	2.292600E+02	4.154150E-07	6.539900E-05
1.000000E-05	2.297100E+02	4.078550E-07	6.556550E-05
1.000000E-05	2.301600E+02	4.051150E-07	6.544800E-05
1.000000E-05	2.306100E+02	3.960150E-07	6.539550E-05
1.000000E-05	2.310700E+02	3.907250E-07	6.535950E-05
1.000000E-05	2.315200E+02	3.859050E-07	6.553950E-05
1.000000E-05	2.319600E+02	3.812700E-07	6.545150E-05
1.000000E-05	2.324100E+02	3.748300E-07	6.560400E-05
1.000000E-05	2.328600E+02	3.784250E-07	6.556250E-05
1.000000E-05	2.332000E+02	4.475600E-07	6.556250E-05
1.000000E-05	2.335300E+02	4.923600E-07	6.556550E-05
1.000000E-05	2.338500E+02	3.646650E-07	6.558850E-05
1.000000E-05	2.341800E+02	3.618150E-07	6.561600E-05
1.000000E-05	2.345000E+02	3.599800E-07	6.570050E-05
1.000000E-05	2.348200E+02	3.446600E-07	6.558850E-05
1.000000E-05	2.351300E+02	3.528250E-07	6.567250E-05
1.000000E-05	2.354400E+02	3.486900E-07	6.561650E-05
1.000000E-05	2.357400E+02	3.446650E-07	6.565450E-05
1.000000E-05	2.360500E+02	3.505550E-07	6.563150E-05
1.000000E-05	2.363500E+02	3.461400E-07	6.568100E-05
1.000000E-05	2.366500E+02	3.380550E-07	6.570350E-05
1.000000E-05	2.369400E+02	3.439200E-07	6.567600E-05
1.000000E-05	2.372300E+02	3.363600E-07	6.566800E-05
1.000000E-05	2.375300E+02	3.336700E-07	6.566600E-05
1.000000E-05	2.378200E+02	3.387150E-07	6.565750E-05
1.000000E-05	2.381100E+02	3.301650E-07	6.571200E-05
1.000000E-05	2.384000E+02	3.276400E-07	6.566000E-05
1.000000E-05	2.386800E+02	3.301350E-07	6.569500E-05
1.000000E-05	2.389700E+02	3.241100E-07	6.565450E-05
1.000000E-05	2.392400E+02	3.207150E-07	6.569500E-05
1.000000E-05	2.395200E+02	3.160550E-07	6.570350E-05
1.000000E-05	2.397900E+02	3.265500E-07	6.568400E-05
1.000000E-05	2.400600E+02	3.181900E-07	6.576100E-05
1.000000E-05	2.403200E+02	3.189000E-07	6.578500E-05
1.000000E-05	2.405900E+02	3.164400E-07	6.568600E-05
1.000000E-05	2.408400E+02	3.143250E-07	6.578900E-05
1.000000E-05	2.411000E+02	3.178350E-07	6.577000E-05
1.000000E-05	2.413500E+02	3.128450E-07	6.576100E-05
1.000000E-05	2.416000E+02	3.082950E-07	6.575450E-05
1.000000E-05	2.418600E+02	3.137800E-07	6.572950E-05
1.000000E-05	2.421000E+02	3.062150E-07	6.573450E-05
1.000000E-05	2.423500E+02	3.054200E-07	6.573100E-05
1.000000E-05	2.425900E+02	3.139700E-07	6.581800E-05
1.000000E-05	2.428200E+02	2.966750E-07	6.576100E-05
1.000000E-05	2.430600E+02	3.047350E-07	6.581000E-05
1.000000E-05	2.432900E+02	3.038300E-07	6.588450E-05
1.000000E-05	2.435200E+02	3.031150E-07	6.582600E-05
1.000000E-05	2.437500E+02	3.013350E-07	6.584850E-05
1.000000E-05	2.439700E+02	3.013950E-07	6.583200E-05
1.000000E-05	2.442000E+02	2.938850E-07	6.587850E-05
1.000000E-05	2.444200E+02	2.990900E-07	6.584850E-05
1.000000E-05	2.446400E+02	2.963200E-07	6.583350E-05
1.000000E-05	2.448500E+02	2.912500E-07	6.592050E-05
1.000000E-05	2.450600E+02	2.861000E-07	6.585950E-05
1.000000E-05	2.452800E+02	2.898800E-07	6.592150E-05
1.000000E-05	2.454800E+02	2.896350E-07	6.586350E-05
1.000000E-05	2.456900E+02	2.838000E-07	6.587850E-05
1.000000E-05	2.459000E+02	2.817150E-07	6.584500E-05
1.000000E-05	2.461200E+02	2.826500E-07	6.583750E-05
1.000000E-05	2.463500E+02	2.858550E-07	6.590200E-05
1.000000E-05	2.465900E+02	2.898300E-07	6.585950E-05
1.000000E-05	2.468500E+02	2.757150E-07	6.590600E-05
1.000000E-05	2.471200E+02	2.790050E-07	6.584100E-05
1.000000E-05	2.474100E+02	2.796050E-07	6.590550E-05
1.000000E-05	2.477200E+02	2.813050E-07	6.594900E-05
1.000000E-05	2.480400E+02	2.733850E-07	6.602800E-05
1.000000E-05	2.483700E+02	2.761300E-07	6.593850E-05
1.000000E-05	2.487200E+02	2.700700E-07	6.596050E-05
1.000000E-05	2.490700E+02	2.744550E-07	6.600850E-05
1.000000E-05	2.494200E+02	2.685900E-07	6.604850E-05
1.000000E-05	2.497800E+02	2.775250E-07	6.599700E-05
1.000000E-05	2.501400E+02	2.599050E-07	6.596750E-05
1.000000E-05	2.505100E+02	2.720950E-07	6.598700E-05
1.000000E-05	2.508600E+02	2.617400E-07	6.604100E-05
1.000000E-05	2.512200E+02	2.667550E-07	6.604750E-05
1.000000E-05	2.515900E+02	2.613300E-07	6.612250E-05
1.000000E-05	2.519600E+02	2.616600E-07	6.603650E-05
1.000000E-05	2.523300E+02	2.604500E-07	6.599700E-05
1.000000E-05	2.527000E+02	2.542900E-07	6.606500E-05
1.000000E-05	2.530800E+02	2.573850E-07	6.603350E-05
1.000000E-05	2.534600E+02	2.569450E-07	6.611200E-05
1.000000E-05	2.538600E+02	2.593850E-07	6.604050E-05
1.000000E-05	2.542500E+02	2.571650E-07	6.612050E-05
1.000000E-05	2.546900E+02	2.138950E-07	6.602400E-05
1.000000E-05	2.552300E+02	2.229650E-07	6.604450E-05
1.000000E-05	2.564500E+02	2.540100E-07	6.611050E-05
1.000000E-05	2.576000E+02	2.597650E-07	6.619650E-05
1.000000E-05	2.584800E+02	2.519300E-07	6.610450E-05
1.000000E-05	2.591600E+02	2.545600E-07	6.614950E-05
1.000000E-05	2.596600E+02	2.574100E-07	6.610050E-05
1.000000E-05	2.600800E+02	2.519550E-07	6.611900E-05
1.000000E-05	2.604500E+02	2.577100E-07	6.606550E-05
1.000000E-05	2.607900E+02	2.432700E-07	6.619250E-05
1.000000E-05	2.610900E+02	2.436500E-07	6.615800E-05
1.000000E-05	2.613700E+02	2.488850E-07	6.614100E-05
1.000000E-05	2.615900E+02	2.402000E-07	6.623600E-05
1.000000E-05	2.617700E+02	2.414050E-07	6.619650E-05
1.000000E-05	2.619500E+02	2.505050E-07	6.628300E-05
1.000000E-05	2.620900E+02	2.624000E-07	6.626700E-05
1.000000E-05	2.620900E+02	2.622050E-07	6.626700E-05
1.000000E-05	2.619900E+02	2.471900E-07	6.625450E-05
1.000000E-05	2.618500E+02	2.353500E-07	6.618450E-05
1.000000E-05	2.617000E+02	2.345300E-07	6.628100E-05
1.000000E-05	2.615600E+02	2.299800E-07	6.623950E-05
1.000000E-05	2.614300E+02	2.212400E-07	6.623650E-05
1.000000E-05	2.613500E+02	2.251300E-07	6.626700E-05
1.000000E-05	2.613100E+02	2.241700E-07	6.629800E-05
1.000000E-05	2.613000E+02	2.187450E-07	6.626700E-05
1.000000E-05	2.613500E+02	2.231850E-07	6.626700E-05
1.000000E-05	2.614100E+02	2.206900E-07	6.626700E-05
1.000000E-05	2.615100E+02	2.234300E-07	6.626700E-05
1.000000E-05	2.616300E+02	2.119500E-07	6.628950E-05
1.000000E-05	2.617700E+02	2.232400E-07	6.627350E-05
1.000000E-05	2.619200E+02	2.133450E-07	6.631650E-05
1.000000E-05	2.621000E+02	2.280050E-07	6.628100E-05
1.000000E-05	2.623000E+02	2.181950E-07	6.625800E-05
1.000000E-05	2.625000E+02	2.254300E-07	6.629800E-05
1.000000E-05	2.627400E+02	2.178650E-07	6.624650E-05
1.000000E-05	2.629900E+02	1.661000E-07	6.631350E-05
1.000000E-05	2.635200E+02	2.031500E-07	6.631250E-05
1.000000E-05	2.643900E+02	2.171800E-07	6.626100E-05
1.000000E-05	2.650800E+02	2.289350E-07	6.629800E-05
1.000000E-05	2.655900E+02	2.244950E-07	6.636100E-05
1.000000E-05	2.659700E+02	2.281150E-07	6.633350E-05
1.000000E-05	2.662700E+02	2.233750E-07	6.640550E-05
1.000000E-05	2.665400E+02	2.177850E-07	6.634250E-05
1.000000E-05	2.667800E+02	2.190450E-07	6.632800E-05
1.000000E-05	2.669900E+02	2.231000E-07	6.642600E-05
1.000000E-05	2.671900E+02	2.138400E-07	6.633150E-05
1.000000E-05	2.673600E+02	2.174300E-07	6.642000E-05
1.000000E-05	2.675000E+02	2.165550E-07	6.634800E-05
1.000000E-05	2.676500E+02	2.160050E-07	6.640150E-05
1.000000E-05	2.677800E+02	2.084400E-07	6.641100E-05
1.000000E-05	2.679100E+02	2.111300E-07	6.641400E-05
1.000000E-05	2.680400E+02	2.105500E-07	6.637900E-05
1.000000E-05	2.681600E+02	2.056200E-07	6.639900E-05
1.000000E-05	2.682900E+02	2.106600E-07	6.640150E-05
1.000000E-05	2.684000E+02	2.158950E-07	6.639200E-05
1.000000E-05	2.684900E+02	2.312150E-07	6.639900E-05
1.000000E-05	2.684700E+02	2.241700E-07	6.640400E-05
1.000000E-05	2.683900E+02	2.158950E-07	6.643400E-05
1.000000E-05	2.682800E+02	2.124700E-07	6.640400E-05
1.000000E-05	2.681700E+02	2.074800E-07	6.640050E-05
1.000000E-05	2.680600E+02	2.022750E-07	6.641050E-05
1.000000E-05	2.680000E+02	2.105500E-07	6.641050E-05
1.000000E-05	2.679400E+02	1.940250E-07	6.641050E-05
1.000000E-05	2.679400E+02	1.975600E-07	6.639500E-05
1.000000E-05	2.679600E+02	1.986850E-07	6.641050E-05
1.000000E-05	2.680000E+02	1.960250E-07	6.641050E-05
1.000000E-05	2.680700E+02	1.990400E-07	6.644300E-05
1.000000E-05	2.681600E+02	2.038100E-07	6.642600E-05
1.000000E-05	2.682600E+02	2.021100E-07	6.645200E-05
1.000000E-05	2.684000E+02	1.765950E-07	6.641800E-05
1.000000E-05	2.686000E+02	1.855850E-07	6.640400E-05
1.000000E-05	2.691700E+02	2.005250E-07	6.642700E-05
1.000000E-05	2.697100E+02	2.036200E-07	6.642700E-05
1.000000E-05	2.701100E+02	2.027950E-07	6.642700E-05
1.000000E-05	2.704000E+02	2.065200E-07	6.641800E-05
1.000000E-05	2.706200E+02	1.994250E-07	6.642700E-05
1.000000E-05	2.708200E+02	2.040300E-07	6.640850E-05
1.000000E-05	2.710000E+02	2.098100E-07	6.643200E-05
1.000000E-05	2.711400E+02	1.984350E-07	6.644000E-05
1.000000E-05	2.712700E+02	2.007400E-07	6.644300E-05
1.000000E-05	2.714000E+02	1.951250E-07	6.639450E-05
1.000000E-05	2.715100E+02	1.943550E-07	6.647450E-05
1.000000E-05	2.716300E+02	1.919450E-07	6.648100E-05
1.000000E-05	2.717300E+02	2.017000E-07	6.641500E-05
1.000000E-05	2.718300E+02	1.911500E-07	6.646100E-05
1.000000E-05	2.719300E+02	1.882700E-07	6.646750E-05
1.000000E-05	2.720200E+02	1.924400E-07	6.645450E-05
1.000000E-05	2.721100E+02	1.936450E-07	6.641750E-05
1.000000E-05	2.721800E+02	1.912050E-07	6.649200E-05
1.000000E-05	2.722600E+02	1.880550E-07	6.646100E-05
1.000000E-05	2.723400E+02	1.900550E-07	6.647450E-05
1.000000E-05	2.724100E+02	1.908500E-07	6.645700E-05
1.000000E-05	2.724800E+02	1.874250E-07	6.651000E-05
1.000000E-05	2.725500E+02	1.934800E-07	6.648200E-05
1.000000E-05	2.726200E+02	1.930450E-07	6.649600E-05
1.000000E-05	2.726900E+02	1.951500E-07	6.652200E-05
1.000000E-05	2.727600E+02	1.839150E-07	6.646750E-05
1.000000E-05	2.728300E+02	1.954500E-07	6.650950E-05
1.000000E-05	2.728900E+02	1.891200E-07	6.645500E-05
1.000000E-05	2.729500E+02	1.947950E-07	6.648200E-05
1.000000E-05	2.729600E+02	2.007150E-07	6.650750E-05
1.000000E-05	2.729100E+02	1.937000E-07	6.650950E-05
1.000000E-05	2.728300E+02	1.865450E-07	6.651000E-05
1.000000E-05	2.727500E+02	1.884950E-07	6.648650E-05
1.000000E-05	2.726900E+02	1.831750E-07	6.652000E-05
1.000000E-05	2.726400E+02	1.813950E-07	6.652000E-05
1.000000E-05	2.726100E+02	1.863850E-07	6.652000E-05
1.000000E-05	2.726200E+02	1.908750E-07	6.652000E-05
1.000000E-05	2.726600E+02	1.821600E-07	6.651150E-05
1.000000E-05	2.727100E+02	1.642950E-07	6.652000E-05
1.000000E-05	2.729000E+02	1.804100E-07	6.652000E-05
1.000000E-05	2.733000E+02	1.852350E-07	6.656350E-05
1.000000E-05	2.736100E+02	1.878050E-07	6.653450E-05
1.000000E-05	2.738400E+02	1.972600E-07	6.655650E-05
1.000000E-05	2.740100E+02	1.832850E-07	6.658000E-05
1.000000E-05	2.741600E+02	1.932050E-07	6.655350E-05
1.000000E-05	2.742800E+02	1.894200E-07	6.653450E-05
1.000000E-05	2.743900E+02	1.897800E-07	6.656850E-05
1.000000E-05	2.744800E+02	1.878050E-07	6.653100E-05
1.000000E-05	2.745500E+02	1.900550E-07	6.658800E-05
1.000000E-05	2.746200E+02	1.760500E-07	6.656400E-05
1.000000E-05	2.746900E+02	1.839400E-07	6.652000E-05
1.000000E-05	2.747600E+02	1.825700E-07	6.655150E-05
1.000000E-05	2.748300E+02	1.790400E-07	6.656900E-05
1.000000E-05	2.748900E+02	1.807050E-07	6.656350E-05
1.000000E-05	2.749500E+02	1.822450E-07	6.656000E-05
1.000000E-05	2.750000E+02	1.870350E-07	6.657600E-05
1.000000E-05	2.750500E+02	1.875900E-07	6.656025E-05
1.000000E-05	2.751000E+02	1.805150E-07	6.655500E-05
1.000000E-05	2.751500E+02	1.826850E-07	6.656400E-05
1.000000E-05	2.752000E+02	1.773350E-07	6.656400E-05
1.000000E-05	2.752500E+02	1.843550E-07	6.656400E-05
1.000000E-05	2.752800E+02	1.887400E-07	6.656400E-05
1.000000E-05	2.753300E+02	1.830100E-07	6.655050E-05
