! User Name:	Aditya
! Sample Name:	PF 1T Training effect
! Sample ID:	FGT/CrPS4
! Date:	5/21/2022	Time:	1:21 AM
! Current Source:	Keithley 224 Current Source
! Voltmeter V1:	Keithley 182 Degital voltmeter
! Voltmeter V2:	Keithley 2182A  NanoVoltmeter
! V1 (volts):	Rxx  Device 1
! V2 (volts):	Rxy Device 1
! Max Field (Tesla):0.350000	! Data points (0_maxT:70.000000	! Average Number:5.000000	
! Comments:	FGT/CrPS4 device was made in glove using flaking and dry transfering of flakes. 
! 
! 
! 
! 
Data	Time	Magnetic Field (T)	Helium Level (%)	VTI Temperature (K)	Sample Temparture (K)	Current (A) 	Voltage-1(V)	Std. of V1	Voltage-2 (V)	Std. of V2	VTI  Heater Power (%)	Sample Heater Power (%)
5/21/2022	1:23 AM	0.3495099400	52.000	52.780	54.994	0.0000010000	-0.0000092376	3.9622690371E-9	0.0000334017	1.2877227173E-9	6.700	27.800
5/21/2022	1:24 AM	0.3444810200	93.200	48.000	50.000	0.0000010000	-0.0000092257	3.3745814531E-9	0.0000334098	1.3910427743E-9	10.300	30.800
5/21/2022	1:25 AM	0.3394521000	93.200	48.000	50.000	0.0000010000	-0.0000092366	9.1760657535E-9	0.0000333626	3.3901590763E-9	10.300	30.800
5/21/2022	1:25 AM	0.3344231800	89.400	48.000	50.000	0.0000010000	-0.0000092369	1.3154567224E-8	0.0000333715	1.6239562014E-9	10.300	30.800
5/21/2022	1:26 AM	0.3293942600	89.400	48.000	50.000	0.0000010000	-0.0000092352	5.6467503933E-9	0.0000333755	5.4735969650E-9	10.300	30.800
5/21/2022	1:27 AM	0.3256225700	89.400	48.000	50.000	0.0000010000	-0.0000092275	6.6953784981E-9	0.0000334159	1.4834848275E-9	10.300	30.800
5/21/2022	1:27 AM	0.3205936500	89.400	48.000	50.000	0.0000010000	-0.0000092351	5.8390134647E-9	0.0000334299	1.4858043382E-9	10.300	30.800
5/21/2022	1:28 AM	0.3155647300	89.400	48.000	50.000	0.0000010000	-0.0000092323	1.2375955992E-8	0.0000333581	1.9083775151E-9	10.300	30.800
5/21/2022	1:29 AM	0.3105358100	89.400	48.000	50.000	0.0000010000	-0.0000092251	3.6909863635E-9	0.0000334335	1.6275865163E-9	10.300	30.800
5/21/2022	1:29 AM	0.3055068900	89.400	48.000	50.000	0.0000010000	-0.0000092357	5.0897344367E-9	0.0000334227	1.0338627707E-9	10.300	30.800
5/21/2022	1:30 AM	0.3004779700	89.400	48.000	50.000	0.0000010000	-0.0000092311	4.7481640072E-9	0.0000334187	1.1647351537E-9	10.300	30.800
5/21/2022	1:31 AM	0.2954490500	89.400	48.000	50.000	0.0000010000	-0.0000092203	3.1937426191E-9	0.0000334397	5.5259075049E-10	10.300	30.800
5/21/2022	1:31 AM	0.2904201300	89.400	48.000	50.000	0.0000010000	-0.0000092203	4.7658707823E-9	0.0000334074	1.8471193085E-9	10.300	30.800
5/21/2022	1:32 AM	0.2853912100	89.400	48.000	50.000	0.0000010000	-0.0000092270	8.0722807297E-9	0.0000334293	6.9774951497E-10	10.300	30.800
5/21/2022	1:33 AM	0.2803622900	89.400	48.000	50.000	0.0000010000	-0.0000092293	3.7001771818E-9	0.0000333939	2.3965519048E-9	10.300	30.800
5/21/2022	1:33 AM	0.2753333700	89.400	48.000	50.000	0.0000010000	-0.0000092119	6.0598095934E-9	0.0000334481	1.2474226377E-9	10.300	30.800
5/21/2022	1:34 AM	0.2703044500	89.400	48.000	50.000	0.0000010000	-0.0000092267	9.8847083264E-9	0.0000334090	1.8800364294E-9	10.300	30.800
5/21/2022	1:34 AM	0.2652755300	89.400	48.000	50.000	0.0000010000	-0.0000092121	6.5938215119E-9	0.0000334063	1.5186933162E-9	10.300	30.800
5/21/2022	1:35 AM	0.2602466100	89.400	48.000	50.000	0.0000010000	-0.0000092310	7.2608233653E-9	0.0000334285	1.4352700094E-9	10.300	30.800
5/21/2022	1:36 AM	0.2552176900	89.400	48.000	50.000	0.0000010000	-0.0000092250	4.4945414175E-9	0.0000334028	3.0527847859E-9	10.300	30.800
5/21/2022	1:36 AM	0.2501887700	89.400	48.000	50.000	0.0000010000	-0.0000092318	9.3963710957E-9	0.0000334238	9.3143694192E-10	10.300	30.800
5/21/2022	1:37 AM	0.2451598500	89.400	48.000	50.000	0.0000010000	-0.0000092301	6.2134605307E-9	0.0000334318	1.3579474285E-9	10.300	30.800
5/21/2022	1:38 AM	0.2401309300	89.400	48.000	50.000	0.0000010000	-0.0000092361	5.8911025407E-9	0.0000334327	1.2216013566E-9	10.300	30.800
5/21/2022	1:39 AM	0.2351020100	89.400	48.000	50.000	0.0000010000	-0.0000092196	5.8618157189E-9	0.0000334427	1.3236998500E-9	10.300	30.800
5/21/2022	1:39 AM	0.2300730900	89.400	48.000	50.000	0.0000010000	-0.0000092356	9.0773217252E-9	0.0000333733	3.3164664002E-9	10.300	30.800
5/21/2022	1:40 AM	0.2250441700	89.400	48.000	50.000	0.0000010000	-0.0000092178	5.7904861390E-9	0.0000334028	3.3249110600E-9	10.300	30.800
5/21/2022	1:40 AM	0.2200152500	0.900	48.000	50.000	0.0000010000	-0.0000092086	8.0133574682E-9	0.0000334185	1.2187740548E-9	10.300	30.800
5/21/2022	1:41 AM	0.2149863300	89.400	48.000	50.000	0.0000010000	-0.0000092221	7.2084894914E-9	0.0000334045	5.1874534837E-10	10.300	30.800
5/21/2022	1:42 AM	0.2099574100	89.400	48.000	50.000	0.0000010000	-0.0000092331	7.4296367174E-9	0.0000334336	6.6368092477E-10	10.300	30.800
5/21/2022	1:42 AM	0.2049284900	89.400	48.000	50.000	0.0000010000	-0.0000092328	9.9304857779E-9	0.0000334394	1.0002039759E-9	10.300	30.800
5/21/2022	1:43 AM	0.1998995700	89.400	48.000	50.000	0.0000010000	-0.0000092194	6.9553514961E-9	0.0000334155	1.4684078243E-9	10.300	30.800
5/21/2022	1:44 AM	0.1948706500	89.400	48.000	50.000	0.0000010000	-0.0000091943	1.2757887927E-8	0.0000335467	4.1004691338E-9	10.300	30.800
5/21/2022	1:44 AM	0.1898417300	89.400	48.000	50.000	0.0000010000	-0.0000092290	4.5921670020E-9	0.0000334557	1.5766120333E-9	10.300	30.800
5/21/2022	1:45 AM	0.1848128100	89.400	48.000	50.000	0.0000010000	-0.0000092220	4.3505874785E-9	0.0000334501	1.3533278496E-9	10.300	30.800
5/21/2022	1:46 AM	0.1797838900	89.400	48.000	50.000	0.0000010000	-0.0000092300	7.8120668936E-9	0.0000334365	1.2343982654E-9	10.300	30.800
5/21/2022	1:46 AM	0.1747549700	89.400	48.000	50.000	0.0000010000	-0.0000092243	6.4177486181E-9	0.0000334382	9.0471787406E-10	10.300	30.800
5/21/2022	1:47 AM	0.1697260500	89.400	48.000	50.000	0.0000010000	-0.0000092432	7.3628049017E-9	0.0000334117	2.0702188959E-9	10.300	30.800
5/21/2022	1:48 AM	0.1646971300	89.400	48.000	50.000	0.0000010000	-0.0000092303	3.4955901525E-9	0.0000334017	1.2893532536E-9	10.300	30.800
5/21/2022	1:48 AM	0.1596682100	89.400	48.000	50.000	0.0000010000	-0.0000092211	7.3594628398E-9	0.0000334120	1.6471692848E-9	10.300	30.800
5/21/2022	1:49 AM	0.1546392900	89.400	48.000	50.000	0.0000010000	-0.0000092327	6.8128896847E-9	0.0000334232	2.0313551981E-9	10.300	30.800
5/21/2022	1:50 AM	0.1496103700	89.400	48.000	50.000	0.0000010000	-0.0000092365	6.9895333188E-9	0.0000334412	1.3382022873E-9	10.300	30.800
5/21/2022	1:50 AM	0.1445814500	89.400	48.000	50.000	0.0000010000	-0.0000092423	5.6990426124E-9	0.0000334037	2.4911534525E-9	10.300	30.800
5/21/2022	1:51 AM	0.1395525300	89.400	48.000	50.000	0.0000010000	-0.0000091687	7.9208889063E-9	0.0000335983	1.4598797393E-9	10.300	30.800
5/21/2022	1:51 AM	0.1345236100	89.400	48.000	50.000	0.0000010000	-0.0000092272	1.2261487946E-8	0.0000334751	1.5531898354E-8	10.300	30.800
5/21/2022	1:52 AM	0.1294946900	89.400	48.000	50.000	0.0000010000	-0.0000092407	5.0417492696E-9	0.0000334512	2.1509256086E-9	10.300	30.800
5/21/2022	1:53 AM	0.1244657700	89.400	48.000	50.000	0.0000010000	-0.0000092151	7.7026897412E-9	0.0000334587	1.9113022475E-9	10.300	30.800
5/21/2022	1:54 AM	0.1194368500	89.400	48.000	50.000	0.0000010000	-0.0000091954	5.0149663139E-9	0.0000334717	1.9390719430E-9	10.300	30.800
5/21/2022	1:54 AM	0.1144079300	89.400	48.000	50.000	0.0000010000	-0.0000092175	8.6711888383E-9	0.0000334731	4.0000000000E-10	10.300	30.800
5/21/2022	1:55 AM	0.1093790100	89.400	48.000	50.000	0.0000010000	-0.0000092106	4.2921243881E-9	0.0000334893	1.6377955378E-9	10.300	30.800
5/21/2022	1:55 AM	0.1056073200	89.400	48.000	50.000	0.0000010000	-0.0000092181	4.5910684156E-9	0.0000334728	8.9707115638E-10	10.300	30.800
5/21/2022	1:56 AM	0.1005784000	89.400	48.000	50.000	0.0000010000	-0.0000092039	5.0433390837E-9	0.0000334764	1.3007301942E-9	10.300	30.800
5/21/2022	1:57 AM	0.0955494800	89.400	48.000	50.000	0.0000010000	-0.0000091947	6.8326449487E-9	0.0000335070	1.0664089892E-9	10.300	30.800
5/21/2022	1:57 AM	0.0905205600	89.400	48.000	50.000	0.0000010000	-0.0000092132	4.0619653194E-9	0.0000334970	8.2739529308E-10	10.300	30.800
5/21/2022	1:58 AM	0.0854916400	89.400	48.000	50.000	0.0000010000	-0.0000092221	8.3029847034E-9	0.0000334898	2.5495097568E-10	10.300	30.800
5/21/2022	1:59 AM	0.0804627200	89.400	48.000	50.000	0.0000010000	-0.0000092011	5.3073841364E-9	0.0000334835	1.1216116702E-9	10.300	30.800
5/21/2022	1:59 AM	0.0754338000	89.400	48.000	50.000	0.0000010000	-0.0000092142	5.7309680021E-9	0.0000334564	1.7372308242E-9	10.300	30.800
5/21/2022	2:00 AM	0.0704048800	89.400	48.000	50.000	0.0000010000	-0.0000091977	6.4880311983E-9	0.0000334586	4.1797151526E-9	10.300	30.800
5/21/2022	2:01 AM	0.0653759600	89.400	48.000	50.000	0.0000010000	-0.0000092079	5.9844577652E-9	0.0000334834	1.1039933485E-9	10.300	30.800
5/21/2022	2:01 AM	0.0603470400	89.400	48.000	50.000	0.0000010000	-0.0000092042	8.0010307521E-9	0.0000334995	1.3995440896E-9	10.300	30.800
5/21/2022	2:02 AM	0.0553181200	89.400	48.000	50.000	0.0000010000	-0.0000092111	6.8833259372E-9	0.0000334214	1.7735706088E-9	10.300	30.800
5/21/2022	2:03 AM	0.0502892000	89.400	48.000	50.000	0.0000010000	-0.0000092075	9.7670413205E-9	0.0000334792	8.2048368230E-10	10.300	30.800
5/21/2022	2:03 AM	0.0452602800	89.400	48.000	50.000	0.0000010000	-0.0000092109	8.8438374454E-9	0.0000334859	1.6022439371E-9	10.300	30.800
5/21/2022	2:04 AM	0.0402313600	89.400	48.000	50.000	0.0000010000	-0.0000091999	4.6818992363E-9	0.0000334828	9.1203127704E-10	10.300	30.800
5/21/2022	2:04 AM	0.0352024400	89.400	48.000	50.000	0.0000010000	-0.0000092101	9.0630166874E-9	0.0000334664	2.1379462575E-9	10.300	30.800
5/21/2022	2:05 AM	0.0301735200	89.400	48.000	50.000	0.0000010000	-0.0000092079	5.9336200037E-9	0.0000335041	4.9154759474E-10	10.300	30.800
5/21/2022	2:06 AM	0.0251446000	89.400	48.000	50.000	0.0000010000	-0.0000092120	4.6494269770E-9	0.0000334859	6.3066409390E-10	10.300	30.800
5/21/2022	2:06 AM	0.0201156800	89.400	48.000	50.000	0.0000010000	-0.0000092003	5.1318749360E-9	0.0000334773	1.7186709646E-9	10.300	30.800
5/21/2022	2:07 AM	0.0150867600	89.400	48.000	50.000	0.0000010000	-0.0000092110	5.8611124209E-9	0.0000334915	4.9664022582E-10	10.300	30.800
5/21/2022	2:08 AM	0.0100578400	89.400	48.000	50.000	0.0000010000	-0.0000092142	7.2861273519E-9	0.0000334812	7.4420493634E-10	10.300	30.800
5/21/2022	2:08 AM	0.0050289200	89.400	48.000	50.000	0.0000010000	-0.0000092021	8.8013477241E-9	0.0000334884	1.6700877126E-9	10.300	30.800
5/21/2022	2:09 AM	-0.0000000000	89.400	48.000	50.000	0.0000010000	-0.0000092156	5.4298761114E-9	0.0000334707	9.6205775687E-10	10.300	30.800
5/21/2022	2:10 AM	-0.0050289200	89.400	48.000	50.000	0.0000010000	-0.0000092069	6.2573282521E-9	0.0000334972	1.1531829020E-9	10.300	30.800
5/21/2022	2:10 AM	-0.0100578400	89.400	48.000	50.000	0.0000010000	-0.0000092064	6.8082414970E-9	0.0000334859	1.7461408517E-9	10.300	30.800
5/21/2022	2:11 AM	-0.0150867600	89.400	48.000	50.000	0.0000010000	-0.0000092023	4.6488630525E-9	0.0000335145	1.1052516680E-9	10.300	30.900
5/21/2022	2:12 AM	-0.0201156800	89.400	48.000	50.000	0.0000010000	-0.0000092062	3.8754959619E-9	0.0000334853	1.6652574192E-9	10.300	30.800
5/21/2022	2:12 AM	-0.0251446000	89.400	48.000	50.000	0.0000010000	-0.0000092077	6.7851279696E-9	0.0000334971	8.7763297987E-10	10.300	30.800
5/21/2022	2:13 AM	-0.0301735200	89.400	48.000	50.000	0.0000010000	-0.0000092215	1.0978023950E-8	0.0000334677	9.8395174186E-10	10.300	30.800
5/21/2022	2:14 AM	-0.0352024400	89.400	48.000	50.000	0.0000010000	-0.0000092123	3.8020786858E-9	0.0000335148	1.2635233302E-9	10.300	30.800
5/21/2022	2:14 AM	-0.0402313600	89.400	48.000	50.000	0.0000010000	-0.0000092176	5.3319039329E-9	0.0000334979	1.2615667703E-9	10.300	30.800
5/21/2022	2:15 AM	-0.0452602800	89.400	48.000	50.000	0.0000010000	-0.0000092064	8.9033841300E-9	0.0000335044	5.8823014636E-10	10.300	30.800
5/21/2022	2:15 AM	-0.0502892000	89.400	48.000	50.000	0.0000010000	-0.0000092041	6.4508191505E-9	0.0000334540	3.3494761345E-9	10.300	30.800
5/21/2022	2:16 AM	-0.0553181200	89.400	48.000	50.000	0.0000010000	-0.0000092076	3.4472178344E-9	0.0000335021	1.3734740875E-9	10.300	30.800
5/21/2022	2:17 AM	-0.0603470400	89.400	48.000	50.000	0.0000010000	-0.0000092303	4.0759668209E-9	0.0000334872	4.7863046408E-10	10.300	30.800
5/21/2022	2:17 AM	-0.0653759600	89.400	48.000	50.000	0.0000010000	-0.0000092183	9.0626278832E-9	0.0000334867	8.8732741418E-10	10.300	30.900
5/21/2022	2:18 AM	-0.0704048800	89.400	48.000	50.000	0.0000010000	-0.0000092143	9.2578748924E-9	0.0000334403	1.9799845834E-9	10.300	30.800
5/21/2022	2:19 AM	-0.0754338000	89.400	48.000	50.000	0.0000010000	-0.0000092144	4.9228584789E-9	0.0000334764	1.1455900096E-9	10.300	30.800
5/21/2022	2:19 AM	-0.0804627200	89.400	48.000	50.000	0.0000010000	-0.0000092323	6.8496134967E-9	0.0000334634	1.7047665275E-9	10.300	30.800
5/21/2022	2:20 AM	-0.0854916400	89.400	48.000	50.000	0.0000010000	-0.0000092152	6.4277691662E-9	0.0000334689	8.3784666345E-10	10.300	30.800
5/21/2022	2:21 AM	-0.0905205600	89.400	48.000	49.999	0.0000010000	-0.0000092135	5.9155194386E-9	0.0000334821	2.4494897428E-10	10.300	30.800
5/21/2022	2:21 AM	-0.0955494800	89.400	48.000	50.000	0.0000010000	-0.0000092194	5.9350944934E-9	0.0000334541	1.0665328105E-9	10.300	30.800
5/21/2022	2:22 AM	-0.1005784000	89.400	48.000	50.000	0.0000010000	-0.0000092161	5.9462194090E-9	0.0000334796	1.0112939289E-9	10.300	30.800
5/21/2022	2:23 AM	-0.1056073200	89.400	48.000	50.000	0.0000010000	-0.0000092208	6.3100147917E-9	0.0000334570	2.1809323357E-9	10.300	30.800
5/21/2022	2:23 AM	-0.1093790100	89.400	48.000	50.000	0.0000010000	-0.0000092182	7.3381039116E-9	0.0000334895	1.9276472679E-9	10.300	30.800
5/21/2022	2:24 AM	-0.1144079300	89.400	48.000	50.000	0.0000010000	-0.0000092216	8.5598092422E-9	0.0000334943	6.2297276369E-10	10.300	30.800
5/21/2022	2:24 AM	-0.1194368500	89.400	48.000	50.000	0.0000010000	-0.0000092185	7.4948551033E-9	0.0000334577	2.1136884744E-9	10.300	30.800
5/21/2022	2:25 AM	-0.1244657700	89.400	48.000	50.000	0.0000010000	-0.0000092133	3.8192367031E-9	0.0000334813	3.8708286934E-10	10.300	30.800
5/21/2022	2:26 AM	-0.1294946900	85.800	48.000	50.000	0.0000010000	-0.0000092083	4.4693488743E-9	0.0000334590	1.0567515039E-9	10.300	30.800
5/21/2022	2:27 AM	-0.1345236100	85.800	48.000	50.000	0.0000010000	-0.0000092183	6.6988215298E-9	0.0000334636	1.7910590052E-8	10.300	30.800
5/21/2022	2:27 AM	-0.1395525300	85.800	48.000	50.000	0.0000010000	-0.0000092044	5.5967066604E-9	0.0000335093	6.5632839974E-10	10.300	30.800
5/21/2022	2:28 AM	-0.1445814500	85.800	48.000	50.000	0.0000010000	-0.0000092168	6.0120352076E-9	0.0000334865	1.5131489514E-9	10.300	30.800
5/21/2022	2:28 AM	-0.1496103700	85.800	48.000	50.000	0.0000010000	-0.0000092050	5.4962441866E-9	0.0000335079	3.0955735648E-10	10.300	30.800
5/21/2022	2:29 AM	-0.1546392900	85.800	48.000	50.000	0.0000010000	-0.0000091969	1.1595683141E-8	0.0000334648	2.5195868626E-9	10.300	30.800
5/21/2022	2:30 AM	-0.1596682100	85.800	48.000	50.000	0.0000010000	-0.0000092008	6.9413835195E-9	0.0000335280	1.1039476408E-9	10.300	30.800
5/21/2022	2:30 AM	-0.1646971300	85.800	48.000	50.000	0.0000010000	-0.0000092028	5.8811505210E-9	0.0000334659	4.5055420418E-9	10.400	30.800
5/21/2022	2:31 AM	-0.1697260500	85.800	48.000	50.000	0.0000010000	-0.0000092065	4.2654225894E-9	0.0000335052	7.7439472766E-10	10.400	30.800
5/21/2022	2:32 AM	-0.1747549700	85.800	48.000	50.000	0.0000010000	-0.0000092192	7.9277235105E-9	0.0000334774	4.0827572359E-9	10.400	30.900
5/21/2022	2:32 AM	-0.1797838900	85.800	48.000	50.000	0.0000010000	-0.0000092171	9.2723090871E-9	0.0000334821	1.0888194417E-9	10.400	30.800
5/21/2022	2:33 AM	-0.1848128100	85.800	48.000	50.000	0.0000010000	-0.0000092079	7.1302561963E-9	0.0000335354	2.3222581803E-9	10.400	30.800
5/21/2022	2:34 AM	-0.1898417300	85.800	48.000	50.000	0.0000010000	-0.0000091975	5.7284660073E-9	0.0000335129	8.1889390100E-10	10.400	30.800
5/21/2022	2:34 AM	-0.1948706500	85.800	48.000	50.000	0.0000010000	-0.0000092003	4.8007464514E-9	0.0000335196	3.0955735648E-10	10.400	30.800
5/21/2022	2:35 AM	-0.1998995700	85.800	48.000	50.000	0.0000010000	-0.0000092024	8.2451955768E-9	0.0000335250	1.7017129876E-9	10.400	30.800
5/21/2022	2:35 AM	-0.2049284900	85.800	48.000	50.000	0.0000010000	-0.0000092023	3.6745770937E-9	0.0000335113	3.9154759474E-10	10.400	30.800
5/21/2022	2:36 AM	-0.2099574100	85.800	48.000	50.000	0.0000010000	-0.0000092084	7.8405802725E-9	0.0000335114	1.1812006585E-9	10.400	30.800
5/21/2022	2:37 AM	-0.2149863300	85.800	48.000	50.000	0.0000010000	-0.0000091972	6.7538749227E-9	0.0000334932	1.2806248475E-9	10.400	30.900
5/21/2022	2:37 AM	-0.2200152500	85.800	48.000	50.000	0.0000010000	-0.0000091999	8.5782871760E-9	0.0000335116	6.6571333342E-10	10.400	30.800
5/21/2022	2:38 AM	-0.2250441700	85.800	48.000	50.000	0.0000010000	-0.0000092007	3.9159705662E-9	0.0000334976	8.5893372442E-10	10.400	30.800
5/21/2022	2:39 AM	-0.2300730900	85.800	48.000	50.000	0.0000010000	-0.0000092014	5.6470579908E-9	0.0000335152	8.9379718813E-10	10.400	30.800
5/21/2022	2:39 AM	-0.2351020100	85.800	48.000	50.000	0.0000010000	-0.0000092101	6.3899453982E-9	0.0000334795	1.1535653753E-9	10.400	30.800
5/21/2022	2:40 AM	-0.2401309300	85.800	48.000	50.000	0.0000010000	-0.0000092004	5.5578406552E-9	0.0000335311	1.0303706089E-9	10.400	30.800
5/21/2022	2:41 AM	-0.2451598500	85.800	48.000	50.000	0.0000010000	-0.0000092137	5.3564278957E-9	0.0000334870	1.8856116445E-9	10.300	30.800
5/21/2022	2:41 AM	-0.2501887700	85.800	48.000	50.000	0.0000010000	-0.0000092089	5.7156192746E-9	0.0000335128	2.8058837015E-10	10.400	30.800
5/21/2022	2:42 AM	-0.2552176900	85.800	48.000	50.000	0.0000010000	-0.0000092146	8.2750407339E-9	0.0000335049	9.1763500472E-10	10.300	30.800
5/21/2022	2:43 AM	-0.2602466100	85.800	48.000	50.000	0.0000010000	-0.0000091974	6.5490443019E-9	0.0000335175	4.7863046408E-10	10.300	30.800
5/21/2022	2:43 AM	-0.2652755300	85.800	48.000	50.000	0.0000010000	-0.0000092117	5.0752667399E-9	0.0000335054	1.3184191899E-9	10.300	30.800
5/21/2022	2:44 AM	-0.2703044500	85.800	48.000	50.000	0.0000010000	-0.0000091964	5.3802208922E-9	0.0000335148	1.2301162634E-9	10.300	30.800
5/21/2022	2:45 AM	-0.2753333700	85.800	48.000	50.000	0.0000010000	-0.0000098166	9.3460687463E-8	0.0000330997	7.0420843246E-8	10.300	30.800
5/21/2022	2:45 AM	-0.2803622900	85.800	48.000	50.000	0.0000010000	-0.0000101623	6.7123202048E-9	0.0000329204	1.0874479765E-9	10.300	30.800
5/21/2022	2:46 AM	-0.2853912100	85.800	48.000	50.000	0.0000010000	-0.0000101595	6.5137913966E-9	0.0000329295	7.0556967662E-10	10.300	30.800
5/21/2022	2:47 AM	-0.2904201300	85.800	48.000	50.000	0.0000010000	-0.0000101454	5.8425616427E-9	0.0000328923	3.1644619852E-9	10.300	30.800
5/21/2022	2:47 AM	-0.2954490500	85.800	48.000	50.000	0.0000010000	-0.0000101542	5.0283571574E-9	0.0000329235	4.4721359550E-10	10.300	30.800
5/21/2022	2:48 AM	-0.3004779700	85.800	48.000	50.000	0.0000010000	-0.0000101472	5.3193589654E-9	0.0000329214	1.1817810823E-9	10.300	30.800
5/21/2022	2:48 AM	-0.3055068900	85.800	48.000	50.000	0.0000010000	-0.0000101788	2.7848501335E-9	0.0000328517	2.3250175355E-9	10.300	30.800
5/21/2022	2:49 AM	-0.3105358100	85.800	48.000	50.000	0.0000010000	-0.0000101590	5.8661034355E-9	0.0000329055	1.3849977244E-9	10.300	30.800
5/21/2022	2:50 AM	-0.3155647300	85.800	48.000	50.000	0.0000010000	-0.0000101505	1.2530362148E-8	0.0000329147	9.7942892290E-10	10.300	30.800
5/21/2022	2:50 AM	-0.3205936500	85.800	48.000	50.000	0.0000010000	-0.0000101452	5.7592197080E-9	0.0000329290	5.1166727360E-10	10.300	30.800
5/21/2022	2:51 AM	-0.3256225700	85.800	48.000	50.000	0.0000010000	-0.0000101633	4.0590920153E-9	0.0000329001	1.6902209851E-9	10.300	30.800
5/21/2022	2:52 AM	-0.3293942600	85.800	48.000	50.000	0.0000010000	-0.0000101517	3.9012657617E-9	0.0000328921	3.5025952046E-9	10.300	30.800
5/21/2022	2:52 AM	-0.3344231800	85.800	48.000	50.000	0.0000010000	-0.0000101614	5.5378378255E-9	0.0000328922	2.8816696514E-9	10.300	30.800
5/21/2022	2:53 AM	-0.3394521000	85.800	48.000	50.000	0.0000010000	-0.0000101550	7.1777010602E-9	0.0000329297	1.0465143440E-9	10.300	30.800
5/21/2022	2:54 AM	-0.3444810200	85.800	48.000	50.000	0.0000010000	-0.0000101571	5.4479684929E-9	0.0000329236	1.0219544457E-9	10.300	30.800
5/21/2022	2:54 AM	-0.3495099400	85.800	48.000	50.000	0.0000010000	-0.0000101459	5.0437109675E-9	0.0000329163	1.5095563527E-9	10.300	30.800
5/21/2022	2:55 AM	-0.3444810200	85.800	48.000	50.000	0.0000010000	-0.0000101589	8.4107299737E-9	0.0000329275	1.0451906340E-9	10.300	30.800
5/21/2022	2:56 AM	-0.3394521000	85.800	48.000	50.000	0.0000010000	-0.0000101537	7.8060313430E-9	0.0000328998	1.1304809825E-9	10.300	30.800
5/21/2022	2:56 AM	-0.3344231800	85.800	48.000	50.000	0.0000010000	-0.0000101420	9.7474988285E-9	0.0000329213	8.0144954610E-10	10.300	30.800
5/21/2022	2:57 AM	-0.3293942600	85.800	48.000	50.000	0.0000010000	-0.0000101447	6.4667772408E-9	0.0000329332	5.6272329691E-10	10.300	30.800
5/21/2022	2:58 AM	-0.3256225700	85.800	48.000	50.000	0.0000010000	-0.0000101630	9.3386987030E-9	0.0000329095	1.0415444220E-9	10.300	30.800
5/21/2022	2:58 AM	-0.3205936500	85.800	48.000	50.000	0.0000010000	-0.0000101713	7.1177831368E-9	0.0000329274	2.4161770445E-9	10.300	30.800
5/21/2022	2:59 AM	-0.3155647300	85.800	48.000	50.000	0.0000010000	-0.0000101461	6.0498070297E-9	0.0000329445	9.2364110314E-10	10.300	30.800
5/21/2022	3:00 AM	-0.3105358100	85.800	48.000	50.000	0.0000010000	-0.0000101546	5.2346459780E-9	0.0000329177	4.7855777343E-10	10.300	30.800
5/21/2022	3:00 AM	-0.3055068900	85.800	48.000	50.000	0.0000010000	-0.0000101631	5.3191944813E-9	0.0000329316	1.0193437019E-9	10.300	30.800
5/21/2022	3:01 AM	-0.3004779700	85.800	48.000	50.000	0.0000010000	-0.0000101559	7.3327042020E-9	0.0000329384	4.5495097568E-10	10.300	30.800
5/21/2022	3:02 AM	-0.2954490500	85.800	48.000	50.000	0.0000010000	-0.0000101607	7.7352466216E-9	0.0000329117	7.2559935005E-10	10.300	30.800
5/21/2022	3:02 AM	-0.2904201300	85.800	48.000	50.000	0.0000010000	-0.0000101717	8.8236070537E-9	0.0000329154	1.6516770203E-9	10.300	30.800
5/21/2022	3:03 AM	-0.2853912100	85.800	48.000	50.000	0.0000010000	-0.0000101673	9.5559147154E-9	0.0000329128	6.7925092342E-10	10.300	30.800
5/21/2022	3:04 AM	-0.2803622900	85.800	48.000	50.000	0.0000010000	-0.0000101505	4.5943642335E-9	0.0000329077	1.7360872668E-9	10.300	30.800
5/21/2022	3:04 AM	-0.2753333700	85.800	48.000	50.000	0.0000010000	-0.0000101765	7.7312857702E-9	0.0000329087	1.5149214207E-9	10.300	30.800
5/21/2022	3:05 AM	-0.2703044500	85.800	48.000	50.000	0.0000010000	-0.0000101639	7.6133541722E-9	0.0000328832	3.7802164971E-9	10.300	30.800
5/21/2022	3:05 AM	-0.2652755300	85.800	48.000	50.000	0.0000010000	-0.0000101447	5.8913954330E-9	0.0000329107	7.5522851952E-10	10.300	30.800
5/21/2022	3:06 AM	-0.2602466100	85.800	48.000	50.000	0.0000010000	-0.0000101597	8.6811514907E-9	0.0000329372	2.0000000000E-10	10.300	30.800
5/21/2022	3:07 AM	-0.2552176900	85.800	48.000	50.000	0.0000010000	-0.0000101536	9.1118518576E-9	0.0000329136	3.0955735648E-10	10.300	30.800
5/21/2022	3:07 AM	-0.2501887700	85.800	48.000	50.000	0.0000010000	-0.0000101493	6.3407835069E-9	0.0000329096	3.3170641866E-9	10.300	30.800
5/21/2022	3:08 AM	-0.2451598500	85.800	48.000	50.000	0.0000010000	-0.0000101614	5.4945599737E-9	0.0000329352	7.0216457118E-10	10.300	30.800
5/21/2022	3:09 AM	-0.2401309300	85.800	48.000	50.000	0.0000010000	-0.0000101583	6.1598324241E-9	0.0000329103	4.1402208188E-10	10.300	30.800
5/21/2022	3:09 AM	-0.2351020100	85.800	48.000	50.000	0.0000010000	-0.0000101578	8.9526090505E-9	0.0000329094	1.5483314774E-9	10.300	30.800
5/21/2022	3:10 AM	-0.2300730900	85.800	48.000	50.000	0.0000010000	-0.0000101496	4.0058862363E-9	0.0000329036	2.2471542245E-9	10.300	30.800
5/21/2022	3:11 AM	-0.2250441700	85.800	48.000	50.000	0.0000010000	-0.0000101481	8.0267657577E-9	0.0000329196	1.2180339887E-9	10.300	30.800
5/21/2022	3:11 AM	-0.2200152500	85.800	48.000	50.000	0.0000010000	-0.0000101645	5.7866309829E-9	0.0000328144	4.4654259673E-9	10.300	30.800
5/21/2022	3:12 AM	-0.2149863300	85.800	48.000	50.000	0.0000010000	-0.0000101665	6.8025438734E-9	0.0000328810	3.6633005446E-9	10.300	30.800
5/21/2022	3:13 AM	-0.2099574100	85.800	48.000	50.000	0.0000010000	-0.0000101472	5.2406064385E-9	0.0000329301	1.2000000000E-9	10.300	30.800
5/21/2022	3:13 AM	-0.2049284900	85.800	48.000	50.000	0.0000010000	-0.0000101622	1.1636399695E-8	0.0000329401	7.1863190045E-10	10.300	30.800
5/21/2022	3:14 AM	-0.1998995700	85.800	48.000	50.000	0.0000010000	-0.0000101506	7.7278898382E-9	0.0000329337	1.2607961060E-9	10.300	30.800
5/21/2022	3:15 AM	-0.1948706500	85.800	48.000	50.000	0.0000010000	-0.0000101601	7.1904592972E-9	0.0000329164	1.1788289045E-9	10.300	30.800
5/21/2022	3:15 AM	-0.1898417300	85.800	48.000	50.000	0.0000010000	-0.0000101699	4.7480410715E-9	0.0000329133	3.0905944541E-9	10.300	30.800
5/21/2022	3:16 AM	-0.1848128100	85.800	48.000	50.000	0.0000010000	-0.0000101510	7.0839966851E-9	0.0000329188	7.6212327846E-10	10.300	30.800
5/21/2022	3:17 AM	-0.1797838900	85.800	48.000	50.000	0.0000010000	-0.0000101497	6.5674647126E-9	0.0000329311	1.1918747669E-9	10.300	30.800
5/21/2022	3:17 AM	-0.1747549700	85.800	48.000	50.000	0.0000010000	-0.0000101520	5.7147889478E-9	0.0000329433	1.5801498135E-9	10.300	30.800
5/21/2022	3:18 AM	-0.1697260500	85.800	48.000	50.000	0.0000010000	-0.0000101533	7.1234650688E-9	0.0000329211	1.3006397592E-9	10.300	30.800
5/21/2022	3:18 AM	-0.1646971300	85.800	48.000	50.000	0.0000010000	-0.0000101637	4.4309075906E-9	0.0000329286	9.3575253108E-10	10.300	30.800
5/21/2022	3:19 AM	-0.1596682100	85.800	48.000	50.000	0.0000010000	-0.0000101271	1.0772989956E-8	0.0000330568	2.1657561613E-9	10.300	30.800
5/21/2022	3:20 AM	-0.1546392900	85.800	48.000	50.000	0.0000010000	-0.0000101117	6.2141459102E-9	0.0000330788	2.1666545959E-9	10.300	30.800
5/21/2022	3:20 AM	-0.1496103700	85.800	48.000	50.000	0.0000010000	-0.0000101323	1.2005919370E-8	0.0000329987	2.9460265266E-8	10.300	30.800
5/21/2022	3:21 AM	-0.1445814500	85.800	48.000	50.000	0.0000010000	-0.0000101664	7.1822496824E-9	0.0000329136	5.9103025917E-10	10.300	30.800
5/21/2022	3:22 AM	-0.1395525300	85.800	48.000	50.000	0.0000010000	-0.0000101773	5.1986847147E-9	0.0000328462	2.1676341719E-9	10.300	30.800
5/21/2022	3:22 AM	-0.1345236100	85.800	48.000	50.000	0.0000010000	-0.0000101590	6.4983884027E-9	0.0000329203	1.2247448714E-10	10.300	30.800
5/21/2022	3:23 AM	-0.1294946900	85.800	48.000	50.000	0.0000010000	-0.0000101562	8.2965996001E-9	0.0000328913	9.8573007621E-10	10.300	30.800
5/21/2022	3:24 AM	-0.1244657700	85.800	48.000	50.000	0.0000010000	-0.0000101585	4.3667741362E-9	0.0000329004	2.0982887746E-9	10.300	30.800
5/21/2022	3:25 AM	-0.1194368500	85.800	48.000	50.000	0.0000010000	-0.0000101646	7.2745212216E-9	0.0000329226	5.1515439249E-10	10.300	30.800
5/21/2022	3:25 AM	-0.1144079300	85.800	48.000	50.000	0.0000010000	-0.0000101556	3.2632456924E-9	0.0000329192	3.0458867163E-9	10.300	30.800
5/21/2022	3:26 AM	-0.1093790100	82.300	48.000	50.000	0.0000010000	-0.0000101613	6.8909060800E-9	0.0000328890	2.2405955530E-9	10.300	30.800
5/21/2022	3:26 AM	-0.1056073200	82.300	48.000	50.000	0.0000010000	-0.0000101629	2.3987326753E-9	0.0000328808	3.0727343918E-9	10.300	30.800
5/21/2022	3:27 AM	-0.1005784000	82.300	48.000	50.000	0.0000010000	-0.0000101672	7.0043599672E-9	0.0000329109	1.0082951062E-9	10.300	30.800
5/21/2022	3:28 AM	-0.0955494800	82.300	48.000	50.000	0.0000010000	-0.0000101613	7.9990490192E-9	0.0000329260	9.3186001849E-10	10.300	30.800
5/21/2022	3:28 AM	-0.0905205600	82.300	48.000	50.000	0.0000010000	-0.0000101656	5.8567532560E-9	0.0000329223	4.7602787773E-10	10.300	30.800
5/21/2022	3:29 AM	-0.0854916400	82.300	48.000	50.000	0.0000010000	-0.0000101597	5.7333840037E-9	0.0000329228	5.9777253643E-10	10.300	30.800
5/21/2022	3:30 AM	-0.0804627200	82.300	48.000	50.000	0.0000010000	-0.0000101580	7.2504367215E-9	0.0000329052	3.0337655654E-9	10.300	30.800
5/21/2022	3:30 AM	-0.0754338000	82.300	48.000	50.000	0.0000010000	-0.0000101705	7.7177598805E-9	0.0000329133	2.0000000000E-10	10.300	30.800
5/21/2022	3:31 AM	-0.0704048800	82.300	48.000	50.000	0.0000010000	-0.0000101541	4.6812301469E-9	0.0000329216	1.5830621498E-9	10.300	30.800
5/21/2022	3:32 AM	-0.0653759600	82.300	48.000	50.000	0.0000010000	-0.0000101686	6.6470098616E-9	0.0000329221	8.7543465798E-10	10.300	30.800
5/21/2022	3:32 AM	-0.0603470400	82.300	48.000	50.000	0.0000010000	-0.0000101583	6.4389283763E-9	0.0000329388	5.8309518948E-10	10.300	30.800
5/21/2022	3:33 AM	-0.0553181200	82.300	48.000	50.000	0.0000010000	-0.0000101667	7.7138105377E-9	0.0000328985	2.6639760846E-9	10.300	30.800
5/21/2022	3:34 AM	-0.0502892000	82.300	48.000	50.000	0.0000010000	-0.0000101514	8.8685864100E-9	0.0000329385	9.2736184955E-10	10.300	30.800
5/21/2022	3:34 AM	-0.0452602800	82.300	48.000	50.000	0.0000010000	-0.0000101605	5.1537397982E-9	0.0000329270	1.8559356041E-9	10.300	30.800
5/21/2022	3:35 AM	-0.0402313600	82.300	48.000	50.000	0.0000010000	-0.0000101716	5.5102120354E-9	0.0000329207	6.5632839974E-10	10.300	30.800
5/21/2022	3:35 AM	-0.0352024400	82.300	48.000	50.000	0.0000010000	-0.0000101485	7.4193134719E-9	0.0000328942	1.9153864489E-9	10.300	30.800
5/21/2022	3:36 AM	-0.0301735200	82.300	48.000	50.000	0.0000010000	-0.0000101562	6.9593083764E-9	0.0000329128	1.0669539803E-9	10.300	30.800
5/21/2022	3:37 AM	-0.0251446000	82.300	48.000	50.000	0.0000010000	-0.0000101668	4.8609126435E-9	0.0000329174	4.7271784574E-9	10.300	30.800
5/21/2022	3:37 AM	-0.0201156800	82.300	48.000	50.000	0.0000010000	-0.0000101645	6.2039058796E-9	0.0000329354	2.4529048949E-9	10.300	30.800
5/21/2022	3:38 AM	-0.0150867600	82.300	48.000	50.000	0.0000010000	-0.0000101490	7.5847083069E-9	0.0000329563	1.5001414744E-9	10.300	30.800
5/21/2022	3:39 AM	-0.0100578400	82.300	48.000	50.000	0.0000010000	-0.0000101476	5.9808678680E-9	0.0000329279	1.3319839371E-9	10.300	30.800
5/21/2022	3:39 AM	-0.0050289200	82.300	48.000	50.000	0.0000010000	-0.0000101528	5.1603003168E-9	0.0000328987	2.0059994992E-9	10.300	30.800
5/21/2022	3:40 AM	0.0000000000	82.300	48.000	50.000	0.0000010000	-0.0000101489	1.0089451998E-8	0.0000329177	1.1156011653E-9	10.300	30.800
5/21/2022	3:41 AM	0.0050289200	82.300	48.000	50.000	0.0000010000	-0.0000101682	1.6991765122E-9	0.0000329357	1.8902151865E-9	10.300	30.800
5/21/2022	3:41 AM	0.0100578400	82.300	48.000	50.000	0.0000010000	-0.0000101656	4.1915927369E-9	0.0000329149	7.5717058189E-10	10.300	30.800
5/21/2022	3:42 AM	0.0150867600	82.300	48.000	50.000	0.0000010000	-0.0000101588	5.9116443959E-9	0.0000329206	1.4677077168E-9	10.300	30.800
5/21/2022	3:42 AM	0.0201156800	82.300	48.000	50.000	0.0000010000	-0.0000101483	6.8408181908E-9	0.0000329306	9.4844891052E-10	10.300	30.800
5/21/2022	3:43 AM	0.0251446000	82.300	48.000	50.000	0.0000010000	-0.0000101666	7.6559212076E-9	0.0000329244	3.4519675235E-10	10.300	30.800
5/21/2022	3:44 AM	0.0301735200	82.300	48.000	50.000	0.0000010000	-0.0000101620	7.4414829184E-9	0.0000329257	8.0000000000E-10	10.300	30.800
5/21/2022	3:44 AM	0.0352024400	82.300	48.000	50.000	0.0000010000	-0.0000101717	5.8050762351E-9	0.0000329019	6.7884592936E-10	10.300	30.800
5/21/2022	3:45 AM	0.0402313600	82.300	48.000	50.000	0.0000010000	-0.0000101610	6.9869356687E-9	0.0000329313	7.5522851952E-10	10.300	30.800
5/21/2022	3:46 AM	0.0452602800	82.300	48.000	50.000	0.0000010000	-0.0000101697	5.1992964205E-9	0.0000328635	2.1698207122E-8	10.300	30.800
5/21/2022	3:46 AM	0.0502892000	82.300	48.000	50.000	0.0000010000	-0.0000101585	5.5679416257E-9	0.0000329461	2.3015227190E-9	10.300	30.800
5/21/2022	3:47 AM	0.0553181200	82.300	48.000	50.000	0.0000010000	-0.0000101537	7.9574278457E-9	0.0000329447	5.3227962169E-10	10.300	30.800
5/21/2022	3:48 AM	0.0603470400	82.300	48.000	50.000	0.0000010000	-0.0000101728	4.7449615667E-9	0.0000329167	7.6332495807E-10	10.300	30.800
5/21/2022	3:48 AM	0.0653759600	82.300	48.000	50.000	0.0000010000	-0.0000101670	8.4498329224E-9	0.0000328811	6.3878725789E-9	10.300	30.800
5/21/2022	3:49 AM	0.0704048800	82.300	48.000	50.000	0.0000010000	-0.0000101582	9.5384390268E-9	0.0000329201	1.1677078252E-9	10.300	30.800
5/21/2022	3:49 AM	0.0754338000	82.300	48.000	50.000	0.0000010000	-0.0000101712	6.1800438881E-9	0.0000329290	8.3011626335E-10	10.300	30.800
5/21/2022	3:50 AM	0.0804627200	82.300	48.000	50.000	0.0000010000	-0.0000101566	6.3940358079E-9	0.0000329498	1.6480135914E-9	10.300	30.800
5/21/2022	3:51 AM	0.0854916400	82.300	48.000	50.000	0.0000010000	-0.0000101634	5.6733950143E-9	0.0000329470	1.3916715488E-9	10.300	30.800
5/21/2022	3:51 AM	0.0905205600	82.300	48.000	50.000	0.0000010000	-0.0000101643	7.0796434557E-9	0.0000328982	2.3460593552E-9	10.300	30.800
5/21/2022	3:52 AM	0.0955494800	82.300	48.000	50.000	0.0000010000	-0.0000101617	5.5813380256E-9	0.0000329133	1.7422408418E-9	10.300	30.800
5/21/2022	3:53 AM	0.1005784000	82.300	48.000	50.000	0.0000010000	-0.0000101662	8.6418176113E-9	0.0000328728	1.8792635931E-9	10.300	30.800
5/21/2022	3:54 AM	0.1056073200	82.300	48.000	50.000	0.0000010000	-0.0000101510	7.4081873692E-9	0.0000329277	1.6341782381E-9	10.300	30.800
5/21/2022	3:54 AM	0.1093790100	82.300	48.000	50.000	0.0000010000	-0.0000101634	3.3285142193E-9	0.0000328966	1.5459885647E-9	10.300	30.800
5/21/2022	3:55 AM	0.1144079300	82.300	48.000	50.000	0.0000010000	-0.0000101528	9.0417063372E-9	0.0000329222	9.8395174186E-10	10.300	30.800
5/21/2022	3:56 AM	0.1194368500	82.300	48.000	50.000	0.0000010000	-0.0000101583	7.4128972917E-9	0.0000328760	2.6852682575E-9	10.300	30.800
5/21/2022	3:56 AM	0.1244657700	82.300	48.000	50.001	0.0000010000	-0.0000101800	5.1033960834E-9	0.0000329419	1.7652085130E-9	10.300	30.800
5/21/2022	3:57 AM	0.1294946900	82.300	48.000	50.000	0.0000010000	-0.0000101675	7.3660047374E-9	0.0000329197	3.6546827789E-9	10.300	30.800
5/21/2022	3:58 AM	0.1345236100	82.300	48.000	50.000	0.0000010000	-0.0000101614	8.9784831390E-9	0.0000329340	1.0606601718E-9	10.300	30.800
5/21/2022	3:58 AM	0.1395525300	82.300	48.000	50.000	0.0000010000	-0.0000101614	4.8032560721E-9	0.0000329431	1.4618962600E-9	10.300	30.800
5/21/2022	3:59 AM	0.1445814500	82.300	48.000	50.000	0.0000010000	-0.0000101554	7.0976526381E-9	0.0000329223	1.3806248475E-9	10.300	30.800
5/21/2022	4:00 AM	0.1496103700	82.300	48.000	50.000	0.0000010000	-0.0000101589	7.6978589846E-9	0.0000329165	7.4031242374E-10	10.300	30.800
5/21/2022	4:00 AM	0.1546392900	82.300	48.000	50.000	0.0000010000	-0.0000101540	6.1522207159E-9	0.0000328786	4.6181965403E-9	10.300	30.800
5/21/2022	4:01 AM	0.1596682100	82.300	48.000	50.000	0.0000010000	-0.0000101549	7.0377235274E-9	0.0000329340	1.2618484968E-9	10.300	30.800
5/21/2022	4:02 AM	0.1646971300	82.300	48.000	50.000	0.0000010000	-0.0000101577	6.5594620873E-9	0.0000329304	1.1039933485E-9	10.300	30.800
5/21/2022	4:02 AM	0.1697260500	82.300	48.000	50.000	0.0000010000	-0.0000101544	7.2217949319E-9	0.0000329398	5.4649857042E-10	10.300	30.800
5/21/2022	4:03 AM	0.1747549700	82.300	48.000	50.000	0.0000010000	-0.0000101673	6.0477229066E-9	0.0000329071	2.4994878113E-9	10.300	30.800
5/21/2022	4:04 AM	0.1797838900	82.300	48.000	50.000	0.0000010000	-0.0000101758	5.8211119209E-9	0.0000329229	8.5166481892E-10	10.300	30.800
5/21/2022	4:04 AM	0.1848128100	82.300	48.000	50.000	0.0000010000	-0.0000101699	4.7537386445E-9	0.0000329211	8.7386127875E-10	10.300	30.800
5/21/2022	4:05 AM	0.1898417300	82.300	48.000	50.000	0.0000010000	-0.0000092165	6.8621423221E-9	0.0000334862	1.7461408517E-9	10.300	30.800
5/21/2022	4:06 AM	0.1948706500	82.300	48.000	50.000	0.0000010000	-0.0000091970	5.2316164481E-9	0.0000334182	4.8011404414E-9	10.300	30.800
5/21/2022	4:06 AM	0.1998995700	82.300	48.000	50.000	0.0000010000	-0.0000092117	8.0409728072E-9	0.0000334779	1.1039933485E-9	10.300	30.800
5/21/2022	4:07 AM	0.2049284900	82.300	48.000	50.000	0.0000010000	-0.0000092172	8.5636446016E-9	0.0000334828	2.4749357282E-9	10.300	30.800
5/21/2022	4:07 AM	0.2099574100	82.300	48.000	50.000	0.0000010000	-0.0000091927	8.1534993020E-9	0.0000335070	4.4721359550E-10	10.300	30.800
5/21/2022	4:08 AM	0.2149863300	82.300	48.000	50.000	0.0000010000	-0.0000091724	6.3019155670E-9	0.0000336356	2.8452632693E-9	10.300	30.800
5/21/2022	4:09 AM	0.2200152500	82.300	48.000	50.000	0.0000010000	-0.0000091604	1.1046357772E-8	0.0000335799	1.8248076809E-9	10.300	30.800
5/21/2022	4:09 AM	0.2250441700	82.300	48.000	50.000	0.0000010000	-0.0000091676	1.3549723924E-8	0.0000336099	1.5443445211E-9	10.300	30.800
5/21/2022	4:10 AM	0.2300730900	82.300	48.000	50.000	0.0000010000	-0.0000091951	4.1646462962E-9	0.0000334850	1.4332168963E-9	10.300	30.800
5/21/2022	4:11 AM	0.2351020100	82.300	48.000	50.000	0.0000010000	-0.0000092156	6.3342004345E-9	0.0000334741	2.5811388301E-10	10.300	30.800
5/21/2022	4:11 AM	0.2401309300	82.300	48.000	50.000	0.0000010000	-0.0000092018	9.7777124934E-9	0.0000335002	4.9154759474E-10	10.300	30.800
5/21/2022	4:12 AM	0.2451598500	82.300	48.000	50.000	0.0000010000	-0.0000092017	7.6770365305E-9	0.0000334858	2.1938801967E-9	10.300	30.800
5/21/2022	4:13 AM	0.2501887700	82.300	48.000	50.000	0.0000010000	-0.0000092143	1.2005924081E-8	0.0000334502	1.1015119962E-9	10.300	30.800
5/21/2022	4:13 AM	0.2552176900	82.300	48.000	50.000	0.0000010000	-0.0000092156	4.3271480395E-9	0.0000334643	1.1250804095E-9	10.300	30.800
5/21/2022	4:14 AM	0.2602466100	82.300	48.000	50.000	0.0000010000	-0.0000091974	6.5284710714E-9	0.0000334541	1.4205499857E-9	10.300	30.800
5/21/2022	4:15 AM	0.2652755300	82.300	48.000	50.000	0.0000010000	-0.0000092116	4.3286994830E-9	0.0000334671	1.7249385193E-9	10.300	30.800
5/21/2022	4:15 AM	0.2703044500	82.300	48.000	50.000	0.0000010000	-0.0000092168	7.6424644379E-9	0.0000334772	7.6278691088E-10	10.300	30.800
5/21/2022	4:16 AM	0.2753333700	82.300	48.000	50.000	0.0000010000	-0.0000092102	1.2006757440E-8	0.0000334333	3.1853076093E-9	10.300	30.800
5/21/2022	4:17 AM	0.2803622900	82.300	48.000	50.000	0.0000010000	-0.0000091936	4.5561082644E-9	0.0000335023	1.2547906945E-9	10.300	30.800
5/21/2022	4:17 AM	0.2853912100	82.300	48.000	50.000	0.0000010000	-0.0000092067	7.2164515647E-9	0.0000334991	1.7046806536E-9	10.300	30.800
5/21/2022	4:18 AM	0.2904201300	82.300	48.000	50.000	0.0000010000	-0.0000092084	6.7817022067E-9	0.0000334788	1.0842436902E-9	10.300	30.800
5/21/2022	4:19 AM	0.2954490500	82.300	48.000	50.000	0.0000010000	-0.0000092226	5.2119109025E-9	0.0000334474	2.9359193832E-9	10.300	30.800
5/21/2022	4:19 AM	0.3004779700	82.300	48.000	50.000	0.0000010000	-0.0000092264	6.5945337001E-9	0.0000334270	2.4555029246E-9	10.300	30.800
5/21/2022	4:20 AM	0.3055068900	82.300	48.000	50.000	0.0000010000	-0.0000092187	6.9843912039E-9	0.0000334416	1.3347600084E-9	10.300	30.800
5/21/2022	4:20 AM	0.3105358100	82.300	48.000	50.000	0.0000010000	-0.0000092123	1.0455037533E-8	0.0000334672	1.1416333328E-9	10.300	30.800
5/21/2022	4:21 AM	0.3155647300	82.300	48.000	50.000	0.0000010000	-0.0000092123	6.3105253123E-9	0.0000334685	1.2806248475E-9	10.300	30.800
5/21/2022	4:22 AM	0.3205936500	82.300	48.000	50.000	0.0000010000	-0.0000092082	6.1440844290E-9	0.0000334876	3.8708286934E-10	10.300	30.800
5/21/2022	4:22 AM	0.3256225700	82.300	48.000	50.000	0.0000010000	-0.0000092136	7.9424681258E-9	0.0000334886	1.0658726003E-9	10.300	30.800
5/21/2022	4:23 AM	0.3293942600	82.300	48.000	50.000	0.0000010000	-0.0000091983	6.4952621552E-9	0.0000334688	2.0845897024E-9	10.300	30.800
5/21/2022	4:24 AM	0.3344231800	82.300	48.000	50.000	0.0000010000	-0.0000092131	6.1774374797E-9	0.0000334978	3.4608128489E-10	10.300	30.800
5/21/2022	4:24 AM	0.3394521000	82.300	48.000	50.000	0.0000010000	-0.0000092142	3.6450242301E-9	0.0000334897	8.9154759474E-10	10.300	30.800
5/21/2022	4:25 AM	0.3444810200	82.300	48.000	50.000	0.0000010000	-0.0000092154	5.3995399333E-9	0.0000334837	5.3851648071E-10	10.300	30.800
5/21/2022	4:26 AM	0.3495099400	77.800	48.000	50.000	0.0000010000	-0.0000092083	4.9635125748E-9	0.0000334666	1.2349358946E-9	10.300	30.800
