! User Name:	Aditya
! Sample Name:	PF 1T Training effect
! Sample ID:	FGT/CrPS4
! Date:	5/21/2022	Time:	1:21 AM
! Current Source:	Keithley 224 Current Source
! Voltmeter V1:	Keithley 182 Degital voltmeter
! Voltmeter V2:	Keithley 2182A  NanoVoltmeter
! V1 (volts):	Rxx  Device 1
! V2 (volts):	Rxy Device 1
! Max Field (Tesla):0.350000	! Data points (0_maxT:70.000000	! Average Number:5.000000	
! Comments:	FGT/CrPS4 device was made in glove using flaking and dry transfering of flakes. 
! 
! 
! 
! 
Data	Time	Magnetic Field (T)	Helium Level (%)	VTI Temperature (K)	Sample Temparture (K)	Current (A) 	Voltage-1(V)	Std. of V1	Voltage-2 (V)	Std. of V2	VTI  Heater Power (%)	Sample Heater Power (%)
5/21/2022	7:27 AM	0.3394521000	68.100	48.000	50.000	0.0000010000	-0.0000092309	7.5116257961E-9	0.0000334205	1.7475315228E-9	10.300	30.800
5/21/2022	7:28 AM	0.3444810200	68.100	48.000	50.000	0.0000010000	-0.0000092045	6.7848223230E-9	0.0000335027	1.1788289045E-9	10.300	30.800
5/21/2022	7:28 AM	0.3495099400	68.100	48.000	50.000	0.0000010000	-0.0000092058	7.9147975668E-9	0.0000334898	3.0627455873E-9	10.300	30.800
5/21/2022	7:29 AM	0.3444810200	68.100	48.000	49.999	0.0000010000	-0.0000091802	6.3193357608E-9	0.0000335031	4.0000000000E-10	10.300	30.800
5/21/2022	7:29 AM	0.3394521000	68.100	48.000	50.000	0.0000010000	-0.0000091968	5.6625394513E-9	0.0000334721	1.1302103723E-9	10.300	30.800
5/21/2022	7:30 AM	0.3344231800	68.100	48.000	50.000	0.0000010000	-0.0000092077	8.7028657766E-9	0.0000335089	2.0360150074E-9	10.300	30.800
5/21/2022	7:31 AM	0.3293942600	68.100	48.000	50.000	0.0000010000	-0.0000092130	4.2748357609E-9	0.0000334574	3.6938293975E-9	10.300	30.800
5/21/2022	7:31 AM	0.3256225700	68.100	48.000	50.000	0.0000010000	-0.0000092164	8.6671545827E-9	0.0000333808	4.7602787773E-10	10.300	30.800
5/21/2022	7:32 AM	0.3205936500	68.100	48.000	50.000	0.0000010000	-0.0000092103	4.2884930904E-9	0.0000334570	9.9820346699E-10	10.300	30.800
5/21/2022	7:33 AM	0.3155647300	68.100	48.000	50.000	0.0000010000	-0.0000092126	6.7091504509E-9	0.0000334536	2.4599274025E-9	10.300	30.800
5/21/2022	7:33 AM	0.3105358100	68.100	48.000	50.000	0.0000010000	-0.0000092195	4.8321221624E-9	0.0000334463	1.0574368385E-9	10.300	30.800
5/21/2022	7:34 AM	0.3055068900	68.100	48.000	50.000	0.0000010000	-0.0000091991	4.4224530555E-9	0.0000334888	1.7973945015E-8	10.300	30.800
5/21/2022	7:35 AM	0.3004779700	68.100	48.000	50.000	0.0000010000	-0.0000091992	4.6349860968E-9	0.0000334868	2.5530229141E-9	10.300	30.800
5/21/2022	7:35 AM	0.2954490500	68.100	48.000	50.000	0.0000010000	-0.0000091848	6.3332637994E-9	0.0000334844	6.3851648071E-10	10.300	30.800
5/21/2022	7:36 AM	0.2904201300	68.100	48.000	50.000	0.0000010000	-0.0000091959	5.0416461632E-9	0.0000335075	5.8615541191E-10	10.300	30.800
5/21/2022	7:37 AM	0.2853912100	68.100	48.000	50.000	0.0000010000	-0.0000092147	8.0756601243E-9	0.0000334147	3.1894142209E-9	10.300	30.800
5/21/2022	7:37 AM	0.2803622900	68.100	48.000	50.000	0.0000010000	-0.0000092017	5.0741787601E-9	0.0000334863	1.0462232803E-9	10.300	30.800
5/21/2022	7:38 AM	0.2753333700	68.100	48.000	50.000	0.0000010000	-0.0000092057	7.3039555787E-9	0.0000334204	7.6278691088E-10	10.300	30.800
5/21/2022	7:39 AM	0.2703044500	68.100	48.000	50.000	0.0000010000	-0.0000092087	8.7153446252E-9	0.0000334392	2.4649463643E-9	10.300	30.800
5/21/2022	7:39 AM	0.2652755300	68.100	48.000	50.000	0.0000010000	-0.0000091832	4.4272351804E-9	0.0000334952	9.9464942098E-10	10.300	30.800
5/21/2022	7:40 AM	0.2602466100	68.100	48.000	50.000	0.0000010000	-0.0000092162	7.8771415790E-9	0.0000334903	1.6480135914E-9	10.300	30.800
5/21/2022	7:40 AM	0.2552176900	68.100	48.000	50.000	0.0000010000	-0.0000092002	5.8518672208E-9	0.0000335061	4.9664022582E-10	10.300	30.800
5/21/2022	7:41 AM	0.2501887700	68.100	48.000	50.000	0.0000010000	-0.0000091948	7.5923883144E-9	0.0000335101	1.4352700094E-9	10.300	30.800
5/21/2022	7:42 AM	0.2451598500	68.100	48.000	50.000	0.0000010000	-0.0000092026	6.3987921591E-9	0.0000334940	9.3186001849E-10	10.300	30.800
5/21/2022	7:42 AM	0.2401309300	68.100	48.000	50.000	0.0000010000	-0.0000092245	6.0675127362E-9	0.0000334839	2.8812187628E-9	10.300	30.800
5/21/2022	7:43 AM	0.2351020100	68.100	48.000	50.000	0.0000010000	-0.0000091988	6.7630644861E-9	0.0000334767	1.1757765257E-9	10.300	30.800
5/21/2022	7:44 AM	0.2300730900	68.100	48.000	50.000	0.0000010000	-0.0000092170	9.5522334653E-9	0.0000334083	1.6089780886E-8	10.300	30.800
5/21/2022	7:44 AM	0.2250441700	68.100	48.000	50.000	0.0000010000	-0.0000091249	5.4856752599E-9	0.0000336466	5.7854744008E-9	10.300	30.800
5/21/2022	7:45 AM	0.2200152500	68.100	48.000	50.000	0.0000010000	-0.0000091214	4.3445260641E-9	0.0000336947	9.3186001849E-10	10.300	30.800
5/21/2022	7:46 AM	0.2149863300	68.100	48.000	50.000	0.0000010000	-0.0000091284	4.9304821305E-9	0.0000336746	2.4403066381E-9	10.300	30.800
5/21/2022	7:46 AM	0.2099574100	68.100	48.000	50.000	0.0000010000	-0.0000091354	9.1904709561E-9	0.0000337003	1.0711883953E-9	10.300	30.800
5/21/2022	7:47 AM	0.2049284900	68.100	48.000	50.000	0.0000010000	-0.0000091322	6.8442010041E-9	0.0000337062	8.2739529308E-10	10.300	30.800
5/21/2022	7:48 AM	0.1998995700	68.100	48.000	50.000	0.0000010000	-0.0000091417	5.6538267823E-9	0.0000336994	1.2030707928E-9	10.300	30.800
5/21/2022	7:48 AM	0.1948706500	68.100	48.000	50.000	0.0000010000	-0.0000091254	5.4281688302E-9	0.0000337104	1.4557877453E-9	10.300	30.800
5/21/2022	7:49 AM	0.1898417300	68.100	48.000	50.000	0.0000010000	-0.0000091341	4.1275197690E-9	0.0000336902	8.3100927307E-10	10.300	30.800
5/21/2022	7:49 AM	0.1848128100	68.100	48.000	50.000	0.0000010000	-0.0000091215	4.5999107178E-9	0.0000336985	3.1622776602E-10	10.300	30.800
5/21/2022	7:50 AM	0.1797838900	68.100	48.000	50.000	0.0000010000	-0.0000091503	6.5024677943E-9	0.0000336720	1.7217693537E-9	10.300	30.800
5/21/2022	7:51 AM	0.1747549700	68.100	48.000	50.000	0.0000010000	-0.0000091423	2.5280537770E-9	0.0000336676	5.4649857042E-10	10.300	30.800
5/21/2022	7:51 AM	0.1697260500	68.100	48.000	50.000	0.0000010000	-0.0000091496	5.2324020854E-9	0.0000336778	3.7416573868E-10	10.300	30.800
5/21/2022	7:52 AM	0.1646971300	68.100	48.000	50.000	0.0000010000	-0.0000091176	5.1737203438E-9	0.0000336955	2.8708286934E-10	10.300	30.800
5/21/2022	7:53 AM	0.1596682100	68.100	48.000	50.000	0.0000010000	-0.0000091302	3.7450700368E-9	0.0000336937	5.9777253643E-10	10.300	30.800
5/21/2022	7:53 AM	0.1546392900	68.100	48.000	50.000	0.0000010000	-0.0000091407	4.9768837357E-9	0.0000337101	9.2736184955E-10	10.300	30.800
5/21/2022	7:54 AM	0.1496103700	68.100	48.000	50.000	0.0000010000	-0.0000091449	6.1267665903E-9	0.0000336920	1.5583203834E-9	10.300	30.800
5/21/2022	7:55 AM	0.1445814500	68.100	48.000	50.000	0.0000010000	-0.0000091294	6.2916479276E-9	0.0000337220	6.3725599419E-10	10.300	30.800
5/21/2022	7:55 AM	0.1395525300	68.100	48.000	50.000	0.0000010000	-0.0000091397	8.3087053791E-9	0.0000336746	1.1590001630E-9	10.300	30.800
5/21/2022	7:56 AM	0.1345236100	68.100	48.000	50.000	0.0000010000	-0.0000091399	4.3007932204E-9	0.0000336549	1.1813159295E-9	10.300	30.800
5/21/2022	7:56 AM	0.1294946900	68.100	48.000	50.000	0.0000010000	-0.0000091329	4.3264882890E-9	0.0000337184	1.3411197190E-9	10.300	30.800
5/21/2022	7:57 AM	0.1244657700	68.100	48.000	50.000	0.0000010000	-0.0000091342	3.8703907887E-9	0.0000336942	1.2836071525E-9	10.300	30.800
5/21/2022	7:58 AM	0.1194368500	68.100	48.000	50.000	0.0000010000	-0.0000091351	5.6156888607E-9	0.0000336924	5.3385391260E-10	10.300	30.800
5/21/2022	7:58 AM	0.1144079300	68.100	48.000	50.000	0.0000010000	-0.0000091308	5.6885425558E-9	0.0000337034	2.9154759474E-10	10.300	30.800
5/21/2022	7:59 AM	0.1093790100	68.100	48.000	50.000	0.0000010000	-0.0000091464	7.3277250886E-9	0.0000337118	3.8708286934E-10	10.300	30.800
5/21/2022	8:00 AM	0.1056073200	68.100	48.000	50.000	0.0000010000	-0.0000091302	6.9063650456E-9	0.0000337234	1.0082951062E-9	10.300	30.800
5/21/2022	8:00 AM	0.1005784000	68.100	48.000	50.000	0.0000010000	-0.0000091421	3.7449877511E-9	0.0000336591	4.8896945006E-9	10.300	30.800
5/21/2022	8:01 AM	0.0955494800	68.100	48.000	50.000	0.0000010000	-0.0000091406	4.8708635314E-9	0.0000337001	1.6352700094E-9	10.300	30.800
5/21/2022	8:02 AM	0.0905205600	68.100	48.000	50.000	0.0000010000	-0.0000091265	5.5752274825E-9	0.0000337082	2.2247448714E-10	10.300	30.800
5/21/2022	8:02 AM	0.0854916400	68.100	48.000	50.000	0.0000010000	-0.0000091342	4.8962598469E-9	0.0000337064	1.8708286934E-10	10.300	30.800
5/21/2022	8:03 AM	0.0804627200	68.100	48.000	50.000	0.0000010000	-0.0000091299	5.6865630250E-9	0.0000337044	4.1402208188E-10	10.300	30.800
5/21/2022	8:04 AM	0.0754338000	68.100	48.000	50.000	0.0000010000	-0.0000091207	5.6120534028E-9	0.0000337023	2.2247448714E-10	10.300	30.800
5/21/2022	8:04 AM	0.0704048800	68.100	48.000	50.000	0.0000010000	-0.0000091492	5.4523410304E-9	0.0000336824	1.7956838340E-9	10.300	30.800
5/21/2022	8:05 AM	0.0653759600	68.100	48.000	50.000	0.0000010000	-0.0000091397	4.3226211061E-9	0.0000337051	7.8366965395E-10	10.300	30.800
5/21/2022	8:06 AM	0.0603470400	68.100	48.000	50.000	0.0000010000	-0.0000091420	6.2894019878E-9	0.0000336592	2.1597017640E-9	10.300	30.800
5/21/2022	8:06 AM	0.0553181200	68.100	48.000	50.000	0.0000010000	-0.0000091377	5.0407676265E-9	0.0000337052	7.5522851952E-10	10.300	30.800
5/21/2022	8:07 AM	0.0502892000	68.100	48.000	50.000	0.0000010000	-0.0000091303	7.5645670274E-9	0.0000336961	7.8366965395E-10	10.300	30.800
5/21/2022	8:08 AM	0.0452602800	68.100	48.000	50.000	0.0000010000	-0.0000091348	6.7094517558E-9	0.0000336937	4.7602787773E-10	10.300	30.800
5/21/2022	8:08 AM	0.0402313600	68.100	48.000	50.000	0.0000010000	-0.0000091450	7.3973781280E-9	0.0000336478	2.2184636346E-9	10.300	30.800
5/21/2022	8:09 AM	0.0352024400	68.100	48.000	50.000	0.0000010000	-0.0000091439	7.6158102063E-9	0.0000336770	9.3186001849E-10	10.300	30.800
5/21/2022	8:10 AM	0.0301735200	68.100	48.000	50.000	0.0000010000	-0.0000091248	3.4096417510E-9	0.0000336968	8.9707115638E-10	10.300	30.800
5/21/2022	8:10 AM	0.0251446000	68.100	48.000	50.000	0.0000010000	-0.0000091428	5.0238675346E-9	0.0000336966	5.0990195136E-10	10.300	30.800
5/21/2022	8:11 AM	0.0201156800	68.100	48.000	50.000	0.0000010000	-0.0000091317	7.3914552218E-9	0.0000337016	6.4510098534E-10	10.300	30.800
5/21/2022	8:11 AM	0.0150867600	68.100	48.000	50.000	0.0000010000	-0.0000091443	5.6232479915E-9	0.0000337047	5.4649857042E-10	10.300	30.800
5/21/2022	8:12 AM	0.0100578400	68.100	48.000	50.000	0.0000010000	-0.0000091372	4.6562587698E-9	0.0000337014	7.6278691088E-10	10.300	30.800
5/21/2022	8:13 AM	0.0050289200	68.100	48.000	50.000	0.0000010000	-0.0000091394	2.9222309433E-9	0.0000336505	4.5028399925E-9	10.300	30.800
5/21/2022	8:13 AM	-0.0000000000	68.100	48.000	50.000	0.0000010000	-0.0000091392	6.9298212660E-9	0.0000336990	9.6397017595E-10	10.300	30.800
5/21/2022	8:14 AM	-0.0050289200	68.100	48.000	50.000	0.0000010000	-0.0000091285	7.3070668907E-9	0.0000336555	7.9056941504E-10	10.300	30.800
5/21/2022	8:15 AM	-0.0100578400	68.100	48.000	50.000	0.0000010000	-0.0000091444	6.1649067366E-9	0.0000336451	1.0743416490E-9	10.300	30.800
5/21/2022	8:15 AM	-0.0150867600	68.100	48.000	49.999	0.0000010000	-0.0000091437	6.0096968687E-9	0.0000336872	7.5166481892E-10	10.300	30.800
5/21/2022	8:16 AM	-0.0201156800	68.100	48.000	50.000	0.0000010000	-0.0000091392	1.4456620071E-9	0.0000337036	7.3971896142E-10	10.300	30.800
5/21/2022	8:17 AM	-0.0251446000	68.100	48.000	50.001	0.0000010000	-0.0000091424	5.8078697167E-9	0.0000337295	1.6852509748E-9	10.300	30.800
5/21/2022	8:17 AM	-0.0301735200	68.100	48.000	50.000	0.0000010000	-0.0000091432	3.6357161640E-9	0.0000337081	1.8329793841E-9	10.300	30.800
5/21/2022	8:18 AM	-0.0352024400	68.100	48.000	50.000	0.0000010000	-0.0000091403	7.4124472313E-9	0.0000337145	4.0000000000E-10	10.200	30.800
5/21/2022	8:19 AM	-0.0402313600	68.100	48.000	50.000	0.0000010000	-0.0000091459	8.4828406306E-9	0.0000337164	1.2889705854E-9	10.200	30.800
5/21/2022	8:19 AM	-0.0452602800	68.100	48.000	50.000	0.0000010000	-0.0000091375	4.5464068584E-9	0.0000336856	7.5192024052E-10	10.200	30.800
5/21/2022	8:20 AM	-0.0502892000	68.100	48.000	50.000	0.0000010000	-0.0000091274	4.8654504280E-9	0.0000336920	2.2421086020E-9	10.200	30.800
5/21/2022	8:20 AM	-0.0553181200	68.100	48.000	50.000	0.0000010000	-0.0000091328	8.7763349438E-9	0.0000336870	1.0000000000E-9	10.200	30.800
5/21/2022	8:21 AM	-0.0603470400	68.100	48.000	50.000	0.0000010000	-0.0000091327	6.3019655270E-9	0.0000337439	1.5625593746E-9	10.200	30.800
5/21/2022	8:22 AM	-0.0653759600	68.100	48.000	50.000	0.0000010000	-0.0000091306	7.3903778120E-9	0.0000337229	1.3683321446E-9	10.200	30.800
5/21/2022	8:22 AM	-0.0704048800	68.100	48.000	50.000	0.0000010000	-0.0000091348	5.8490181756E-9	0.0000336847	1.3496831821E-9	10.200	30.800
5/21/2022	8:23 AM	-0.0754338000	68.100	48.000	50.000	0.0000010000	-0.0000091551	3.9710749656E-9	0.0000336993	1.0266856025E-9	10.200	30.800
5/21/2022	8:24 AM	-0.0804627200	68.100	48.000	50.000	0.0000010000	-0.0000091897	4.3289325858E-9	0.0000335114	7.5717058189E-10	10.200	30.800
5/21/2022	8:24 AM	-0.0854916400	68.100	48.000	50.000	0.0000010000	-0.0000091995	6.8504299264E-9	0.0000335285	6.6099096785E-10	10.200	30.800
5/21/2022	8:25 AM	-0.0905205600	68.100	48.000	50.000	0.0000010000	-0.0000092173	9.5310234031E-9	0.0000334769	3.1864843497E-9	10.200	30.800
5/21/2022	8:26 AM	-0.0955494800	65.100	48.000	50.000	0.0000010000	-0.0000092009	5.5722467914E-9	0.0000335273	9.5770568927E-10	10.300	30.800
5/21/2022	8:26 AM	-0.1005784000	65.100	48.000	50.000	0.0000010000	-0.0000092078	6.6576671363E-9	0.0000334907	2.6559774690E-9	10.200	30.800
5/21/2022	8:27 AM	-0.1056073200	65.100	48.000	50.000	0.0000010000	-0.0000092024	4.9288426381E-9	0.0000334984	2.7768197453E-9	10.300	30.800
5/21/2022	8:28 AM	-0.1093790100	65.100	48.000	50.000	0.0000010000	-0.0000091947	8.4063217052E-9	0.0000334874	3.1864843497E-9	10.300	30.800
5/21/2022	8:28 AM	-0.1144079300	65.100	48.000	50.000	0.0000010000	-0.0000091926	6.9343570349E-9	0.0000335280	3.5355339059E-10	10.300	30.800
5/21/2022	8:29 AM	-0.1194368500	65.100	48.000	50.000	0.0000010000	-0.0000092199	9.1469547113E-9	0.0000334790	1.8208069073E-9	10.200	30.800
5/21/2022	8:30 AM	-0.1244657700	65.100	48.000	50.000	0.0000010000	-0.0000091948	8.0235234486E-9	0.0000335304	2.2247448714E-10	10.300	30.800
5/21/2022	8:30 AM	-0.1294946900	65.100	48.000	50.000	0.0000010000	-0.0000091854	4.2199239705E-9	0.0000335172	9.1851981125E-10	10.200	30.800
5/21/2022	8:31 AM	-0.1345236100	65.100	48.000	50.000	0.0000010000	-0.0000091807	7.6475740164E-9	0.0000335113	2.0000000000E-10	10.200	30.800
5/21/2022	8:31 AM	-0.1395525300	65.100	48.000	50.000	0.0000010000	-0.0000091938	4.3786038815E-9	0.0000335194	7.3851648071E-10	10.200	30.800
5/21/2022	8:32 AM	-0.1445814500	65.100	48.000	50.000	0.0000010000	-0.0000091847	8.5892800866E-9	0.0000335224	3.0000000000E-10	10.200	30.800
5/21/2022	8:33 AM	-0.1496103700	65.100	48.000	50.000	0.0000010000	-0.0000092002	7.6323898477E-9	0.0000335105	1.7961920412E-8	10.200	30.800
5/21/2022	8:33 AM	-0.1546392900	65.100	48.000	50.000	0.0000010000	-0.0000092143	3.5925917636E-9	0.0000334418	4.7863046408E-10	10.200	30.800
5/21/2022	8:34 AM	-0.1596682100	65.100	48.000	50.000	0.0000010000	-0.0000091900	4.0470577937E-9	0.0000335281	1.2314871487E-9	10.200	30.800
5/21/2022	8:35 AM	-0.1646971300	65.100	48.000	50.000	0.0000010000	-0.0000092093	3.2280185710E-9	0.0000334911	8.6332495807E-10	10.200	30.800
5/21/2022	8:35 AM	-0.1697260500	65.100	48.000	50.000	0.0000010000	-0.0000092267	7.4858138620E-9	0.0000334723	3.4298809056E-9	10.200	30.800
5/21/2022	8:36 AM	-0.1747549700	65.100	48.000	50.000	0.0000010000	-0.0000092210	6.1240391286E-9	0.0000335036	2.7338825431E-9	10.300	30.800
5/21/2022	8:37 AM	-0.1797838900	0.900	48.000	50.000	0.0000010000	-0.0000092292	7.3495267767E-9	0.0000334053	1.4456832295E-9	10.200	30.800
5/21/2022	8:37 AM	-0.1848128100	65.100	48.000	50.000	0.0000010000	-0.0000091975	6.5848448377E-9	0.0000335290	1.6547905862E-9	10.200	30.800
5/21/2022	8:38 AM	-0.1898417300	65.100	48.000	50.000	0.0000010000	-0.0000091896	5.6805111200E-9	0.0000335328	1.0838393245E-9	10.200	30.800
5/21/2022	8:39 AM	-0.1948706500	65.100	48.000	50.000	0.0000010000	-0.0000091986	5.4899809151E-9	0.0000334937	1.5054704610E-9	10.200	30.800
5/21/2022	8:39 AM	-0.1998995700	65.100	48.000	50.000	0.0000010000	-0.0000091330	5.4803701614E-9	0.0000337298	5.8309518948E-10	10.200	30.800
5/21/2022	8:40 AM	-0.2049284900	65.100	48.000	50.000	0.0000010000	-0.0000091211	5.4520687385E-9	0.0000337147	1.3741657387E-9	10.200	30.800
5/21/2022	8:41 AM	-0.2099574100	65.100	48.000	50.000	0.0000010000	-0.0000091319	6.3177806803E-9	0.0000336927	5.6368092477E-10	10.200	30.800
5/21/2022	8:41 AM	-0.2149863300	65.100	48.000	50.000	0.0000010000	-0.0000091304	3.3533413327E-9	0.0000337411	6.2048368230E-10	10.200	30.800
5/21/2022	8:42 AM	-0.2200152500	65.100	48.000	50.000	0.0000010000	-0.0000091356	9.7763660233E-9	0.0000337166	9.4346783526E-10	10.200	30.800
5/21/2022	8:42 AM	-0.2250441700	65.100	48.000	50.000	0.0000010000	-0.0000091398	7.3618451516E-9	0.0000337372	4.6368092477E-10	10.200	30.800
5/21/2022	8:43 AM	-0.2300730900	65.100	48.000	50.000	0.0000010000	-0.0000091285	6.9854912342E-9	0.0000337273	1.1741663363E-9	10.200	30.800
5/21/2022	8:44 AM	-0.2351020100	65.100	48.000	50.000	0.0000010000	-0.0000091510	4.3549943927E-9	0.0000336870	3.9154759474E-10	10.300	30.800
5/21/2022	8:44 AM	-0.2401309300	65.100	48.000	50.000	0.0000010000	-0.0000091284	7.2300113811E-9	0.0000337156	8.1889390100E-10	10.200	30.800
5/21/2022	8:45 AM	-0.2451598500	65.100	48.000	50.000	0.0000010000	-0.0000091340	5.0806534923E-9	0.0000337289	3.7742546282E-10	10.300	30.800
5/21/2022	8:46 AM	-0.2501887700	65.100	48.000	50.000	0.0000010000	-0.0000091383	5.6662687451E-9	0.0000337183	1.3519206242E-9	10.300	30.800
5/21/2022	8:46 AM	-0.2552176900	65.100	48.000	50.000	0.0000010000	-0.0000091246	5.6736621121E-9	0.0000337238	6.9256219969E-10	10.300	30.800
5/21/2022	8:47 AM	-0.2602466100	65.100	48.000	50.000	0.0000010000	-0.0000091410	3.9807850477E-9	0.0000337452	1.9280706790E-9	10.300	30.800
5/21/2022	8:48 AM	-0.2652755300	65.100	48.000	50.000	0.0000010000	-0.0000091274	6.5165105077E-9	0.0000337041	2.7482096060E-9	10.300	30.800
5/21/2022	8:48 AM	-0.2703044500	65.100	48.000	50.000	0.0000010000	-0.0000099790	9.1170603613E-8	0.0000331686	6.8476798574E-10	10.300	30.800
5/21/2022	8:49 AM	-0.2753333700	65.100	48.000	50.000	0.0000010000	-0.0000100524	3.2575284074E-9	0.0000331762	4.6742346142E-10	10.300	30.800
5/21/2022	8:50 AM	-0.2803622900	65.100	48.000	50.000	0.0000010000	-0.0000100642	6.0022703855E-9	0.0000331546	1.4633249581E-9	10.300	30.800
5/21/2022	8:50 AM	-0.2853912100	65.100	48.000	50.000	0.0000010000	-0.0000101449	4.0957649846E-9	0.0000329616	1.1455900096E-9	10.300	30.800
5/21/2022	8:51 AM	-0.2904201300	65.100	48.000	50.000	0.0000010000	-0.0000101400	2.3806615368E-9	0.0000329604	5.6124860802E-10	10.300	30.800
5/21/2022	8:51 AM	-0.2954490500	65.100	48.000	50.000	0.0000010000	-0.0000101662	5.7906678988E-9	0.0000328584	8.9418965053E-10	10.300	30.800
5/21/2022	8:52 AM	-0.3004779700	65.100	48.000	50.001	0.0000010000	-0.0000101502	1.8897531209E-9	0.0000329574	2.4494897428E-10	10.200	30.800
5/21/2022	8:53 AM	-0.3055068900	65.100	48.000	50.000	0.0000010000	-0.0000101467	5.6758826625E-9	0.0000329395	1.1795545314E-9	10.300	30.800
5/21/2022	8:53 AM	-0.3105358100	65.100	48.000	50.000	0.0000010000	-0.0000101356	5.6462411661E-9	0.0000329601	3.0955735648E-10	10.300	30.800
5/21/2022	8:54 AM	-0.3155647300	65.100	48.000	50.000	0.0000010000	-0.0000101428	7.1041119050E-9	0.0000329304	2.7786190472E-9	10.200	30.800
5/21/2022	8:55 AM	-0.3205936500	65.100	48.000	50.000	0.0000010000	-0.0000101370	4.8854978437E-9	0.0000329588	6.0850436627E-10	10.200	30.800
5/21/2022	8:55 AM	-0.3256225700	65.100	48.000	50.000	0.0000010000	-0.0000101365	4.6095354314E-9	0.0000329252	2.0661900734E-9	10.200	30.800
5/21/2022	8:56 AM	-0.3293942600	65.100	48.000	50.000	0.0000010000	-0.0000101763	5.7196440768E-9	0.0000329005	4.3304557072E-9	10.200	30.800
5/21/2022	8:57 AM	-0.3344231800	65.100	48.000	50.000	0.0000010000	-0.0000101537	8.1775983933E-9	0.0000329184	6.5632839974E-10	10.200	30.800
5/21/2022	8:57 AM	-0.3394521000	65.100	48.000	50.000	0.0000010000	-0.0000101327	5.5705866385E-9	0.0000329304	1.6165750888E-9	10.200	30.800
5/21/2022	8:58 AM	-0.3444810200	65.100	48.000	50.000	0.0000010000	-0.0000101408	5.2817259631E-9	0.0000329729	4.5413696617E-10	10.200	30.800
5/21/2022	8:59 AM	-0.3495099400	65.100	48.000	50.000	0.0000010000	-0.0000101706	4.2803800042E-9	0.0000328556	1.8568830284E-9	10.200	30.800
5/21/2022	8:59 AM	-0.3444810200	65.100	48.000	50.000	0.0000010000	-0.0000101392	4.3468892204E-9	0.0000329712	1.4558237748E-9	10.200	30.800
5/21/2022	9:00 AM	-0.3394521000	65.100	48.000	50.000	0.0000010000	-0.0000101351	4.7972480922E-9	0.0000329553	4.7863046408E-10	10.200	30.800
5/21/2022	9:00 AM	-0.3344231800	65.100	48.000	50.000	0.0000010000	-0.0000100656	6.3148989569E-9	0.0000331310	9.4868329805E-10	10.200	30.800
5/21/2022	9:01 AM	-0.3293942600	65.100	48.000	50.000	0.0000010000	-0.0000100648	4.1724463085E-9	0.0000331419	1.1945549533E-9	10.200	30.800
5/21/2022	9:02 AM	-0.3256225700	65.100	48.000	49.999	0.0000010000	-0.0000100619	8.3484587407E-9	0.0000331192	3.6163901945E-9	10.300	30.800
5/21/2022	9:02 AM	-0.3205936500	65.100	48.000	50.000	0.0000010000	-0.0000101148	1.1118047105E-8	0.0000330261	3.6275130662E-8	10.300	30.800
5/21/2022	9:03 AM	-0.3155647300	65.100	48.000	50.000	0.0000010000	-0.0000101431	8.3031911388E-9	0.0000329491	1.2426404874E-9	10.300	30.800
5/21/2022	9:04 AM	-0.3105358100	65.100	48.000	50.000	0.0000010000	-0.0000101552	9.9953130957E-9	0.0000329570	1.5095800854E-9	10.300	30.800
5/21/2022	9:04 AM	-0.3055068900	65.100	48.000	50.000	0.0000010000	-0.0000101671	1.1518252044E-8	0.0000328876	2.7799344045E-8	10.300	30.800
5/21/2022	9:05 AM	-0.3004779700	65.100	48.000	50.000	0.0000010000	-0.0000101405	7.1645164992E-9	0.0000329488	5.8309518948E-10	10.300	30.800
5/21/2022	9:06 AM	-0.2954490500	65.100	48.000	50.000	0.0000010000	-0.0000101399	5.9024678911E-9	0.0000329219	1.1857741531E-9	10.300	30.800
5/21/2022	9:06 AM	-0.2904201300	65.100	48.000	50.000	0.0000010000	-0.0000101574	6.2321470569E-9	0.0000329068	2.0132415273E-9	10.300	30.800
5/21/2022	9:07 AM	-0.2853912100	65.100	48.000	50.000	0.0000010000	-0.0000101418	5.1753759335E-9	0.0000329419	6.9641941386E-10	10.300	30.800
5/21/2022	9:08 AM	-0.2803622900	65.100	48.000	50.000	0.0000010000	-0.0000101497	5.5374894952E-9	0.0000329512	3.0955735648E-10	10.300	30.800
5/21/2022	9:08 AM	-0.2753333700	65.100	48.000	50.000	0.0000010000	-0.0000101409	6.5836988764E-9	0.0000328972	4.5416317089E-9	10.300	30.800
5/21/2022	9:09 AM	-0.2703044500	65.100	48.000	50.000	0.0000010000	-0.0000101545	6.1019962131E-9	0.0000329022	2.0066548587E-9	10.300	30.800
5/21/2022	9:09 AM	-0.2652755300	65.100	48.000	50.000	0.0000010000	-0.0000101438	4.5848215842E-9	0.0000328796	5.1715500442E-9	10.300	30.800
5/21/2022	9:10 AM	-0.2602466100	65.100	48.000	50.000	0.0000010000	-0.0000101496	9.3554781269E-9	0.0000329315	5.7416573868E-10	10.300	30.800
5/21/2022	9:11 AM	-0.2552176900	65.100	48.000	50.000	0.0000010000	-0.0000101458	1.0249620237E-8	0.0000329418	5.6368092477E-10	10.300	30.800
5/21/2022	9:11 AM	-0.2501887700	65.100	48.000	50.000	0.0000010000	-0.0000101686	8.8374276246E-9	0.0000328347	2.2511393890E-9	10.200	30.800
5/21/2022	9:12 AM	-0.2451598500	65.100	48.000	50.000	0.0000010000	-0.0000101443	4.7021375179E-9	0.0000329420	7.3851648071E-10	10.200	30.800
5/21/2022	9:13 AM	-0.2401309300	65.100	48.000	50.000	0.0000010000	-0.0000101626	6.4009372117E-9	0.0000329173	1.1617692031E-9	10.200	30.800
5/21/2022	9:13 AM	-0.2351020100	65.100	48.000	50.000	0.0000010000	-0.0000101531	3.2135796380E-9	0.0000329511	7.2559935005E-10	10.300	30.800
5/21/2022	9:14 AM	-0.2300730900	65.100	48.000	50.000	0.0000010000	-0.0000101407	3.9118998547E-9	0.0000329534	1.1232262227E-9	10.300	30.800
5/21/2022	9:15 AM	-0.2250441700	65.100	48.000	50.000	0.0000010000	-0.0000101529	8.6685070578E-9	0.0000329473	1.9971992752E-8	10.300	30.800
5/21/2022	9:15 AM	-0.2200152500	65.100	48.000	50.000	0.0000010000	-0.0000101493	6.7282709909E-9	0.0000329438	1.4754927420E-9	10.300	30.800
5/21/2022	9:16 AM	-0.2149863300	65.100	48.000	50.000	0.0000010000	-0.0000101480	7.9699286613E-9	0.0000329121	1.1813159295E-9	10.300	30.800
5/21/2022	9:17 AM	-0.2099574100	65.100	48.000	50.000	0.0000010000	-0.0000101336	4.4792213165E-9	0.0000329536	3.8708286934E-10	10.300	30.800
5/21/2022	9:17 AM	-0.2049284900	65.100	48.000	50.000	0.0000010000	-0.0000101437	4.5394032941E-9	0.0000329726	1.1074720840E-9	10.200	30.800
5/21/2022	9:18 AM	-0.1998995700	65.100	48.000	50.000	0.0000010000	-0.0000101328	4.4540173522E-9	0.0000329663	7.0000000000E-10	10.300	30.800
5/21/2022	9:19 AM	-0.1948706500	65.100	48.000	50.000	0.0000010000	-0.0000101589	6.5196204714E-9	0.0000329378	1.5242359090E-9	10.300	30.800
5/21/2022	9:19 AM	-0.1898417300	65.100	48.000	50.000	0.0000010000	-0.0000101416	6.3269176258E-9	0.0000329393	1.6090988756E-9	10.300	30.800
5/21/2022	9:20 AM	-0.1848128100	65.100	48.000	50.000	0.0000010000	-0.0000101361	4.0412486984E-9	0.0000329357	3.8708286934E-10	10.300	30.800
5/21/2022	9:20 AM	-0.1797838900	65.100	48.000	50.000	0.0000010000	-0.0000101431	4.5557093536E-9	0.0000329703	9.9172137254E-10	10.300	30.800
5/21/2022	9:21 AM	-0.1747549700	65.100	48.000	50.000	0.0000010000	-0.0000101425	8.5090315623E-9	0.0000329087	2.2342100935E-9	10.200	30.800
5/21/2022	9:22 AM	-0.1697260500	65.100	48.000	50.000	0.0000010000	-0.0000101543	4.4813078708E-9	0.0000329374	8.9058906193E-10	10.200	30.800
5/21/2022	9:22 AM	-0.1646971300	65.100	48.000	50.000	0.0000010000	-0.0000101412	7.9842764355E-9	0.0000329278	1.6265342618E-9	10.300	30.800
5/21/2022	9:23 AM	-0.1596682100	65.100	48.000	50.000	0.0000010000	-0.0000101509	7.6423498204E-9	0.0000329618	2.8058837015E-10	10.300	30.800
5/21/2022	9:24 AM	-0.1546392900	65.100	48.000	50.000	0.0000010000	-0.0000101520	6.5038433310E-9	0.0000329474	1.2324165118E-9	10.300	30.800
5/21/2022	9:24 AM	-0.1496103700	65.100	48.000	50.000	0.0000010000	-0.0000101707	8.6676828210E-9	0.0000329131	1.7994685020E-9	10.300	30.800
5/21/2022	9:25 AM	-0.1445814500	65.100	48.000	50.000	0.0000010000	-0.0000101400	6.7707413345E-9	0.0000329431	1.2593646550E-9	10.300	30.800
5/21/2022	9:26 AM	-0.1395525300	61.100	48.000	50.000	0.0000010000	-0.0000101517	5.8400511821E-9	0.0000329676	1.3235359668E-9	10.300	30.800
5/21/2022	9:26 AM	-0.1345236100	61.100	48.000	50.000	0.0000010000	-0.0000101619	5.0732586848E-9	0.0000328758	1.2603842673E-9	10.300	30.800
5/21/2022	9:27 AM	-0.1294946900	61.100	48.000	50.000	0.0000010000	-0.0000100893	7.0246976846E-9	0.0000331074	3.7742546282E-10	10.300	30.800
5/21/2022	9:28 AM	-0.1244657700	61.100	48.000	50.000	0.0000010000	-0.0000101571	1.3649410050E-8	0.0000328979	3.2361584746E-9	10.300	30.800
5/21/2022	9:28 AM	-0.1194368500	61.100	48.000	50.000	0.0000010000	-0.0000101411	5.9166486467E-9	0.0000329354	7.5522851952E-10	10.300	30.800
5/21/2022	9:29 AM	-0.1144079300	61.100	48.000	50.000	0.0000010000	-0.0000101452	6.4411166276E-9	0.0000329523	7.5166481892E-10	10.300	30.800
5/21/2022	9:30 AM	-0.1093790100	61.100	48.000	50.000	0.0000010000	-0.0000101403	6.1332362334E-9	0.0000329630	1.6884098727E-9	10.300	30.800
5/21/2022	9:30 AM	-0.1056073200	61.100	48.000	50.000	0.0000010000	-0.0000101448	3.7931654211E-9	0.0000329722	2.0605822689E-9	10.300	30.800
5/21/2022	9:31 AM	-0.1005784000	61.100	48.000	50.000	0.0000010000	-0.0000101470	8.3013602850E-9	0.0000329587	7.7008771255E-10	10.200	30.800
5/21/2022	9:31 AM	-0.0955494800	61.100	48.000	50.000	0.0000010000	-0.0000101350	6.0939722630E-9	0.0000329278	1.1144447189E-9	10.300	30.800
5/21/2022	9:32 AM	-0.0905205600	61.100	48.000	50.000	0.0000010000	-0.0000101624	5.9927233049E-9	0.0000329325	4.9664022582E-10	10.300	30.800
5/21/2022	9:33 AM	-0.0854916400	61.100	48.000	50.000	0.0000010000	-0.0000101352	8.7679479104E-9	0.0000329462	1.3415691040E-9	10.300	30.800
5/21/2022	9:34 AM	-0.0804627200	61.100	48.000	50.000	0.0000010000	-0.0000101566	7.8178917356E-9	0.0000329024	2.1785720396E-9	10.300	30.800
5/21/2022	9:34 AM	-0.0754338000	61.100	48.000	50.000	0.0000010000	-0.0000101608	6.3271672885E-9	0.0000329409	2.0087619008E-9	10.200	30.800
5/21/2022	9:35 AM	-0.0704048800	61.100	48.000	50.000	0.0000010000	-0.0000101453	5.5706851123E-9	0.0000329424	3.0493551695E-9	10.300	30.800
5/21/2022	9:35 AM	-0.0653759600	61.100	48.000	50.000	0.0000010000	-0.0000101674	6.6462017974E-9	0.0000329210	1.7828434843E-9	10.200	30.800
5/21/2022	9:36 AM	-0.0603470400	61.100	48.000	50.000	0.0000010000	-0.0000101715	5.0438558737E-9	0.0000329084	1.6649848671E-8	10.200	30.800
5/21/2022	9:37 AM	-0.0553181200	61.100	48.000	50.000	0.0000010000	-0.0000101829	1.1079691246E-8	0.0000329111	2.6723805295E-9	10.200	30.800
5/21/2022	9:37 AM	-0.0502892000	61.100	48.000	50.000	0.0000010000	-0.0000101565	8.5731552554E-9	0.0000329249	1.7680025676E-9	10.300	30.800
5/21/2022	9:38 AM	-0.0452602800	61.100	48.000	50.000	0.0000010000	-0.0000101622	5.4812685679E-9	0.0000328982	6.9266988975E-10	10.300	30.800
5/21/2022	9:39 AM	-0.0402313600	61.100	48.000	50.000	0.0000010000	-0.0000101546	8.7928643021E-9	0.0000328579	5.1819124413E-9	10.300	30.800
5/21/2022	9:39 AM	-0.0352024400	61.100	48.000	50.000	0.0000010000	-0.0000101194	5.3499015490E-9	0.0000330024	2.9154759474E-10	10.200	30.800
5/21/2022	9:40 AM	-0.0301735200	61.100	48.000	50.000	0.0000010000	-0.0000101453	6.6056684917E-9	0.0000329682	6.3066409390E-10	10.200	30.800
5/21/2022	9:41 AM	-0.0251446000	61.100	48.000	50.000	0.0000010000	-0.0000101472	7.0993968491E-9	0.0000329865	1.2800289802E-9	10.200	30.800
5/21/2022	9:41 AM	-0.0201156800	61.100	48.000	50.000	0.0000010000	-0.0000101292	7.0145643998E-9	0.0000329718	1.1052182095E-9	10.200	30.800
5/21/2022	9:42 AM	-0.0150867600	61.100	48.000	50.000	0.0000010000	-0.0000101515	8.2299843083E-9	0.0000329395	1.7298296836E-9	10.200	30.800
5/21/2022	9:42 AM	-0.0100578400	61.100	48.000	50.000	0.0000010000	-0.0000101437	7.1789533707E-9	0.0000330107	2.0045074975E-9	10.200	30.800
5/21/2022	9:43 AM	-0.0050289200	61.100	48.000	50.000	0.0000010000	-0.0000101333	4.6347415454E-9	0.0000329804	1.6000000000E-9	10.200	30.800
5/21/2022	9:44 AM	0.0000000000	61.100	48.000	50.000	0.0000010000	-0.0000101542	5.5441443520E-9	0.0000329864	3.4324073497E-9	10.200	30.800
5/21/2022	9:44 AM	0.0050289200	61.100	48.000	50.000	0.0000010000	-0.0000101359	6.2061460302E-9	0.0000329646	1.2561514854E-9	10.200	30.800
5/21/2022	9:45 AM	0.0100578400	61.100	48.000	50.000	0.0000010000	-0.0000101417	7.4179295949E-9	0.0000329394	4.3707632056E-9	10.200	30.800
5/21/2022	9:46 AM	0.0150867600	61.100	48.000	50.001	0.0000010000	-0.0000101346	2.6517106698E-9	0.0000329793	3.4608128489E-10	10.200	30.800
5/21/2022	9:46 AM	0.0201156800	61.100	48.000	50.000	0.0000010000	-0.0000101410	4.6202878739E-9	0.0000329495	3.2479183617E-9	10.200	30.800
5/21/2022	9:47 AM	0.0251446000	61.100	48.000	50.000	0.0000010000	-0.0000101408	4.9155253527E-9	0.0000330050	1.4789404838E-9	10.200	30.800
5/21/2022	9:48 AM	0.0301735200	61.100	48.000	50.000	0.0000010000	-0.0000101328	5.2326250349E-9	0.0000329899	5.4063625993E-10	10.200	30.800
5/21/2022	9:48 AM	0.0352024400	61.100	48.000	50.000	0.0000010000	-0.0000101337	4.8040180785E-9	0.0000329797	8.3631818358E-10	10.200	30.800
5/21/2022	9:49 AM	0.0402313600	61.100	48.000	50.000	0.0000010000	-0.0000101450	3.9114578934E-9	0.0000329025	2.8535533906E-9	10.200	30.800
5/21/2022	9:50 AM	0.0452602800	61.100	48.000	50.000	0.0000010000	-0.0000101449	4.9633453255E-9	0.0000329589	4.0000000000E-10	10.200	30.800
5/21/2022	9:50 AM	0.0502892000	61.100	48.000	50.000	0.0000010000	-0.0000101420	8.7083028013E-9	0.0000329537	1.4589678312E-9	10.200	30.800
5/21/2022	9:51 AM	0.0553181200	61.100	48.000	50.000	0.0000010000	-0.0000101521	4.4849158641E-9	0.0000329510	1.6832366614E-9	10.200	30.800
5/21/2022	9:52 AM	0.0603470400	61.100	48.000	50.000	0.0000010000	-0.0000101242	6.4480951017E-9	0.0000329615	1.9086233444E-9	10.200	30.800
5/21/2022	9:52 AM	0.0653759600	61.100	48.000	50.000	0.0000010000	-0.0000101331	7.2486437757E-9	0.0000329883	4.1402208188E-10	10.200	30.800
5/21/2022	9:53 AM	0.0704048800	61.100	48.000	50.000	0.0000010000	-0.0000101374	5.8983952943E-9	0.0000329537	3.2478966946E-9	10.200	30.800
5/21/2022	9:54 AM	0.0754338000	61.100	48.000	50.000	0.0000010000	-0.0000101407	3.2302231313E-9	0.0000329921	1.5435488660E-9	10.200	30.800
5/21/2022	9:54 AM	0.0804627200	61.100	48.000	50.000	0.0000010000	-0.0000101407	6.0461850174E-9	0.0000329956	7.3385391260E-10	10.200	30.800
5/21/2022	9:55 AM	0.0854916400	61.100	48.000	50.000	0.0000010000	-0.0000101439	7.6859474673E-9	0.0000329428	2.6322497630E-9	10.200	30.800
5/21/2022	9:56 AM	0.0905205600	61.100	48.000	50.000	0.0000010000	-0.0000101306	6.2996148328E-9	0.0000329895	7.4031242374E-10	10.200	30.800
5/21/2022	9:56 AM	0.0955494800	61.100	48.000	50.000	0.0000010000	-0.0000101396	6.3073432289E-9	0.0000329794	9.7345667959E-10	10.200	30.800
5/21/2022	9:57 AM	0.1005784000	61.100	48.000	50.000	0.0000010000	-0.0000101293	4.6067750606E-9	0.0000329807	4.7602787773E-10	10.200	30.800
5/21/2022	9:57 AM	0.1056073200	61.100	48.000	50.000	0.0000010000	-0.0000101417	7.7772658056E-9	0.0000329716	1.9022703843E-9	10.200	30.800
5/21/2022	9:58 AM	0.1093790100	61.100	48.000	50.000	0.0000010000	-0.0000101402	4.5962296308E-9	0.0000329927	2.2475788278E-9	10.200	30.800
5/21/2022	9:59 AM	0.1144079300	61.100	48.000	50.000	0.0000010000	-0.0000101306	6.8652843054E-9	0.0000329900	1.5811388301E-10	10.200	30.700
5/21/2022	9:59 AM	0.1194368500	61.100	48.000	50.000	0.0000010000	-0.0000101339	5.9103584280E-9	0.0000329761	9.1827593375E-10	10.200	30.800
5/21/2022	10:00 AM	0.1244657700	61.100	48.000	50.000	0.0000010000	-0.0000101557	7.3841647194E-9	0.0000329542	9.5487255281E-10	10.200	30.800
5/21/2022	10:01 AM	0.1294946900	61.100	48.000	50.000	0.0000010000	-0.0000101331	5.0487110850E-9	0.0000329712	1.0469333247E-9	10.200	30.800
5/21/2022	10:01 AM	0.1345236100	61.100	48.000	50.000	0.0000010000	-0.0000101550	1.0003720596E-8	0.0000329020	3.3054286364E-9	10.200	30.800
5/21/2022	10:02 AM	0.1395525300	61.100	48.000	50.000	0.0000010000	-0.0000101458	9.4653789623E-9	0.0000329737	1.5924716621E-9	10.200	30.800
5/21/2022	10:03 AM	0.1445814500	61.100	48.000	50.000	0.0000010000	-0.0000101395	9.0130792981E-9	0.0000330063	1.6265342618E-9	10.200	30.800
5/21/2022	10:03 AM	0.1496103700	61.100	48.000	50.000	0.0000010000	-0.0000101222	5.5842272369E-9	0.0000330360	7.2662678582E-10	10.200	30.700
5/21/2022	10:04 AM	0.1546392900	61.100	48.000	50.000	0.0000010000	-0.0000101345	6.3206790870E-9	0.0000329802	3.5495097568E-10	10.200	30.800
5/21/2022	10:05 AM	0.1596682100	61.100	48.000	50.000	0.0000010000	-0.0000100992	3.2582454882E-9	0.0000330490	5.8309518948E-10	10.200	30.800
5/21/2022	10:05 AM	0.1646971300	61.100	48.000	50.000	0.0000010000	-0.0000101103	4.3201388346E-9	0.0000330439	1.1998427010E-9	10.200	30.800
5/21/2022	10:06 AM	0.1697260500	61.100	48.000	50.000	0.0000010000	-0.0000101139	7.3182240847E-9	0.0000329904	1.3205073709E-9	10.200	30.800
5/21/2022	10:07 AM	0.1747549700	61.100	48.000	50.000	0.0000010000	-0.0000101121	5.7614128439E-9	0.0000330451	1.2624230597E-9	10.200	30.800
5/21/2022	10:07 AM	0.1797838900	61.100	48.000	50.000	0.0000010000	-0.0000101097	1.0411972332E-8	0.0000329819	2.3756347211E-9	10.200	30.800
5/21/2022	10:08 AM	0.1848128100	61.100	48.000	50.000	0.0000010000	-0.0000101113	4.6689799601E-9	0.0000330491	6.1478150705E-10	10.200	30.800
5/21/2022	10:08 AM	0.1898417300	61.100	48.000	50.000	0.0000010000	-0.0000091689	8.0085203161E-9	0.0000335578	2.4599274025E-9	10.200	30.800
5/21/2022	10:09 AM	0.1948706500	61.100	48.000	50.000	0.0000010000	-0.0000091966	4.7509270576E-9	0.0000334818	3.1515007333E-9	10.200	30.800
5/21/2022	10:10 AM	0.1998995700	61.100	48.000	50.000	0.0000010000	-0.0000091599	6.9761740081E-9	0.0000336189	9.0471787406E-10	10.200	30.800
5/21/2022	10:10 AM	0.2049284900	61.100	48.000	50.000	0.0000010000	-0.0000091719	9.8101488859E-9	0.0000336104	1.0948253313E-9	10.200	30.800
5/21/2022	10:11 AM	0.2099574100	61.100	48.000	50.000	0.0000010000	-0.0000091605	3.4042097090E-9	0.0000335989	7.5192024052E-10	10.200	30.800
5/21/2022	10:12 AM	0.2149863300	61.100	48.000	50.000	0.0000010000	-0.0000091621	5.0249014201E-9	0.0000336034	3.2360679775E-10	10.200	30.800
5/21/2022	10:12 AM	0.2200152500	61.100	48.000	50.000	0.0000010000	-0.0000091538	5.6667375573E-9	0.0000335915	1.4230249471E-9	10.200	30.800
5/21/2022	10:13 AM	0.2250441700	61.100	48.000	50.000	0.0000010000	-0.0000091673	4.3520180692E-9	0.0000335950	1.1966905919E-9	10.200	30.800
5/21/2022	10:14 AM	0.2300730900	61.100	48.000	50.000	0.0000010000	-0.0000091723	6.0691466160E-9	0.0000335853	1.6230249471E-9	10.200	30.800
5/21/2022	10:14 AM	0.2351020100	61.100	48.000	50.000	0.0000010000	-0.0000091566	6.5752699090E-9	0.0000336086	6.4510098534E-10	10.200	30.800
5/21/2022	10:15 AM	0.2401309300	61.100	48.000	50.000	0.0000010000	-0.0000091579	5.4092508949E-9	0.0000335841	1.3467344941E-9	10.200	30.800
5/21/2022	10:16 AM	0.2451598500	61.100	48.000	50.000	0.0000010000	-0.0000091653	5.2796238765E-9	0.0000336024	6.4510098534E-10	10.200	30.800
5/21/2022	10:16 AM	0.2501887700	61.100	48.000	50.000	0.0000010000	-0.0000091509	5.9816640041E-9	0.0000336041	1.8168755182E-9	10.200	30.800
5/21/2022	10:17 AM	0.2552176900	61.100	48.000	50.000	0.0000010000	-0.0000091804	4.4272991404E-9	0.0000335523	1.0403124237E-9	10.200	30.800
5/21/2022	10:17 AM	0.2602466100	61.100	48.000	50.000	0.0000010000	-0.0000091670	6.0379816409E-9	0.0000335639	3.2032011881E-9	10.200	30.800
5/21/2022	10:18 AM	0.2652755300	61.100	48.000	50.000	0.0000010000	-0.0000091662	6.2448416432E-9	0.0000335869	1.1201414667E-9	10.200	30.700
5/21/2022	10:19 AM	0.2703044500	61.100	48.000	50.000	0.0000010000	-0.0000091641	6.9616560800E-9	0.0000335935	5.8615541191E-10	10.200	30.700
5/21/2022	10:19 AM	0.2753333700	61.100	48.000	50.000	0.0000010000	-0.0000091611	5.6283907310E-9	0.0000335557	3.0454733420E-9	10.200	30.800
5/21/2022	10:20 AM	0.2803622900	61.100	48.000	50.000	0.0000010000	-0.0000091690	6.0182135188E-9	0.0000336079	5.3385391260E-10	10.200	30.700
5/21/2022	10:21 AM	0.2853912100	61.100	48.000	50.000	0.0000010000	-0.0000091519	6.8546522074E-9	0.0000335832	1.7054235473E-9	10.200	30.800
5/21/2022	10:21 AM	0.2904201300	61.100	48.000	50.000	0.0000010000	-0.0000091586	6.0577152281E-9	0.0000335870	1.3639430989E-9	10.200	30.800
5/21/2022	10:22 AM	0.2954490500	61.100	48.000	50.000	0.0000010000	-0.0000091630	2.0984126034E-9	0.0000335594	2.6524116092E-9	10.200	30.800
5/21/2022	10:23 AM	0.3004779700	61.100	48.000	50.000	0.0000010000	-0.0000091520	6.1625877224E-9	0.0000335870	3.7742546282E-10	10.200	30.800
5/21/2022	10:23 AM	0.3055068900	61.100	48.000	50.000	0.0000010000	-0.0000092117	5.4906855653E-9	0.0000334964	2.1715977486E-9	10.200	30.800
5/21/2022	10:24 AM	0.3105358100	61.100	48.000	50.000	0.0000010000	-0.0000091634	4.5062944820E-9	0.0000335909	1.0658726003E-9	10.200	30.800
5/21/2022	10:25 AM	0.3155647300	61.100	48.000	50.000	0.0000010000	-0.0000091561	4.4897167590E-9	0.0000335962	4.9154759474E-10	10.200	30.800
5/21/2022	10:25 AM	0.3205936500	61.100	48.000	50.000	0.0000010000	-0.0000091586	5.2436471769E-9	0.0000335988	2.8058837015E-10	10.200	30.800
5/21/2022	10:26 AM	0.3256225700	58.800	48.000	50.000	0.0000010000	-0.0000091619	3.2056349677E-9	0.0000335966	9.5012175500E-10	10.200	30.800
5/21/2022	10:26 AM	0.3293942600	58.800	48.000	50.000	0.0000010000	-0.0000091678	4.4159111059E-9	0.0000335706	1.7653928332E-9	10.200	30.800
5/21/2022	10:27 AM	0.3344231800	58.800	48.000	50.000	0.0000010000	-0.0000091562	6.6990303971E-9	0.0000335765	3.9154759474E-10	10.200	30.800
5/21/2022	10:28 AM	0.3394521000	58.800	48.000	50.000	0.0000010000	-0.0000091593	1.0453602652E-8	0.0000335757	2.3351265022E-9	10.200	30.700
5/21/2022	10:28 AM	0.3444810200	58.800	48.000	50.000	0.0000010000	-0.0000091543	6.7052892121E-9	0.0000336161	1.2324165118E-9	10.200	30.800
