! User Name:	Aditya
! Sample Name:	FGT_CPS_device_2_PF_M1T_90m
! Sample ID:	FGT/CrPS4
! Date:	6/8/2022	Time:	2:26 PM
! Current Source:	Keithley 224 Current Source
! Voltmeter V1:	Keithley 182 Degital voltmeter
! Voltmeter V2:	Keithley 2182A  NanoVoltmeter
! V1 (volts):	Rxx  Device 1
! V2 (volts):	Rxy Device 1
! Max Field (Tesla):0.250000	! Data points (0_maxT:50.000000	! Average Number:5.000000	
! Comments:	FGT/CrPS4 device was made in glove using flaking and dry transfering of flakes. 
! 
! 
! 
! 
Data	Time	Magnetic Field (T)	Helium Level (%)	VTI Temperature (K)	Sample Temparture (K)	Current (A) 	Voltage-1(V)	Std. of V1	Voltage-2 (V)	Std. of V2	VTI  Heater Power (%)	Sample Heater Power (%)
6/8/2022	4:39 PM	-0.2501887700	58.800	73.000	75.000	0.0000020000	0.0000158598	3.8711667515E-9	0.0000031345	1.0567515039E-9	12.600	33.400
6/8/2022	4:39 PM	-0.2451598500	58.800	73.000	75.000	0.0000020000	0.0000158688	8.1140368607E-9	0.0000031179	4.8476798574E-10	12.600	33.400
6/8/2022	4:40 PM	-0.2401309300	58.800	73.000	75.000	0.0000020000	0.0000158638	6.1783082228E-9	0.0000031223	1.0850584661E-9	12.600	33.400
6/8/2022	4:41 PM	-0.2351020100	58.800	73.000	75.000	0.0000020000	0.0000158652	5.9164830110E-9	0.0000031177	4.4203384502E-10	12.600	33.400
6/8/2022	4:41 PM	-0.2300730900	58.800	73.000	75.000	0.0000020000	0.0000158604	7.6734998430E-9	0.0000031300	9.3186001849E-10	12.600	33.400
6/8/2022	4:42 PM	-0.2250441700	58.800	73.000	75.000	0.0000020000	0.0000158602	4.7839308456E-9	0.0000031080	1.9252802845E-9	12.600	33.400
6/8/2022	4:42 PM	-0.2200152500	58.800	73.000	75.000	0.0000020000	0.0000158564	5.6159020716E-9	0.0000031229	1.0567515039E-9	12.600	33.400
6/8/2022	4:43 PM	-0.2149863300	58.800	73.000	75.000	0.0000020000	0.0000158560	6.4229050031E-9	0.0000031211	8.3900310986E-10	12.600	33.400
6/8/2022	4:44 PM	-0.2099574100	58.800	73.000	74.999	0.0000020000	0.0000158681	4.6779802072E-9	0.0000031214	1.8708286934E-10	12.600	33.400
6/8/2022	4:44 PM	-0.2049284900	58.800	73.000	75.000	0.0000020000	0.0000158702	7.1817149767E-9	0.0000031213	3.4608128489E-10	12.600	33.400
6/8/2022	4:45 PM	-0.1998995700	58.800	73.000	75.000	0.0000020000	0.0000158654	3.7112576448E-9	0.0000031301	1.8708286934E-10	12.600	33.400
6/8/2022	4:46 PM	-0.1948706500	58.800	73.000	75.001	0.0000020000	0.0000158718	6.2769275200E-9	0.0000031185	6.7185085508E-10	12.600	33.300
6/8/2022	4:46 PM	-0.1898417300	58.800	73.000	75.000	0.0000020000	0.0000158532	9.4027176011E-9	0.0000031299	8.6988284501E-10	12.600	33.400
6/8/2022	4:47 PM	-0.1848128100	58.800	73.000	75.001	0.0000020000	0.0000158623	4.9958165656E-9	0.0000031399	1.4301162634E-9	12.600	33.400
6/8/2022	4:48 PM	-0.1797838900	58.800	73.000	75.000	0.0000020000	0.0000158724	7.0156344493E-9	0.0000031246	4.9154759474E-10	12.600	33.400
6/8/2022	4:48 PM	-0.1747549700	58.800	73.000	75.000	0.0000020000	0.0000158545	6.3826400449E-9	0.0000031046	1.6419632633E-9	12.600	33.400
6/8/2022	4:49 PM	-0.1697260500	58.800	73.000	75.000	0.0000020000	0.0000158676	6.6755880011E-9	0.0000031347	4.1402208188E-10	12.600	33.400
6/8/2022	4:50 PM	-0.1646971300	58.800	73.000	75.000	0.0000020000	0.0000158652	7.0161859487E-9	0.0000031293	7.3971896142E-10	12.600	33.400
6/8/2022	4:50 PM	-0.1596682100	58.800	73.000	75.000	0.0000020000	0.0000158816	1.0245868001E-8	0.0000031048	1.0144781624E-9	12.600	33.400
6/8/2022	4:51 PM	-0.1546392900	58.800	73.000	75.000	0.0000020000	0.0000158658	4.6692072324E-9	0.0000030814	3.2553232235E-9	12.600	33.400
6/8/2022	4:52 PM	-0.1496103700	58.800	73.000	75.001	0.0000020000	0.0000158616	3.0216861129E-9	0.0000031131	6.7008771255E-10	12.600	33.400
6/8/2022	4:52 PM	-0.1445814500	58.800	73.000	75.000	0.0000020000	0.0000158561	8.1141662085E-9	0.0000031187	8.5192024052E-10	12.600	33.400
6/8/2022	4:53 PM	-0.1395525300	58.800	73.000	75.001	0.0000020000	0.0000158590	6.0771985531E-9	0.0000031316	5.4649857042E-10	12.600	33.400
6/8/2022	4:54 PM	-0.1345236100	58.800	73.000	75.001	0.0000020000	0.0000158566	5.4467991452E-9	0.0000031184	4.5355339059E-10	12.600	33.400
6/8/2022	4:54 PM	-0.1294946900	58.800	73.000	75.000	0.0000020000	0.0000158706	5.4115394965E-9	0.0000031186	4.3011626335E-10	12.600	33.400
6/8/2022	4:55 PM	-0.1244657700	58.800	73.000	75.000	0.0000020000	0.0000158765	6.0795004382E-9	0.0000031145	9.6397017595E-10	12.600	33.300
6/8/2022	4:56 PM	-0.1194368500	58.800	73.000	75.000	0.0000020000	0.0000158591	6.4613406904E-9	0.0000031324	9.4844891052E-10	12.600	33.400
6/8/2022	4:56 PM	-0.1144079300	58.800	73.000	75.000	0.0000020000	0.0000158635	5.3958271635E-9	0.0000031277	3.7416573868E-10	12.600	33.400
6/8/2022	4:57 PM	-0.1093790100	58.800	73.000	75.000	0.0000020000	0.0000158767	4.3873330429E-9	0.0000031248	1.2035788718E-9	12.600	33.400
6/8/2022	4:57 PM	-0.1056073200	0.900	73.000	75.000	0.0000020000	0.0000158645	6.1511195580E-9	0.0000031244	1.0723703933E-9	12.600	33.400
6/8/2022	4:58 PM	-0.1005784000	58.800	73.000	75.000	0.0000020000	0.0000158674	7.6057401584E-9	0.0000031190	1.2618484968E-9	12.600	33.400
6/8/2022	4:59 PM	-0.0955494800	58.800	73.000	75.000	0.0000020000	0.0000158787	6.1189489346E-9	0.0000031196	1.2216013566E-9	12.600	33.400
6/8/2022	4:59 PM	-0.0905205600	58.800	73.000	75.000	0.0000020000	0.0000158678	6.9227865549E-9	0.0000031252	3.7416573868E-10	12.600	33.300
6/8/2022	5:00 PM	-0.0854916400	58.800	73.000	75.000	0.0000020000	0.0000158525	5.7007019900E-9	0.0000031259	6.5495097568E-10	12.600	33.400
6/8/2022	5:01 PM	-0.0804627200	58.800	73.000	75.000	0.0000020000	0.0000158598	5.5489408165E-9	0.0000031096	1.4107424573E-9	12.600	33.400
6/8/2022	5:01 PM	-0.0754338000	58.800	73.000	75.000	0.0000020000	0.0000158683	5.6813342043E-9	0.0000031181	1.2216013566E-9	12.600	33.300
6/8/2022	5:02 PM	-0.0704048800	58.800	73.000	75.000	0.0000020000	0.0000158682	5.5398414260E-9	0.0000031080	1.3830951895E-9	12.600	33.400
6/8/2022	5:03 PM	-0.0653759600	58.800	73.000	75.000	0.0000020000	0.0000158753	8.0262496538E-9	0.0000031364	7.7017805882E-10	12.600	33.400
6/8/2022	5:03 PM	-0.0603470400	58.800	73.000	75.000	0.0000020000	0.0000158711	9.4073580659E-9	0.0000031205	9.5732140997E-10	12.600	33.400
6/8/2022	5:04 PM	-0.0553181200	58.800	73.000	75.000	0.0000020000	0.0000158864	7.5141274121E-9	0.0000031120	6.9154759474E-10	12.600	33.400
6/8/2022	5:05 PM	-0.0502892000	58.800	73.000	75.000	0.0000020000	0.0000158720	4.7995510557E-9	0.0000031201	8.6391922149E-10	12.600	33.300
6/8/2022	5:05 PM	-0.0452602800	58.800	73.000	75.000	0.0000020000	0.0000158710	4.6956531316E-9	0.0000031208	1.1788289045E-9	12.600	33.400
6/8/2022	5:06 PM	-0.0402313600	58.800	73.000	75.000	0.0000020000	0.0000158603	5.3776741823E-9	0.0000031114	1.1407443861E-9	12.600	33.400
6/8/2022	5:06 PM	-0.0352024400	58.800	73.000	75.000	0.0000020000	0.0000158712	7.8026865339E-9	0.0000031292	6.6332495807E-10	12.600	33.400
6/8/2022	5:07 PM	-0.0301735200	58.800	73.000	75.001	0.0000020000	0.0000158585	6.7861720708E-9	0.0000031360	7.0710678119E-10	12.600	33.400
6/8/2022	5:08 PM	-0.0251446000	58.800	73.000	75.000	0.0000020000	0.0000158673	7.5282965684E-9	0.0000031280	2.0000000000E-10	12.600	33.400
6/8/2022	5:08 PM	-0.0201156800	58.800	73.000	74.999	0.0000020000	0.0000158706	2.8533533703E-9	0.0000031202	3.5495097568E-10	12.600	33.400
6/8/2022	5:09 PM	-0.0150867600	58.800	73.000	75.000	0.0000020000	0.0000158708	6.8304038198E-9	0.0000031097	8.5695646824E-10	12.600	33.400
6/8/2022	5:10 PM	-0.0100578400	58.800	73.000	74.999	0.0000020000	0.0000158634	3.1516705543E-9	0.0000031297	5.6124860802E-10	12.600	33.400
6/8/2022	5:10 PM	-0.0050289200	58.800	73.000	75.000	0.0000020000	0.0000158609	6.7150648008E-9	0.0000031174	1.0617692031E-9	12.600	33.400
6/8/2022	5:11 PM	0.0000000000	58.800	73.000	75.001	0.0000020000	0.0000158787	2.9396843132E-9	0.0000031243	5.5355339059E-10	12.600	33.400
6/8/2022	5:12 PM	0.0050289200	58.800	73.000	75.000	0.0000020000	0.0000158601	5.0658869214E-9	0.0000031294	5.8989794856E-10	12.600	33.400
6/8/2022	5:12 PM	0.0100578400	58.800	73.000	75.000	0.0000020000	0.0000158654	7.1831458117E-9	0.0000031078	1.0091825995E-9	12.600	33.400
6/8/2022	5:13 PM	0.0150867600	58.800	73.000	74.999	0.0000020000	0.0000158636	5.0128273016E-9	0.0000031259	1.2234076132E-9	12.600	33.300
6/8/2022	5:13 PM	0.0201156800	56.400	73.000	75.000	0.0000020000	0.0000158522	2.8020447648E-9	0.0000031235	4.5495097568E-10	12.600	33.400
6/8/2022	5:14 PM	0.0251446000	56.400	73.000	75.000	0.0000020000	0.0000158719	4.7051610759E-9	0.0000031161	4.3011626335E-10	12.600	33.400
6/8/2022	5:15 PM	0.0301735200	56.400	73.000	75.000	0.0000020000	0.0000158661	4.3877889809E-9	0.0000031211	6.6099096785E-10	12.600	33.400
6/8/2022	5:16 PM	0.0352024400	56.400	73.000	75.000	0.0000020000	0.0000158623	6.1565560218E-9	0.0000031350	8.0756655164E-10	12.600	33.400
6/8/2022	5:16 PM	0.0402313600	56.400	73.000	75.000	0.0000020000	0.0000158590	5.4843231658E-9	0.0000031317	2.8058837015E-10	12.600	33.400
6/8/2022	5:17 PM	0.0452602800	56.400	73.000	75.000	0.0000020000	0.0000158657	6.8593510869E-9	0.0000031370	9.3794980865E-10	12.600	33.400
6/8/2022	5:18 PM	0.0502892000	56.400	73.000	75.000	0.0000020000	0.0000158588	5.8232737932E-9	0.0000031354	3.8708286934E-10	12.600	33.400
6/8/2022	5:18 PM	0.0553181200	56.400	73.000	75.000	0.0000020000	0.0000158487	6.2150740635E-9	0.0000031170	5.8309518948E-10	12.600	33.400
6/8/2022	5:19 PM	0.0603470400	56.400	73.000	74.999	0.0000020000	0.0000158643	6.6930022120E-9	0.0000031256	7.2559935005E-10	12.600	33.400
6/8/2022	5:20 PM	0.0653759600	56.400	73.000	75.001	0.0000020000	0.0000158547	5.2619862158E-9	0.0000031379	9.0471787406E-10	12.600	33.400
6/8/2022	5:20 PM	0.0704048800	56.400	73.000	74.999	0.0000020000	0.0000158671	5.0547674495E-9	0.0000031255	3.7742546282E-10	12.600	33.400
6/8/2022	5:21 PM	0.0754338000	56.400	73.000	75.001	0.0000020000	0.0000158562	6.8077668516E-9	0.0000031262	4.9154759474E-10	12.600	33.400
6/8/2022	5:22 PM	0.0804627200	56.400	73.000	75.000	0.0000020000	0.0000158623	7.8890306252E-9	0.0000031144	1.1238369250E-9	12.600	33.400
6/8/2022	5:22 PM	0.0854916400	56.400	73.000	75.000	0.0000020000	0.0000158694	5.3380821988E-9	0.0000031319	3.2360679775E-10	12.600	33.400
6/8/2022	5:23 PM	0.0905205600	56.400	73.000	75.000	0.0000020000	0.0000158669	3.7277135130E-9	0.0000031143	6.6571333342E-10	12.600	33.300
6/8/2022	5:24 PM	0.0955494800	56.400	73.000	75.000	0.0000020000	0.0000158671	6.1700482305E-9	0.0000031303	4.3870225316E-10	12.600	33.400
6/8/2022	5:24 PM	0.1005784000	56.400	73.000	75.000	0.0000020000	0.0000158716	4.2209388894E-9	0.0000031219	1.8708286934E-10	12.600	33.400
6/8/2022	5:25 PM	0.1056073200	56.400	73.000	75.000	0.0000020000	0.0000158639	5.4950726663E-9	0.0000031306	1.6851063032E-9	12.600	33.300
6/8/2022	5:26 PM	0.1093790100	56.400	73.000	75.000	0.0000020000	0.0000158617	5.3477048584E-9	0.0000031328	6.3066409390E-10	12.600	33.400
6/8/2022	5:26 PM	0.1144079300	56.400	73.000	75.000	0.0000020000	0.0000158621	3.7611013420E-9	0.0000031284	2.9154759474E-10	12.600	33.300
6/8/2022	5:27 PM	0.1194368500	56.400	73.000	75.000	0.0000020000	0.0000158582	7.4581152090E-9	0.0000031155	8.3143694192E-10	12.600	33.400
6/8/2022	5:28 PM	0.1244657700	56.400	73.000	75.000	0.0000020000	0.0000158704	4.5002999989E-9	0.0000031280	7.3851648071E-10	12.600	33.400
6/8/2022	5:28 PM	0.1294946900	56.400	73.000	75.000	0.0000020000	0.0000158620	4.1888404306E-9	0.0000031215	2.0000000000E-10	12.600	33.400
6/8/2022	5:29 PM	0.1345236100	56.400	73.000	75.000	0.0000020000	0.0000158724	4.9150418389E-9	0.0000030684	4.4707433816E-9	12.600	33.400
6/8/2022	5:29 PM	0.1395525300	56.400	73.000	75.000	0.0000020000	0.0000158651	5.1421499793E-9	0.0000031205	5.8615541191E-10	12.600	33.400
6/8/2022	5:30 PM	0.1445814500	56.400	73.000	75.000	0.0000020000	0.0000158695	3.5637335471E-9	0.0000031031	1.8737478573E-9	12.600	33.400
6/8/2022	5:31 PM	0.1496103700	56.400	73.000	75.001	0.0000020000	0.0000158642	5.1411751014E-9	0.0000031270	1.0704286871E-9	12.600	33.400
6/8/2022	5:31 PM	0.1546392900	56.400	73.000	75.000	0.0000020000	0.0000158617	6.7881172691E-9	0.0000031295	6.0620192023E-10	12.600	33.400
6/8/2022	5:32 PM	0.1596682100	56.400	73.000	75.000	0.0000020000	0.0000158618	3.1266860893E-9	0.0000031426	1.1201414667E-9	12.600	33.400
6/8/2022	5:33 PM	0.1646971300	56.400	73.000	75.000	0.0000020000	0.0000158689	4.7456457667E-9	0.0000031101	1.1784100912E-9	12.600	33.400
6/8/2022	5:33 PM	0.1697260500	56.400	73.000	75.000	0.0000020000	0.0000158798	6.0469654701E-9	0.0000031303	7.2166385809E-10	12.600	33.400
6/8/2022	5:34 PM	0.1747549700	56.400	73.000	75.000	0.0000020000	0.0000158672	7.3244441309E-9	0.0000031299	5.2867640737E-10	12.600	33.400
6/8/2022	5:35 PM	0.1797838900	56.400	73.000	75.000	0.0000020000	0.0000158577	5.7124049314E-9	0.0000031187	5.8309518948E-10	12.600	33.400
6/8/2022	5:35 PM	0.1848128100	56.400	73.000	74.999	0.0000020000	0.0000158726	5.5259896884E-9	0.0000030638	4.6392836013E-9	12.600	33.400
6/8/2022	5:36 PM	0.1898417300	56.400	73.000	75.000	0.0000020000	0.0000158646	8.3350154950E-9	0.0000031317	2.2247448714E-10	12.600	33.400
6/8/2022	5:37 PM	0.1948706500	56.400	73.000	75.000	0.0000020000	0.0000158545	5.3663980383E-9	0.0000037428	4.0845493226E-9	12.600	33.400
6/8/2022	5:37 PM	0.1998995700	56.400	73.000	75.000	0.0000020000	0.0000158604	7.5172364065E-9	0.0000037764	7.5355339059E-10	12.600	33.400
6/8/2022	5:38 PM	0.2049284900	56.400	73.000	75.000	0.0000020000	0.0000158471	5.6251981089E-9	0.0000037909	3.8708286934E-10	12.600	33.400
6/8/2022	5:39 PM	0.2099574100	56.400	73.000	74.999	0.0000020000	0.0000158577	7.0113440523E-9	0.0000037869	7.6923276251E-10	12.600	33.400
6/8/2022	5:39 PM	0.2149863300	56.400	73.000	75.000	0.0000020000	0.0000158649	5.1970968215E-9	0.0000037933	8.5040782741E-10	12.600	33.400
6/8/2022	5:40 PM	0.2200152500	56.400	73.000	75.000	0.0000020000	0.0000158514	5.3044848678E-9	0.0000037848	8.3110438619E-10	12.600	33.400
6/8/2022	5:41 PM	0.2250441700	56.400	73.000	75.000	0.0000020000	0.0000158517	3.0824464249E-9	0.0000037982	9.7628963278E-10	12.600	33.400
6/8/2022	5:41 PM	0.2300730900	56.400	73.000	75.001	0.0000020000	0.0000158572	8.1074916606E-9	0.0000037880	3.2247448714E-10	12.600	33.400
6/8/2022	5:42 PM	0.2351020100	56.400	73.000	75.000	0.0000020000	0.0000158524	8.7962794050E-9	0.0000037960	6.2911671436E-10	12.600	33.400
6/8/2022	5:43 PM	0.2401309300	56.400	73.000	74.999	0.0000020000	0.0000158548	3.6354764491E-9	0.0000037912	3.0955735648E-10	12.600	33.400
6/8/2022	5:43 PM	0.2451598500	56.400	73.000	75.001	0.0000020000	0.0000158545	1.8388405741E-9	0.0000037932	6.8506723903E-10	12.600	33.400
6/8/2022	5:44 PM	0.2501887700	56.400	73.000	75.001	0.0000020000	0.0000158595	8.8228622293E-9	0.0000037848	6.9256219969E-10	12.600	33.400
6/8/2022	5:45 PM	0.2451598500	56.400	73.000	75.000	0.0000020000	0.0000158579	4.9844726535E-9	0.0000037912	8.3631818358E-10	12.600	33.400
6/8/2022	5:45 PM	0.2401309300	56.400	73.000	75.000	0.0000020000	0.0000158587	5.9317498631E-9	0.0000037972	5.6431580324E-10	12.600	33.400
6/8/2022	5:46 PM	0.2351020100	56.400	73.000	75.000	0.0000020000	0.0000158701	6.5018743991E-9	0.0000037862	5.9328478957E-10	12.600	33.400
6/8/2022	5:47 PM	0.2300730900	56.400	73.000	75.000	0.0000020000	0.0000158567	4.5930842142E-9	0.0000037692	1.9274335267E-9	12.600	33.400
6/8/2022	5:47 PM	0.2250441700	56.400	73.000	74.999	0.0000020000	0.0000158586	5.5786343509E-9	0.0000037997	2.8708286934E-10	12.600	33.400
6/8/2022	5:48 PM	0.2200152500	56.400	73.000	75.000	0.0000020000	0.0000158391	5.2583557518E-9	0.0000037891	6.5372306110E-10	12.600	33.400
6/8/2022	5:49 PM	0.2149863300	56.400	73.000	75.000	0.0000020000	0.0000158530	5.6965362931E-9	0.0000037657	2.3807098760E-9	12.600	33.400
6/8/2022	5:49 PM	0.2099574100	56.400	73.000	75.000	0.0000020000	0.0000158589	6.1784216730E-9	0.0000037846	6.5076379411E-10	12.600	33.400
6/8/2022	5:50 PM	0.2049284900	56.400	73.000	75.000	0.0000020000	0.0000158520	4.9481161976E-9	0.0000037713	1.1022703843E-9	12.600	33.400
6/8/2022	5:50 PM	0.1998995700	56.400	73.000	75.000	0.0000020000	0.0000158689	4.5110060045E-9	0.0000037984	1.3601700252E-9	12.600	33.400
6/8/2022	5:51 PM	0.1948706500	0.900	73.000	75.000	0.0000020000	0.0000158534	6.5813740366E-9	0.0000037864	4.1622776602E-10	12.600	33.400
6/8/2022	5:52 PM	0.1898417300	56.400	73.000	75.000	0.0000020000	0.0000158561	5.4967876199E-9	0.0000038037	1.1551907063E-9	12.600	33.400
6/8/2022	5:52 PM	0.1848128100	56.400	73.000	75.000	0.0000020000	0.0000158621	5.9195828607E-9	0.0000037927	3.5495097568E-10	12.600	33.300
6/8/2022	5:53 PM	0.1797838900	56.400	73.000	75.000	0.0000020000	0.0000158563	5.2734050913E-9	0.0000037757	1.2993347167E-9	12.600	33.400
6/8/2022	5:54 PM	0.1747549700	56.400	73.000	75.000	0.0000020000	0.0000158622	7.5351074614E-9	0.0000037785	5.7416573868E-10	12.600	33.400
6/8/2022	5:54 PM	0.1697260500	56.400	73.000	75.000	0.0000020000	0.0000158666	6.6716938045E-9	0.0000037789	6.3851648071E-10	12.600	33.400
6/8/2022	5:55 PM	0.1646971300	56.400	73.000	75.000	0.0000020000	0.0000158632	7.5312731875E-9	0.0000037684	9.5726092816E-10	12.600	33.400
6/8/2022	5:56 PM	0.1596682100	56.400	73.000	75.000	0.0000020000	0.0000158433	4.7764262585E-9	0.0000037982	8.0756655164E-10	12.600	33.400
6/8/2022	5:56 PM	0.1546392900	56.400	73.000	75.000	0.0000020000	0.0000158504	7.6522155158E-9	0.0000037807	1.1536605596E-9	12.600	33.400
6/8/2022	5:57 PM	0.1496103700	56.400	73.000	75.000	0.0000020000	0.0000158593	4.6815060544E-9	0.0000037799	4.5413696617E-10	12.600	33.400
6/8/2022	5:58 PM	0.1445814500	56.400	73.000	75.000	0.0000020000	0.0000158491	4.0650977813E-9	0.0000038015	1.6547905862E-9	12.600	33.400
6/8/2022	5:58 PM	0.1395525300	56.400	73.000	75.000	0.0000020000	0.0000158674	5.1496721976E-9	0.0000037882	1.1904367212E-9	12.600	33.400
6/8/2022	5:59 PM	0.1345236100	56.400	73.000	75.000	0.0000020000	0.0000158773	6.0726828294E-9	0.0000037908	2.0000000000E-10	12.600	33.400
6/8/2022	6:00 PM	0.1294946900	56.400	73.000	75.000	0.0000020000	0.0000158496	1.0075902444E-8	0.0000037851	4.5355339059E-10	12.600	33.400
6/8/2022	6:00 PM	0.1244657700	56.400	73.000	74.999	0.0000020000	0.0000158473	6.5498741046E-9	0.0000038034	7.6588924377E-10	12.600	33.400
6/8/2022	6:01 PM	0.1194368500	56.400	73.000	74.999	0.0000020000	0.0000158563	7.0615054695E-9	0.0000037985	8.2739529308E-10	12.600	33.400
6/8/2022	6:02 PM	0.1144079300	56.400	73.000	75.000	0.0000020000	0.0000158608	5.1593044900E-9	0.0000037975	5.8708286934E-10	12.600	33.400
6/8/2022	6:02 PM	0.1093790100	56.400	73.000	74.999	0.0000020000	0.0000158561	6.5566904036E-9	0.0000037873	2.2247448714E-10	12.600	33.400
6/8/2022	6:03 PM	0.1056073200	56.400	73.000	75.000	0.0000020000	0.0000158651	4.7645562430E-9	0.0000037876	2.9154759474E-10	12.600	33.400
6/8/2022	6:03 PM	0.1005784000	56.400	73.000	75.000	0.0000020000	0.0000158666	6.9687068626E-9	0.0000037894	6.6571333342E-10	12.600	33.400
6/8/2022	6:04 PM	0.0955494800	56.400	73.000	75.000	0.0000020000	0.0000158656	3.9673867160E-9	0.0000037872	6.5495097568E-10	12.600	33.400
6/8/2022	6:05 PM	0.0905205600	56.400	73.000	75.000	0.0000020000	0.0000158599	4.0136878862E-9	0.0000037907	6.9908594045E-10	12.600	33.400
6/8/2022	6:05 PM	0.0854916400	56.400	73.000	75.000	0.0000020000	0.0000158523	6.4969284243E-9	0.0000037769	7.6278691088E-10	12.600	33.400
6/8/2022	6:06 PM	0.0804627200	56.400	73.000	75.000	0.0000020000	0.0000158616	7.5267318942E-9	0.0000037928	2.0000000000E-10	12.600	33.400
6/8/2022	6:07 PM	0.0754338000	56.400	73.000	75.001	0.0000020000	0.0000158525	6.7553388707E-9	0.0000037909	8.1463705692E-10	12.600	33.400
6/8/2022	6:07 PM	0.0704048800	56.400	73.000	75.001	0.0000020000	0.0000158562	3.6546697181E-9	0.0000037931	4.5355339059E-10	12.600	33.400
6/8/2022	6:08 PM	0.0653759600	56.400	73.000	75.000	0.0000020000	0.0000158558	7.1810588133E-9	0.0000037765	1.0374906967E-9	12.600	33.400
6/8/2022	6:09 PM	0.0603470400	56.400	73.000	75.000	0.0000020000	0.0000158637	8.4049182116E-9	0.0000037695	1.3362556821E-9	12.600	33.400
6/8/2022	6:09 PM	0.0553181200	56.400	73.000	75.001	0.0000020000	0.0000158691	6.0055328154E-9	0.0000037793	2.5495097568E-10	12.600	33.400
6/8/2022	6:10 PM	0.0502892000	56.400	73.000	75.000	0.0000020000	0.0000158743	7.8389419092E-9	0.0000037864	7.1863190045E-10	12.600	33.400
6/8/2022	6:11 PM	0.0452602800	56.400	73.000	75.000	0.0000020000	0.0000158658	3.7855545841E-9	0.0000037833	3.4608128489E-10	12.600	33.400
6/8/2022	6:11 PM	0.0402313600	56.400	73.000	75.000	0.0000020000	0.0000158740	4.7067686946E-9	0.0000037809	9.4346783526E-10	12.600	33.400
6/8/2022	6:12 PM	0.0352024400	56.400	73.000	75.000	0.0000020000	0.0000158597	5.3119246333E-9	0.0000037899	4.0000000000E-10	12.600	33.400
6/8/2022	6:13 PM	0.0301735200	56.400	73.000	75.000	0.0000020000	0.0000158622	7.2129216593E-9	0.0000037912	1.3919772427E-9	12.600	33.400
6/8/2022	6:13 PM	0.0251446000	56.400	73.000	74.999	0.0000020000	0.0000158631	3.9790384698E-9	0.0000037945	1.0444293616E-9	12.600	33.400
6/8/2022	6:14 PM	0.0201156800	54.200	73.000	75.000	0.0000020000	0.0000158534	5.4616170852E-9	0.0000037973	9.5012175500E-10	12.600	33.300
6/8/2022	6:15 PM	0.0150867600	54.200	73.000	75.000	0.0000020000	0.0000158683	4.0334448840E-9	0.0000037855	1.0704286871E-9	12.600	33.400
6/8/2022	6:15 PM	0.0100578400	54.200	73.000	74.999	0.0000020000	0.0000158608	7.0122143657E-9	0.0000037878	7.2771912927E-10	12.600	33.400
6/8/2022	6:16 PM	0.0050289200	54.200	73.000	75.000	0.0000020000	0.0000158666	5.6448090780E-9	0.0000037916	1.0000000000E-10	12.600	33.400
6/8/2022	6:16 PM	-0.0000000000	54.200	73.000	75.000	0.0000020000	0.0000158585	1.0789972439E-8	0.0000037766	1.2553666166E-9	12.600	33.400
6/8/2022	6:17 PM	-0.0050289200	54.200	73.000	75.000	0.0000020000	0.0000158726	5.2802785229E-9	0.0000037907	8.1723431537E-10	12.600	33.400
6/8/2022	6:18 PM	-0.0100578400	54.200	73.000	75.000	0.0000020000	0.0000158588	6.9384247184E-9	0.0000038016	1.0499728045E-9	12.600	33.400
6/8/2022	6:18 PM	-0.0150867600	54.200	73.000	75.000	0.0000020000	0.0000158508	4.0780295660E-9	0.0000037810	6.6099096785E-10	12.600	33.400
6/8/2022	6:19 PM	-0.0201156800	54.200	73.000	75.000	0.0000020000	0.0000158622	5.0211999327E-9	0.0000037811	6.9774951497E-10	12.600	33.400
6/8/2022	6:20 PM	-0.0251446000	54.200	73.000	75.000	0.0000020000	0.0000158759	5.2739104938E-9	0.0000037605	9.7258598040E-10	12.600	33.400
6/8/2022	6:20 PM	-0.0301735200	54.200	73.000	75.000	0.0000020000	0.0000158658	3.6266116779E-9	0.0000035131	7.2097685201E-10	12.600	33.300
6/8/2022	6:21 PM	-0.0352024400	54.200	73.000	74.999	0.0000020000	0.0000158748	8.2404683148E-9	0.0000032792	6.6571333342E-10	12.600	33.400
6/8/2022	6:22 PM	-0.0402313600	54.200	73.000	75.001	0.0000020000	0.0000158799	7.1201201746E-9	0.0000031843	1.4044253109E-9	12.600	33.400
6/8/2022	6:23 PM	-0.0452602800	54.200	73.000	75.000	0.0000020000	0.0000158857	5.3889169816E-9	0.0000031626	6.6099096785E-10	12.600	33.400
6/8/2022	6:23 PM	-0.0502892000	54.200	73.000	75.000	0.0000020000	0.0000158745	2.3069998096E-9	0.0000031513	4.1306485869E-10	12.600	33.400
6/8/2022	6:24 PM	-0.0553181200	54.200	73.000	75.000	0.0000020000	0.0000158689	4.9473351970E-9	0.0000031464	3.0955735648E-10	12.600	33.400
6/8/2022	6:24 PM	-0.0603470400	54.200	73.000	75.000	0.0000020000	0.0000158606	3.5295970299E-9	0.0000031389	6.9196779561E-10	12.600	33.400
6/8/2022	6:25 PM	-0.0653759600	54.200	73.000	75.000	0.0000020000	0.0000158578	6.0296268472E-9	0.0000031399	3.0955735648E-10	12.600	33.400
6/8/2022	6:26 PM	-0.0704048800	54.200	73.000	75.000	0.0000020000	0.0000158647	3.0095066702E-9	0.0000031254	1.2234076132E-9	12.600	33.400
6/8/2022	6:26 PM	-0.0754338000	54.200	73.000	74.999	0.0000020000	0.0000158625	6.2106023212E-9	0.0000031524	1.4382820889E-9	12.600	33.400
6/8/2022	6:27 PM	-0.0804627200	54.200	73.000	75.000	0.0000020000	0.0000158548	5.0750725837E-9	0.0000031206	1.5510259683E-9	12.600	33.400
6/8/2022	6:28 PM	-0.0854916400	54.200	73.000	75.000	0.0000020000	0.0000158632	3.5140351858E-9	0.0000031319	9.9386581434E-10	12.600	33.400
6/8/2022	6:28 PM	-0.0905205600	54.200	73.000	75.000	0.0000020000	0.0000158793	5.9839455131E-9	0.0000031381	6.3851648071E-10	12.600	33.400
6/8/2022	6:29 PM	-0.0955494800	54.200	73.000	75.000	0.0000020000	0.0000158497	6.9529794823E-9	0.0000031474	1.0770329614E-9	12.600	33.400
6/8/2022	6:30 PM	-0.1005784000	54.200	73.000	75.001	0.0000020000	0.0000158642	9.2268462973E-9	0.0000031338	2.2247448714E-10	12.600	33.400
6/8/2022	6:30 PM	-0.1056073200	54.200	73.000	75.000	0.0000020000	0.0000158690	7.6879509897E-9	0.0000031141	1.0841646071E-9	12.600	33.400
6/8/2022	6:31 PM	-0.1093790100	54.200	73.000	75.000	0.0000020000	0.0000158632	8.0344998790E-9	0.0000031463	9.4425345123E-10	12.600	33.400
6/8/2022	6:32 PM	-0.1144079300	54.200	73.000	75.000	0.0000020000	0.0000158514	4.6795066907E-9	0.0000031398	3.0000000000E-10	12.600	33.400
6/8/2022	6:32 PM	-0.1194368500	54.200	73.000	75.001	0.0000020000	0.0000158486	5.7606371152E-9	0.0000031177	6.5632839974E-10	12.600	33.400
6/8/2022	6:33 PM	-0.1244657700	54.200	73.000	74.999	0.0000020000	0.0000158540	4.6691821167E-9	0.0000031190	4.6159098630E-10	12.600	33.400
6/8/2022	6:34 PM	-0.1294946900	54.200	73.000	75.000	0.0000020000	0.0000158663	3.0301365316E-9	0.0000031172	7.8880488828E-10	12.600	33.300
6/8/2022	6:34 PM	-0.1345236100	54.200	73.000	75.000	0.0000020000	0.0000158698	6.2296629886E-9	0.0000031284	1.7127252074E-8	12.600	33.400
6/8/2022	6:35 PM	-0.1395525300	54.200	73.000	75.000	0.0000020000	0.0000158541	4.8740124865E-9	0.0000031254	1.1039933485E-9	12.600	33.400
6/8/2022	6:36 PM	-0.1445814500	54.200	73.000	74.999	0.0000020000	0.0000158548	5.5028038404E-9	0.0000030950	2.4697240688E-9	12.600	33.400
6/8/2022	6:36 PM	-0.1496103700	54.200	73.000	75.000	0.0000020000	0.0000158411	5.0057040329E-9	0.0000031372	1.7364313358E-9	12.600	33.400
6/8/2022	6:37 PM	-0.1546392900	54.200	73.000	75.000	0.0000020000	0.0000158732	6.0474019786E-9	0.0000031026	1.6446120435E-9	12.600	33.400
6/8/2022	6:37 PM	-0.1596682100	54.200	73.000	75.000	0.0000020000	0.0000158551	4.6114638851E-9	0.0000031289	6.8506723903E-10	12.600	33.300
6/8/2022	6:38 PM	-0.1646971300	54.200	73.000	74.999	0.0000020000	0.0000158686	6.5905832645E-9	0.0000031207	2.5495097568E-10	12.600	33.400
6/8/2022	6:39 PM	-0.1697260500	54.200	73.000	75.000	0.0000020000	0.0000158766	5.6302150782E-9	0.0000031211	5.4649857042E-10	12.600	33.400
6/8/2022	6:39 PM	-0.1747549700	54.200	73.000	75.000	0.0000020000	0.0000158622	5.1834715667E-9	0.0000031330	1.0444293616E-9	12.600	33.400
6/8/2022	6:40 PM	-0.1797838900	54.200	73.000	75.000	0.0000020000	0.0000158517	6.1934965137E-9	0.0000031295	2.0000000000E-10	12.600	33.300
6/8/2022	6:41 PM	-0.1848128100	54.200	73.000	75.000	0.0000020000	0.0000158730	4.5752248304E-9	0.0000031117	8.9707115638E-10	12.600	33.400
6/8/2022	6:41 PM	-0.1898417300	54.200	73.000	75.000	0.0000020000	0.0000158734	4.3071037261E-9	0.0000031287	5.2619936849E-10	12.600	33.400
6/8/2022	6:42 PM	-0.1948706500	54.200	73.000	75.000	0.0000020000	0.0000158507	4.8742581390E-9	0.0000031406	5.7434164903E-10	12.600	33.400
6/8/2022	6:43 PM	-0.1998995700	54.200	73.000	75.000	0.0000020000	0.0000158298	2.3063084897E-9	0.0000031288	2.8058837015E-10	12.600	33.400
6/8/2022	6:43 PM	-0.2049284900	54.200	73.000	75.000	0.0000020000	0.0000158755	5.1877771963E-9	0.0000031260	3.2247448714E-10	12.600	33.400
6/8/2022	6:44 PM	-0.2099574100	0.900	73.000	75.000	0.0000020000	0.0000158382	9.3371313692E-9	0.0000031198	3.5495097568E-10	12.600	33.300
6/8/2022	6:45 PM	-0.2149863300	54.200	73.000	75.000	0.0000020000	0.0000158655	4.0838372724E-9	0.0000031242	2.0000000000E-10	12.600	33.400
6/8/2022	6:45 PM	-0.2200152500	54.200	73.000	75.000	0.0000020000	0.0000158576	7.0964390495E-9	0.0000031192	3.8708286934E-10	12.600	33.400
6/8/2022	6:46 PM	-0.2250441700	54.200	73.000	75.000	0.0000020000	0.0000158607	7.7851669381E-9	0.0000031126	5.1515439249E-10	12.600	33.400
6/8/2022	6:47 PM	-0.2300730900	54.200	73.000	75.000	0.0000020000	0.0000158601	4.7667247490E-9	0.0000031128	1.4589071543E-9	12.600	33.400
6/8/2022	6:47 PM	-0.2351020100	54.200	73.000	75.000	0.0000020000	0.0000158526	6.4264990411E-9	0.0000031148	1.1535533906E-9	12.600	33.400
6/8/2022	6:48 PM	-0.2401309300	54.200	73.000	75.001	0.0000020000	0.0000158731	4.3534592692E-9	0.0000031243	6.3011626335E-10	12.600	33.400
6/8/2022	6:49 PM	-0.2451598500	54.200	73.000	75.000	0.0000020000	0.0000158450	7.9843530819E-9	0.0000031243	8.9707115638E-10	12.600	33.400
