! User Name:	Aditya
! Sample Name:	FGT_CPS_device_2_PF_M1T_90m
! Sample ID:	FGT/CrPS4
! Date:	6/8/2022	Time:	1:31 AM
! Current Source:	Keithley 224 Current Source
! Voltmeter V1:	Keithley 182 Degital voltmeter
! Voltmeter V2:	Keithley 2182A  NanoVoltmeter
! V1 (volts):	Rxx  Device 1
! V2 (volts):	Rxy Device 1
! Max Field (Tesla):0.250000	! Data points (0_maxT:50.000000	! Average Number:5.000000	
! Comments:	FGT/CrPS4 device was made in glove using flaking and dry transfering of flakes. 
! 
! 
! 
! 
Data	Time	Magnetic Field (T)	Helium Level (%)	VTI Temperature (K)	Sample Temparture (K)	Current (A) 	Voltage-1(V)	Std. of V1	Voltage-2 (V)	Std. of V2	VTI  Heater Power (%)	Sample Heater Power (%)
6/8/2022	1:33 AM	-0.2501887700	52.000	52.780	54.994	0.0000010000	0.0000079729	9.8302788041E-9	0.0000015917	6.8309518948E-10	6.700	27.800
6/8/2022	1:34 AM	-0.2451598500	100.100	78.000	80.000	0.0000010000	0.0000079657	4.8163695590E-9	0.0000015907	6.8476798574E-10	13.200	34.600
6/8/2022	1:35 AM	-0.2401309300	100.100	78.000	80.000	0.0000010000	0.0000079642	5.4850165695E-9	0.0000016070	7.2048368230E-10	13.200	34.600
6/8/2022	1:36 AM	-0.2351020100	100.100	78.000	80.000	0.0000010000	0.0000079700	6.8606469992E-9	0.0000015992	8.9206987131E-10	13.200	34.600
6/8/2022	1:37 AM	-0.2300730900	100.100	78.000	80.000	0.0000010000	0.0000079641	3.3113708955E-9	0.0000016098	9.3186001849E-10	13.200	34.600
6/8/2022	1:37 AM	-0.2250441700	100.100	78.000	80.000	0.0000010000	0.0000079614	7.6006699776E-9	0.0000015928	5.3851648071E-10	13.200	34.600
6/8/2022	1:38 AM	-0.2200152500	100.100	78.000	80.000	0.0000010000	0.0000079679	6.9302195782E-9	0.0000016013	1.2247448714E-10	13.200	34.600
6/8/2022	1:39 AM	-0.2149863300	100.100	78.000	80.001	0.0000010000	0.0000079703	5.0146797418E-9	0.0000015482	4.1963974107E-9	13.200	34.600
6/8/2022	1:39 AM	-0.2099574100	100.100	78.000	79.999	0.0000010000	0.0000079649	6.8412588980E-9	0.0000016024	6.6115289591E-10	13.200	34.600
6/8/2022	1:40 AM	-0.2049284900	100.100	78.000	80.000	0.0000010000	0.0000079613	7.4710319231E-9	0.0000015974	1.1590001630E-9	13.200	34.700
6/8/2022	1:41 AM	-0.1998995700	100.100	78.000	80.000	0.0000010000	0.0000079785	7.2939923341E-9	0.0000015925	6.1719913269E-10	13.200	34.600
6/8/2022	1:41 AM	-0.1948706500	100.100	78.000	80.000	0.0000010000	0.0000079817	6.5947811064E-9	0.0000015991	8.4010949186E-10	13.200	34.600
6/8/2022	1:42 AM	-0.1898417300	100.100	78.000	80.000	0.0000010000	0.0000079692	5.5947835015E-9	0.0000016044	4.5355339059E-10	13.200	34.600
6/8/2022	1:42 AM	-0.1848128100	100.100	78.000	80.000	0.0000010000	0.0000079737	5.3676948422E-9	0.0000015993	1.8926330475E-8	13.200	34.600
6/8/2022	1:43 AM	-0.1797838900	100.100	78.000	80.000	0.0000010000	0.0000079702	8.3067660421E-9	0.0000016067	5.6968808264E-10	13.200	34.600
6/8/2022	1:44 AM	-0.1747549700	100.100	78.000	80.000	0.0000010000	0.0000079768	9.5816897845E-9	0.0000015359	4.6028399926E-9	13.200	34.600
6/8/2022	1:44 AM	-0.1697260500	100.100	78.000	80.000	0.0000010000	0.0000079570	6.3939943151E-9	0.0000015943	5.9681613616E-10	13.200	34.600
6/8/2022	1:45 AM	-0.1646971300	100.100	78.000	80.000	0.0000010000	0.0000079650	7.8834656788E-9	0.0000015515	4.6793374432E-9	13.200	34.600
6/8/2022	1:46 AM	-0.1596682100	100.100	78.000	79.999	0.0000010000	0.0000079655	7.3067956894E-9	0.0000016127	7.0415229868E-10	13.200	34.600
6/8/2022	1:46 AM	-0.1546392900	100.100	78.000	80.001	0.0000010000	0.0000079637	5.8273162008E-9	0.0000015987	1.5385164807E-9	13.200	34.600
6/8/2022	1:47 AM	-0.1496103700	100.100	78.000	79.999	0.0000010000	0.0000079689	6.0673917102E-9	0.0000015935	1.0147301372E-9	13.200	34.600
6/8/2022	1:48 AM	-0.1445814500	100.100	78.000	79.999	0.0000010000	0.0000079695	6.1326165031E-9	0.0000016033	1.2247448714E-10	13.200	34.600
6/8/2022	1:48 AM	-0.1395525300	100.100	78.000	79.999	0.0000010000	0.0000079727	7.3768775908E-9	0.0000015934	5.1515439249E-10	13.200	34.600
6/8/2022	1:49 AM	-0.1345236100	100.100	78.000	80.000	0.0000010000	0.0000079652	4.4054399168E-9	0.0000015973	1.3516648189E-9	13.200	34.500
6/8/2022	1:49 AM	-0.1294946900	100.100	78.000	80.000	0.0000010000	0.0000079863	6.6314696373E-9	0.0000015983	8.5893372442E-10	13.200	34.600
6/8/2022	1:50 AM	-0.1244657700	100.100	78.000	80.001	0.0000010000	0.0000079674	5.2392547426E-9	0.0000016096	4.9154759474E-10	13.200	34.600
6/8/2022	1:51 AM	-0.1194368500	100.100	78.000	79.999	0.0000010000	0.0000079718	6.7288480696E-9	0.0000016113	8.6023252670E-10	13.200	34.600
6/8/2022	1:51 AM	-0.1144079300	100.100	78.000	80.000	0.0000010000	0.0000079690	8.9367318809E-9	0.0000015958	1.1964379091E-9	13.200	34.600
6/8/2022	1:52 AM	-0.1093790100	100.100	78.000	80.001	0.0000010000	0.0000079565	6.2184754347E-9	0.0000016086	4.1402208188E-10	13.200	34.500
6/8/2022	1:53 AM	-0.1056073200	100.100	78.000	79.998	0.0000010000	0.0000079763	8.5765870014E-9	0.0000015942	9.3186001849E-10	13.200	34.600
6/8/2022	1:53 AM	-0.1005784000	100.100	78.000	80.000	0.0000010000	0.0000079641	1.1611507595E-8	0.0000015930	9.5166481892E-10	13.200	34.600
6/8/2022	1:54 AM	-0.0955494800	100.100	78.000	80.001	0.0000010000	0.0000079554	7.1879562977E-9	0.0000016061	7.2559935005E-10	13.200	34.600
6/8/2022	1:55 AM	-0.0905205600	100.100	78.000	80.000	0.0000010000	0.0000079798	4.7712734420E-9	0.0000015843	1.1198039027E-9	13.200	34.600
6/8/2022	1:55 AM	-0.0854916400	100.100	78.000	80.000	0.0000010000	0.0000079856	6.7211638550E-9	0.0000016019	5.4063625993E-10	13.200	34.600
6/8/2022	1:56 AM	-0.0804627200	100.100	78.000	80.000	0.0000010000	0.0000079780	4.9120989051E-9	0.0000015937	9.3802257380E-10	13.200	34.600
6/8/2022	1:57 AM	-0.0754338000	100.100	78.000	79.999	0.0000010000	0.0000079634	5.0639224083E-9	0.0000016032	4.0620192023E-10	13.200	34.600
6/8/2022	1:57 AM	-0.0704048800	100.100	78.000	80.001	0.0000010000	0.0000079662	5.6193234714E-9	0.0000016000	5.7716018834E-10	13.200	34.600
6/8/2022	1:58 AM	-0.0653759600	100.100	78.000	80.001	0.0000010000	0.0000079590	9.0965030962E-9	0.0000015927	5.0620192023E-10	13.200	34.600
6/8/2022	1:58 AM	-0.0603470400	0.900	78.000	80.000	0.0000010000	0.0000079658	8.4656462818E-9	0.0000016038	5.5355339059E-10	13.200	34.600
6/8/2022	1:59 AM	-0.0553181200	100.100	78.000	79.999	0.0000010000	0.0000079640	6.6900707186E-9	0.0000015922	5.7117874170E-10	13.200	34.600
6/8/2022	2:00 AM	-0.0502892000	100.100	78.000	79.999	0.0000010000	0.0000079767	4.0879302284E-9	0.0000016087	5.8476798574E-10	13.200	34.600
6/8/2022	2:00 AM	-0.0452602800	100.100	78.000	80.001	0.0000010000	0.0000079636	5.9277321179E-9	0.0000016011	3.0955735648E-10	13.200	34.600
6/8/2022	2:01 AM	-0.0402313600	100.100	78.000	80.000	0.0000010000	0.0000079699	6.5023813578E-9	0.0000015828	1.1086041933E-9	13.200	34.600
6/8/2022	2:02 AM	-0.0352024400	100.100	78.000	80.000	0.0000010000	0.0000079701	5.5471237434E-9	0.0000016021	8.2388448490E-10	13.200	34.600
6/8/2022	2:02 AM	-0.0301735200	100.100	78.000	80.000	0.0000010000	0.0000079592	8.2849059309E-9	0.0000016019	5.1515439249E-10	13.200	34.600
6/8/2022	2:03 AM	-0.0251446000	100.100	78.000	80.000	0.0000010000	0.0000079690	6.7504260949E-9	0.0000015402	5.2639697372E-9	13.200	34.600
6/8/2022	2:04 AM	-0.0201156800	100.100	78.000	80.000	0.0000010000	0.0000079837	7.0192192347E-9	0.0000015976	3.8708286934E-10	13.200	34.600
6/8/2022	2:04 AM	-0.0150867600	100.100	78.000	80.000	0.0000010000	0.0000079734	1.1448578247E-8	0.0000015368	4.8534062175E-9	13.200	34.600
6/8/2022	2:05 AM	-0.0100578400	100.100	78.000	80.000	0.0000010000	0.0000079645	3.7153275280E-9	0.0000015966	2.2247448714E-10	13.200	34.600
6/8/2022	2:06 AM	-0.0050289200	100.100	78.000	80.000	0.0000010000	0.0000079586	4.0807438472E-9	0.0000015502	4.6943227839E-9	13.200	34.600
6/8/2022	2:06 AM	0.0000000000	100.100	78.000	80.000	0.0000010000	0.0000079738	5.6989399661E-9	0.0000016032	3.0955735648E-10	13.200	34.600
6/8/2022	2:07 AM	0.0050289200	100.100	78.000	80.000	0.0000010000	0.0000079685	6.6328675977E-9	0.0000015911	6.5632839974E-10	13.200	34.600
6/8/2022	2:07 AM	0.0100578400	100.100	78.000	80.000	0.0000010000	0.0000079663	7.8149186186E-9	0.0000015890	5.2867640737E-10	13.200	34.500
6/8/2022	2:08 AM	0.0150867600	100.100	78.000	80.000	0.0000010000	0.0000079564	6.1877041210E-9	0.0000016009	1.0002039759E-9	13.200	34.600
6/8/2022	2:09 AM	0.0201156800	100.100	78.000	80.000	0.0000010000	0.0000079729	5.1212464937E-9	0.0000015986	8.6391922149E-10	13.200	34.600
6/8/2022	2:09 AM	0.0251446000	100.100	78.000	80.000	0.0000010000	0.0000079637	5.6660820897E-9	0.0000016026	1.5894147934E-9	13.200	34.600
6/8/2022	2:10 AM	0.0301735200	0.900	78.000	80.000	0.0000010000	0.0000079706	4.7803179376E-9	0.0000015947	6.1719913269E-10	13.200	34.600
6/8/2022	2:11 AM	0.0352024400	100.100	78.000	80.000	0.0000010000	0.0000079584	5.1846339861E-9	0.0000015938	6.6571333342E-10	13.200	34.600
6/8/2022	2:11 AM	0.0402313600	100.100	78.000	80.000	0.0000010000	0.0000079556	7.1428277363E-9	0.0000015885	6.9794844678E-10	13.200	34.600
6/8/2022	2:12 AM	0.0452602800	100.100	78.000	80.000	0.0000010000	0.0000079782	3.9797754862E-9	0.0000016136	1.1918747669E-9	13.200	34.600
6/8/2022	2:13 AM	0.0502892000	100.100	78.000	80.000	0.0000010000	0.0000079633	4.5336192021E-9	0.0000016042	3.7416573868E-10	13.200	34.600
6/8/2022	2:13 AM	0.0553181200	100.100	78.000	80.000	0.0000010000	0.0000079702	5.1741868174E-9	0.0000016133	8.6023252670E-10	13.200	34.600
6/8/2022	2:14 AM	0.0603470400	100.100	78.000	79.999	0.0000010000	0.0000079697	6.3998022534E-9	0.0000016031	4.9664022582E-10	13.200	34.600
6/8/2022	2:14 AM	0.0653759600	100.100	78.000	80.000	0.0000010000	0.0000079584	7.4785613137E-9	0.0000016044	1.8708286934E-10	13.200	34.600
6/8/2022	2:15 AM	0.0704048800	100.100	78.000	80.000	0.0000010000	0.0000079721	5.1632912398E-9	0.0000016050	9.3186001849E-10	13.200	34.600
6/8/2022	2:16 AM	0.0754338000	100.100	78.000	80.001	0.0000010000	0.0000079758	3.0317961697E-9	0.0000016128	8.9154759474E-10	13.200	34.600
6/8/2022	2:16 AM	0.0804627200	100.100	78.000	80.000	0.0000010000	0.0000079720	8.1566288047E-9	0.0000016025	9.3186001849E-10	13.200	34.500
6/8/2022	2:17 AM	0.0854916400	100.100	78.000	80.000	0.0000010000	0.0000079544	5.1982324109E-9	0.0000016094	1.0021974055E-9	13.200	34.600
6/8/2022	2:18 AM	0.0905205600	100.100	78.000	79.999	0.0000010000	0.0000079643	9.2246168505E-9	0.0000016054	6.5372306110E-10	13.200	34.600
6/8/2022	2:18 AM	0.0955494800	100.100	78.000	80.000	0.0000010000	0.0000079826	5.6905385441E-9	0.0000015830	1.4679596916E-9	13.200	34.600
6/8/2022	2:19 AM	0.1005784000	100.100	78.000	80.000	0.0000010000	0.0000079576	4.5832745496E-9	0.0000015891	9.5012175500E-10	13.200	34.600
6/8/2022	2:20 AM	0.1056073200	100.100	78.000	80.000	0.0000010000	0.0000079687	4.8347466970E-9	0.0000015940	6.9154759474E-10	13.200	34.600
6/8/2022	2:20 AM	0.1093790100	100.100	78.000	80.000	0.0000010000	0.0000079581	6.3749096962E-9	0.0000015927	9.7628963278E-10	13.200	34.600
6/8/2022	2:21 AM	0.1144079300	100.100	78.000	80.001	0.0000010000	0.0000079616	4.5327646714E-9	0.0000016035	3.9154759474E-10	13.200	34.600
6/8/2022	2:22 AM	0.1194368500	100.100	78.000	80.001	0.0000010000	0.0000079761	4.7977713936E-9	0.0000015835	1.0066157946E-9	13.200	34.600
6/8/2022	2:22 AM	0.1244657700	100.100	78.000	79.999	0.0000010000	0.0000079701	8.7653945758E-9	0.0000016003	5.0620192023E-10	13.200	34.600
6/8/2022	2:23 AM	0.1294946900	100.100	78.000	80.000	0.0000010000	0.0000079601	5.7138070349E-9	0.0000015962	1.1086041933E-9	13.200	34.600
6/8/2022	2:24 AM	0.1345236100	100.100	78.000	80.000	0.0000010000	0.0000079748	6.1584981445E-9	0.0000015589	4.8353383654E-9	13.200	34.600
6/8/2022	2:24 AM	0.1395525300	100.100	78.000	80.000	0.0000010000	0.0000079647	5.5233003257E-9	0.0000015944	3.8708286934E-10	13.200	34.600
6/8/2022	2:25 AM	0.1445814500	100.100	78.000	80.000	0.0000010000	0.0000079790	6.4094855829E-9	0.0000015988	3.4608128489E-10	13.200	34.600
6/8/2022	2:25 AM	0.1496103700	100.100	78.000	80.000	0.0000010000	0.0000079745	5.7504496593E-9	0.0000015903	9.3802257380E-10	13.200	34.600
6/8/2022	2:26 AM	0.1546392900	100.100	78.000	80.000	0.0000010000	0.0000079778	3.8744571753E-9	0.0000016003	8.3006407546E-10	13.200	34.600
6/8/2022	2:27 AM	0.1596682100	100.100	78.000	79.999	0.0000010000	0.0000079509	6.9801206103E-9	0.0000016121	8.9526339942E-10	13.200	34.600
6/8/2022	2:27 AM	0.1646971300	100.100	78.000	80.000	0.0000010000	0.0000079596	5.4825934435E-9	0.0000019182	3.8708286934E-10	13.200	34.600
6/8/2022	2:28 AM	0.1697260500	100.100	78.000	80.000	0.0000010000	0.0000079567	6.9209786182E-9	0.0000019326	7.6278691088E-10	13.200	34.600
6/8/2022	2:29 AM	0.1747549700	100.100	78.000	80.000	0.0000010000	0.0000079696	3.4402391445E-9	0.0000019367	6.5632839974E-10	13.200	34.600
6/8/2022	2:29 AM	0.1797838900	100.100	78.000	79.999	0.0000010000	0.0000079565	6.6538809827E-9	0.0000019398	8.1723431537E-10	13.200	34.600
6/8/2022	2:30 AM	0.1848128100	100.100	78.000	80.001	0.0000010000	0.0000079912	5.7122236223E-9	0.0000019305	3.7416573868E-10	13.200	34.600
6/8/2022	2:31 AM	0.1898417300	100.100	78.000	80.000	0.0000010000	0.0000079540	5.5925249036E-9	0.0000019272	4.6368092477E-10	13.200	34.600
6/8/2022	2:31 AM	0.1948706500	100.100	78.000	80.001	0.0000010000	0.0000079555	6.1328191723E-9	0.0000019389	9.1547532151E-10	13.200	34.600
6/8/2022	2:32 AM	0.1998995700	100.100	78.000	80.000	0.0000010000	0.0000079597	4.6585250936E-9	0.0000019359	2.2247448714E-10	13.200	34.600
6/8/2022	2:33 AM	0.2049284900	100.100	78.000	79.999	0.0000010000	0.0000079602	5.0218857981E-9	0.0000019091	1.8101965585E-9	13.200	34.600
6/8/2022	2:33 AM	0.2099574100	100.100	78.000	80.000	0.0000010000	0.0000079623	9.3808217829E-9	0.0000019296	1.0000000000E-10	13.200	34.600
6/8/2022	2:34 AM	0.2149863300	100.100	78.000	80.000	0.0000010000	0.0000079615	7.1209880343E-9	0.0000019279	3.4519675235E-10	13.200	34.600
6/8/2022	2:35 AM	0.2200152500	100.100	78.000	80.000	0.0000010000	0.0000079632	5.6791666582E-9	0.0000019279	4.9154759474E-10	13.200	34.600
6/8/2022	2:35 AM	0.2250441700	100.100	78.000	80.001	0.0000010000	0.0000079731	8.2928046018E-9	0.0000019360	9.2449979984E-10	13.200	34.600
6/8/2022	2:36 AM	0.2300730900	100.100	78.000	80.001	0.0000010000	0.0000079625	3.5729270697E-9	0.0000019257	2.5495097568E-10	13.200	34.600
6/8/2022	2:36 AM	0.2351020100	100.100	78.000	80.000	0.0000010000	0.0000079604	6.0595258174E-9	0.0000019219	9.3874768826E-10	13.200	34.600
6/8/2022	2:37 AM	0.2401309300	100.100	78.000	80.000	0.0000010000	0.0000079637	7.1463495039E-9	0.0000019238	4.1402208188E-10	13.200	34.600
6/8/2022	2:38 AM	0.2451598500	100.100	78.000	80.000	0.0000010000	0.0000079640	6.2983009968E-9	0.0000019308	1.3631610908E-9	13.200	34.600
6/8/2022	2:38 AM	0.2501887700	100.100	78.000	80.001	0.0000010000	0.0000079780	5.3785549369E-9	0.0000019174	1.3226588009E-9	13.200	34.600
6/8/2022	2:39 AM	0.2451598500	100.100	78.000	80.000	0.0000010000	0.0000079694	9.5132839155E-9	0.0000019354	1.0112939289E-9	13.200	34.600
6/8/2022	2:40 AM	0.2401309300	100.100	78.000	80.000	0.0000010000	0.0000079607	3.6526712822E-9	0.0000019358	9.9753483738E-10	13.200	34.600
6/8/2022	2:40 AM	0.2351020100	100.100	78.000	79.999	0.0000010000	0.0000079644	5.8121391404E-9	0.0000019219	2.0166669908E-8	13.200	34.600
6/8/2022	2:41 AM	0.2300730900	100.100	78.000	80.000	0.0000010000	0.0000079757	6.4377371619E-9	0.0000019152	4.7855777343E-10	13.200	34.600
6/8/2022	2:42 AM	0.2250441700	100.100	78.000	79.999	0.0000010000	0.0000079700	7.1624440317E-9	0.0000019249	1.8708286934E-10	13.200	34.600
6/8/2022	2:42 AM	0.2200152500	100.100	78.000	80.000	0.0000010000	0.0000079687	3.8259265302E-9	0.0000018575	5.6814006548E-9	13.200	34.600
6/8/2022	2:43 AM	0.2149863300	100.100	78.000	80.000	0.0000010000	0.0000079773	8.9043663484E-9	0.0000019367	8.9569989342E-10	13.200	34.600
6/8/2022	2:44 AM	0.2099574100	100.100	78.000	80.000	0.0000010000	0.0000079661	6.7805790262E-9	0.0000019468	1.4671062632E-9	13.200	34.600
6/8/2022	2:44 AM	0.2049284900	100.100	78.000	79.999	0.0000010000	0.0000079516	9.0716599734E-9	0.0000019257	3.0955735648E-10	13.200	34.600
6/8/2022	2:45 AM	0.1998995700	100.100	78.000	80.000	0.0000010000	0.0000079773	8.9776979313E-9	0.0000019214	2.0073812185E-9	13.200	34.600
6/8/2022	2:45 AM	0.1948706500	100.100	78.000	79.999	0.0000010000	0.0000079578	7.3214776822E-9	0.0000019247	4.1306485869E-10	13.200	34.600
6/8/2022	2:46 AM	0.1898417300	100.100	78.000	80.000	0.0000010000	0.0000079575	3.9750837407E-9	0.0000019425	1.2692089813E-9	13.200	34.600
6/8/2022	2:47 AM	0.1848128100	100.100	78.000	80.000	0.0000010000	0.0000079735	6.6376119350E-9	0.0000019413	8.5166481892E-10	13.200	34.600
6/8/2022	2:47 AM	0.1797838900	100.100	78.000	79.999	0.0000010000	0.0000079686	8.4044066856E-9	0.0000018841	4.0697366010E-9	13.200	34.600
6/8/2022	2:48 AM	0.1747549700	100.100	78.000	80.000	0.0000010000	0.0000079571	6.4124439699E-9	0.0000019253	3.0000000000E-10	13.200	34.600
6/8/2022	2:49 AM	0.1697260500	100.100	78.000	80.000	0.0000010000	0.0000079711	9.3071104375E-9	0.0000018737	4.5028399926E-9	13.200	34.600
6/8/2022	2:49 AM	0.1646971300	100.100	78.000	80.000	0.0000010000	0.0000079494	6.1301744012E-9	0.0000019301	5.5259075049E-10	13.200	34.600
6/8/2022	2:50 AM	0.1596682100	100.100	78.000	80.000	0.0000010000	0.0000079675	9.5229114474E-9	0.0000019261	1.0132114528E-9	13.200	34.600
6/8/2022	2:51 AM	0.1546392900	100.100	78.000	79.999	0.0000010000	0.0000079727	5.7456874912E-9	0.0000019292	1.2247448714E-10	13.200	34.600
6/8/2022	2:51 AM	0.1496103700	100.100	78.000	80.000	0.0000010000	0.0000079682	5.1177850335E-9	0.0000019119	1.5131489514E-9	13.200	34.600
6/8/2022	2:52 AM	0.1445814500	100.100	78.000	80.000	0.0000010000	0.0000079680	7.2342595053E-9	0.0000019240	2.2360679775E-10	13.200	34.600
6/8/2022	2:53 AM	0.1395525300	100.100	78.000	80.000	0.0000010000	0.0000079671	6.7363088013E-9	0.0000018789	5.1993707445E-9	13.200	34.600
6/8/2022	2:53 AM	0.1345236100	100.100	78.000	80.000	0.0000010000	0.0000079539	3.9423618996E-9	0.0000019351	3.8708286934E-10	13.200	34.600
6/8/2022	2:54 AM	0.1294946900	100.100	78.000	80.000	0.0000010000	0.0000079600	5.3698896187E-9	0.0000019269	6.3851648071E-10	13.200	34.600
6/8/2022	2:55 AM	0.1244657700	100.100	78.000	80.000	0.0000010000	0.0000079627	5.1228658295E-9	0.0000019404	8.6163530729E-10	13.200	34.600
6/8/2022	2:55 AM	0.1194368500	100.100	78.000	80.000	0.0000010000	0.0000079808	6.2184250047E-9	0.0000019184	1.4412956293E-9	13.200	34.600
6/8/2022	2:56 AM	0.1144079300	100.100	78.000	80.000	0.0000010000	0.0000079632	6.2812214273E-9	0.0000019204	1.0000000000E-10	13.200	34.600
6/8/2022	2:57 AM	0.1093790100	100.100	78.000	80.000	0.0000010000	0.0000079713	8.0605439945E-9	0.0000019136	8.0710678119E-10	13.200	34.600
6/8/2022	2:57 AM	0.1056073200	100.100	78.000	80.000	0.0000010000	0.0000079594	1.0391142855E-8	0.0000019125	1.2153457437E-9	13.200	34.600
6/8/2022	2:58 AM	0.1005784000	100.100	78.000	80.000	0.0000010000	0.0000079517	7.3530092611E-9	0.0000019191	1.3549900398E-9	13.200	34.600
6/8/2022	2:58 AM	0.0955494800	100.100	78.000	80.000	0.0000010000	0.0000079610	5.5207987841E-9	0.0000019265	4.0000000000E-10	13.200	34.600
6/8/2022	2:59 AM	0.0905205600	100.100	78.000	80.001	0.0000010000	0.0000079541	8.6417689764E-9	0.0000019284	3.2360679775E-10	13.200	34.600
6/8/2022	3:00 AM	0.0854916400	100.100	78.000	80.000	0.0000010000	0.0000079705	4.3265200334E-9	0.0000019222	7.2559935005E-10	13.200	34.600
6/8/2022	3:00 AM	0.0804627200	100.100	78.000	79.999	0.0000010000	0.0000079691	7.6377106211E-9	0.0000019413	1.0232844665E-9	13.200	34.600
6/8/2022	3:01 AM	0.0754338000	100.100	78.000	80.000	0.0000010000	0.0000079712	2.6274903388E-9	0.0000019304	4.1068966709E-10	13.200	34.600
6/8/2022	3:02 AM	0.0704048800	100.100	78.000	80.000	0.0000010000	0.0000079498	9.1429417213E-9	0.0000019339	3.2247448714E-10	13.200	34.600
6/8/2022	3:02 AM	0.0653759600	100.100	78.000	80.000	0.0000010000	0.0000079613	1.0182232083E-8	0.0000019129	1.9758497864E-9	13.200	34.600
6/8/2022	3:03 AM	0.0603470400	100.100	78.000	80.000	0.0000010000	0.0000079512	6.1461072496E-9	0.0000019264	3.8708286934E-10	13.200	34.600
6/8/2022	3:04 AM	0.0553181200	100.100	78.000	80.000	0.0000010000	0.0000079514	6.5622298935E-9	0.0000019318	2.5495097568E-10	13.200	34.600
6/8/2022	3:04 AM	0.0502892000	100.100	78.000	79.999	0.0000010000	0.0000079558	8.3201970268E-9	0.0000019186	8.3900310986E-10	13.200	34.600
6/8/2022	3:05 AM	0.0452602800	100.100	78.000	79.999	0.0000010000	0.0000079764	9.3563263426E-9	0.0000019170	1.4481309502E-9	13.200	34.600
6/8/2022	3:06 AM	0.0402313600	100.100	78.000	80.000	0.0000010000	0.0000079424	7.9505332134E-9	0.0000019233	2.2247448714E-10	13.200	34.600
6/8/2022	3:06 AM	0.0352024400	100.100	78.000	80.001	0.0000010000	0.0000079738	1.1041548226E-8	0.0000019346	2.9154759474E-10	13.200	34.600
6/8/2022	3:07 AM	0.0301735200	100.100	78.000	79.999	0.0000010000	0.0000079674	5.3302424676E-9	0.0000019220	9.3186001849E-10	13.200	34.600
6/8/2022	3:08 AM	0.0251446000	100.100	78.000	80.001	0.0000010000	0.0000079740	4.4350819570E-9	0.0000019312	5.6368092477E-10	13.200	34.600
6/8/2022	3:08 AM	0.0201156800	100.100	78.000	80.000	0.0000010000	0.0000079594	5.6329317462E-9	0.0000019170	1.0451906340E-9	13.200	34.600
6/8/2022	3:09 AM	0.0150867600	100.100	78.000	80.000	0.0000010000	0.0000079837	6.7216571988E-9	0.0000019214	4.8476798574E-10	13.200	34.600
6/8/2022	3:09 AM	0.0100578400	100.100	78.000	80.000	0.0000010000	0.0000079727	3.7777394908E-9	0.0000019238	5.9681613616E-10	13.200	34.600
6/8/2022	3:10 AM	0.0050289200	100.100	78.000	80.000	0.0000010000	0.0000079667	3.8060542185E-9	0.0000019322	4.1402208188E-10	13.200	34.600
6/8/2022	3:11 AM	-0.0000000000	100.100	78.000	80.000	0.0000010000	0.0000079792	6.5781788089E-9	0.0000019354	6.6099096785E-10	13.200	34.600
6/8/2022	3:11 AM	-0.0050289200	100.100	78.000	80.000	0.0000010000	0.0000079611	5.3295732826E-9	0.0000019355	3.9154759474E-10	13.200	34.600
6/8/2022	3:12 AM	-0.0100578400	100.100	78.000	80.000	0.0000010000	0.0000079778	8.6471129961E-9	0.0000019373	1.2018130065E-9	13.200	34.600
6/8/2022	3:13 AM	-0.0150867600	94.200	78.000	80.000	0.0000010000	0.0000079495	7.5228711859E-9	0.0000019359	4.0000000000E-10	13.200	34.600
6/8/2022	3:13 AM	-0.0201156800	94.200	78.000	80.000	0.0000010000	0.0000079651	4.7300697243E-9	0.0000019276	7.3350874911E-10	13.200	34.600
6/8/2022	3:14 AM	-0.0251446000	94.200	78.000	80.001	0.0000010000	0.0000079668	7.1280242830E-9	0.0000019138	6.3851648071E-10	13.200	34.600
6/8/2022	3:15 AM	-0.0301735200	94.200	78.000	80.000	0.0000010000	0.0000079676	4.5891890731E-9	0.0000017202	5.3227962169E-10	13.200	34.600
6/8/2022	3:15 AM	-0.0352024400	94.200	78.000	80.000	0.0000010000	0.0000079679	6.1136858654E-9	0.0000016808	1.0303087850E-9	13.200	34.600
6/8/2022	3:16 AM	-0.0402313600	94.200	78.000	80.000	0.0000010000	0.0000080044	4.6364127784E-9	0.0000015940	4.0882385351E-9	13.200	34.600
6/8/2022	3:17 AM	-0.0452602800	94.200	78.000	80.000	0.0000010000	0.0000079646	3.6035379517E-9	0.0000016153	4.1402208188E-10	13.200	34.700
6/8/2022	3:17 AM	-0.0502892000	94.200	78.000	80.000	0.0000010000	0.0000079671	7.5592542591E-9	0.0000016133	8.3110438619E-10	13.200	34.600
6/8/2022	3:18 AM	-0.0553181200	94.200	78.000	80.000	0.0000010000	0.0000079583	5.7696616611E-9	0.0000016045	2.8708286934E-10	13.200	34.600
6/8/2022	3:19 AM	-0.0603470400	94.200	78.000	80.001	0.0000010000	0.0000079737	6.4549686158E-9	0.0000016085	5.8309518948E-10	13.200	34.600
6/8/2022	3:19 AM	-0.0653759600	94.200	78.000	79.999	0.0000010000	0.0000079848	5.0615103440E-9	0.0000015964	1.8317279405E-9	13.200	34.600
6/8/2022	3:20 AM	-0.0704048800	94.200	78.000	79.999	0.0000010000	0.0000079758	7.0454699480E-9	0.0000016094	9.9386581434E-10	13.200	34.600
6/8/2022	3:21 AM	-0.0754338000	94.200	78.000	80.000	0.0000010000	0.0000079568	8.5235670916E-9	0.0000016093	5.0620192023E-10	13.200	34.600
6/8/2022	3:21 AM	-0.0804627200	94.200	78.000	80.000	0.0000010000	0.0000079664	6.3204626690E-9	0.0000016022	2.8058837015E-10	13.200	34.600
6/8/2022	3:22 AM	-0.0854916400	94.200	78.000	80.000	0.0000010000	0.0000079809	7.8789397027E-9	0.0000016059	1.2444647224E-9	13.200	34.600
6/8/2022	3:23 AM	-0.0905205600	94.200	78.000	80.000	0.0000010000	0.0000079590	6.1039025258E-9	0.0000016158	6.5632839974E-10	13.200	34.600
6/8/2022	3:23 AM	-0.0955494800	94.200	78.000	80.000	0.0000010000	0.0000079691	6.5548525363E-9	0.0000016037	4.1306485869E-10	13.200	34.600
6/8/2022	3:24 AM	-0.1005784000	94.200	78.000	80.000	0.0000010000	0.0000079685	5.1926153060E-9	0.0000016096	6.3851648071E-10	13.200	34.600
6/8/2022	3:24 AM	-0.1056073200	94.200	78.000	80.000	0.0000010000	0.0000079695	5.9524465743E-9	0.0000015898	1.1052516680E-9	13.200	34.600
6/8/2022	3:25 AM	-0.1093790100	94.200	78.000	80.001	0.0000010000	0.0000079868	4.8365898818E-9	0.0000016005	8.3784666345E-10	13.200	34.600
6/8/2022	3:26 AM	-0.1144079300	94.200	78.000	80.000	0.0000010000	0.0000079545	4.7612037713E-9	0.0000015973	4.7863046408E-10	13.200	34.600
6/8/2022	3:26 AM	-0.1194368500	94.200	78.000	80.000	0.0000010000	0.0000079814	6.5050759939E-9	0.0000015963	4.1402208188E-10	13.200	34.600
6/8/2022	3:27 AM	-0.1244657700	94.200	78.000	79.999	0.0000010000	0.0000079642	4.1248293205E-9	0.0000016127	7.0990195136E-10	13.200	34.600
6/8/2022	3:28 AM	-0.1294946900	94.200	78.000	80.001	0.0000010000	0.0000079644	5.4796268978E-9	0.0000015949	7.5717058189E-10	13.200	34.600
6/8/2022	3:28 AM	-0.1345236100	94.200	78.000	80.000	0.0000010000	0.0000079651	9.0867855587E-9	0.0000016028	3.4608128489E-10	13.200	34.600
6/8/2022	3:29 AM	-0.1395525300	94.200	78.000	79.999	0.0000010000	0.0000079735	6.2567564859E-9	0.0000015901	9.1547532151E-10	13.200	34.600
6/8/2022	3:30 AM	-0.1445814500	94.200	78.000	80.001	0.0000010000	0.0000079731	5.1706956452E-9	0.0000015988	5.6368092477E-10	13.200	34.600
6/8/2022	3:30 AM	-0.1496103700	94.200	78.000	80.000	0.0000010000	0.0000079724	5.2143524037E-9	0.0000015956	4.1402208188E-10	13.200	34.600
6/8/2022	3:31 AM	-0.1546392900	94.200	78.000	80.000	0.0000010000	0.0000079645	6.7977372425E-9	0.0000015938	4.6368092477E-10	13.200	34.600
6/8/2022	3:31 AM	-0.1596682100	94.200	78.000	80.000	0.0000010000	0.0000079565	5.4040212977E-9	0.0000015911	1.0988582691E-9	13.200	34.600
6/8/2022	3:32 AM	-0.1646971300	94.200	78.000	80.000	0.0000010000	0.0000079520	7.2528124800E-9	0.0000016048	4.4203384502E-10	13.200	34.600
6/8/2022	3:33 AM	-0.1697260500	94.200	78.000	80.000	0.0000010000	0.0000079664	7.7379996774E-9	0.0000015869	1.2198039027E-9	13.200	34.600
6/8/2022	3:33 AM	-0.1747549700	94.200	78.000	80.000	0.0000010000	0.0000079788	1.1352324942E-8	0.0000016017	2.0000000000E-10	13.200	34.600
6/8/2022	3:34 AM	-0.1797838900	94.200	78.000	80.000	0.0000010000	0.0000079781	7.4093105974E-9	0.0000016078	6.0850436627E-10	13.200	34.600
6/8/2022	3:35 AM	-0.1848128100	94.200	78.000	80.001	0.0000010000	0.0000079643	7.6781214891E-9	0.0000016089	7.9346745639E-10	13.200	34.600
6/8/2022	3:35 AM	-0.1898417300	94.200	78.000	80.000	0.0000010000	0.0000079618	6.9409963419E-9	0.0000015444	4.1660328987E-9	13.200	34.600
6/8/2022	3:36 AM	-0.1948706500	94.200	78.000	80.000	0.0000010000	0.0000079518	8.5765049276E-9	0.0000015973	1.2447058924E-9	13.200	34.600
6/8/2022	3:37 AM	-0.1998995700	94.200	78.000	80.000	0.0000010000	0.0000079614	5.3134809414E-9	0.0000015861	7.3851648071E-10	13.200	34.600
6/8/2022	3:37 AM	-0.2049284900	94.200	78.000	80.000	0.0000010000	0.0000079740	6.3132670134E-9	0.0000015933	2.2247448714E-10	13.200	34.600
6/8/2022	3:38 AM	-0.2099574100	94.200	78.000	79.999	0.0000010000	0.0000079543	5.3351412504E-9	0.0000015988	4.7602787773E-10	13.200	34.600
6/8/2022	3:39 AM	-0.2149863300	94.200	78.000	80.000	0.0000010000	0.0000079567	7.4551245182E-9	0.0000015980	6.6099096785E-10	13.200	34.600
6/8/2022	3:39 AM	-0.2200152500	94.200	78.000	80.000	0.0000010000	0.0000079697	5.9439628043E-9	0.0000015770	1.1993490259E-9	13.200	34.600
6/8/2022	3:40 AM	-0.2250441700	94.200	78.000	80.001	0.0000010000	0.0000079839	3.8420738305E-9	0.0000016094	1.4764361229E-9	13.200	34.600
6/8/2022	3:41 AM	-0.2300730900	94.200	78.000	80.000	0.0000010000	0.0000079672	5.1843247491E-9	0.0000016031	9.9386581434E-10	13.200	34.600
6/8/2022	3:41 AM	-0.2351020100	94.200	78.000	80.000	0.0000010000	0.0000079653	4.8584731366E-9	0.0000015846	1.0112939289E-9	13.200	34.600
6/8/2022	3:42 AM	-0.2401309300	94.200	78.000	79.999	0.0000010000	0.0000079529	7.1843088694E-9	0.0000016049	4.5355339059E-10	13.200	34.600
6/8/2022	3:43 AM	-0.2451598500	94.200	78.000	80.000	0.0000010000	0.0000079739	5.8256510070E-9	0.0000015588	2.8672550733E-9	13.200	34.600
