! User Name:	Aditya_Kumar
! Sample Name:	FGT_CPS_Device 4C-PF M10T_10min
! Sample ID:	CPS_MPS_Device_4C
! Date:	8/2/2022	Time:	2:41 AM
! Current Source:	Keithley 224 Current Source
! Voltmeter V1:	Keithley 182 Degital voltmeter
! Voltmeter V2:	Keithley 2182A  NanoVoltmeter
! V1 (volts):	Rxx
! V2 (volts):	Rxy
! Max Field (Tesla):0.000000	! Data points (0_maxT:75.000000	! Average Number:5.000000	
! Comments:	FGT/MnPS3 device was made in glove using flaking and dry transfering of flakes. 
! 
! 
! 
! 
! 
Data	Time	Magnetic Field (T)	Helium Level (%)	VTI Temperature (K)	Sample Temparture (K)	Current (A) 	Voltage-1(V)	Std. of V1	Voltage-2 (V)	Std. of V2	VTI  Heater Power (%)	Sample Heater Power (%)
8/2/2022	2:43 AM	-0.3495099400	52.000	52.780	54.994	0.0000010000	-0.0000519632	8.2185811492E-9	0.0000018355	7.2166385809E-10	6.700	27.800
8/2/2022	2:44 AM	-0.3444810200	47.800	2.996	5.002	0.0000010000	-0.0000519427	1.0390489647E-8	0.0000018185	5.4541221763E-10	2.400	14.500
8/2/2022	2:45 AM	-0.3394521000	47.800	3.000	5.001	0.0000010000	-0.0000519701	1.1765264594E-8	0.0000018458	1.0338627707E-9	2.400	14.300
8/2/2022	2:45 AM	-0.3344231800	47.800	3.012	5.002	0.0000010000	-0.0000519682	1.1718516583E-8	0.0000018439	6.5372306110E-10	2.200	14.300
8/2/2022	2:46 AM	-0.3293942600	47.800	3.007	5.000	0.0000010000	-0.0000519674	8.4097140261E-9	0.0000018251	1.3806248475E-9	2.300	14.200
8/2/2022	2:47 AM	-0.3243653400	0.900	3.003	5.002	0.0000010000	-0.0000519567	1.3241263490E-8	0.0000018124	1.5304136202E-9	2.200	14.300
8/2/2022	2:47 AM	-0.3193364200	47.800	3.005	5.003	0.0000010000	-0.0000519872	1.2578327234E-8	0.0000017945	1.1784477407E-9	2.200	14.100
8/2/2022	2:48 AM	-0.3143075000	47.800	3.016	5.004	0.0000010000	-0.0000519811	1.3908868635E-8	0.0000018202	8.9379718813E-10	2.100	14.000
8/2/2022	2:49 AM	-0.3092785800	47.800	2.998	5.000	0.0000010000	-0.0000519566	9.6409496186E-9	0.0000018325	1.4332168963E-9	2.200	14.100
8/2/2022	2:49 AM	-0.3042496600	47.800	3.008	5.003	0.0000010000	-0.0000519650	1.3089496040E-8	0.0000017824	4.1145062683E-9	2.100	14.100
8/2/2022	2:50 AM	-0.2992207400	47.800	3.005	5.000	0.0000010000	-0.0000519749	9.3258974527E-9	0.0000018389	5.1515439249E-10	2.100	14.100
8/2/2022	2:51 AM	-0.2941918200	47.800	3.004	5.002	0.0000010000	-0.0000519621	1.1780921213E-8	0.0000018393	3.7416573868E-10	2.000	14.000
8/2/2022	2:52 AM	-0.2891629000	47.800	2.997	5.002	0.0000010000	-0.0000519624	1.3625016657E-8	0.0000018385	0.0000000000E+0	2.000	14.100
8/2/2022	2:52 AM	-0.2841339800	47.800	3.001	5.001	0.0000010000	-0.0000519515	1.4318669225E-8	0.0000018280	2.5144579931E-9	1.900	13.800
8/2/2022	2:53 AM	-0.2791050600	47.800	3.011	5.001	0.0000010000	-0.0000519566	1.1921790726E-8	0.0000018236	2.1633182342E-9	1.900	13.900
8/2/2022	2:54 AM	-0.2740761400	47.800	2.999	5.002	0.0000010000	-0.0000519509	9.8772203360E-9	0.0000018512	1.8950659715E-9	1.900	13.800
8/2/2022	2:54 AM	-0.2690472200	47.800	3.010	5.001	0.0000010000	-0.0000519812	1.3315889607E-8	0.0000018289	1.1090373151E-9	1.900	13.800
8/2/2022	2:55 AM	-0.2640183000	47.800	2.994	5.000	0.0000010000	-0.0000519513	1.0869212967E-8	0.0000018243	6.6571333342E-10	1.900	13.800
8/2/2022	2:56 AM	-0.2589893800	42.800	3.000	5.002	0.0000010000	-0.0000519612	1.1470907100E-8	0.0000018551	1.3210023347E-9	1.800	13.800
8/2/2022	2:56 AM	-0.2539604600	42.800	2.998	5.001	0.0000010000	-0.0000519488	1.0185916013E-8	0.0000018230	2.3945392407E-9	1.800	13.800
8/2/2022	2:57 AM	-0.2489315400	42.800	2.992	4.998	0.0000010000	-0.0000519593	1.3244980299E-8	0.0000018454	1.3768602296E-9	1.800	13.800
8/2/2022	2:58 AM	-0.2439026200	42.800	3.005	5.000	0.0000010000	-0.0000519648	8.7032173660E-9	0.0000018312	2.0470179441E-9	1.700	13.600
8/2/2022	2:59 AM	-0.2388737000	42.800	3.001	5.000	0.0000010000	-0.0000519681	7.3403924995E-9	0.0000018161	2.6309445807E-9	1.700	13.700
8/2/2022	2:59 AM	-0.2338447800	42.800	2.997	5.002	0.0000010000	-0.0000519620	8.2746183214E-9	0.0000018552	1.4986599723E-9	1.600	13.600
8/2/2022	3:00 AM	-0.2288158600	42.800	2.995	5.001	0.0000010000	-0.0000519559	1.0640798844E-8	0.0000018162	1.2322919809E-9	1.600	13.600
8/2/2022	3:01 AM	-0.2237869400	42.800	3.011	5.002	0.0000010000	-0.0000519586	7.7142287730E-9	0.0000018110	1.6881217013E-9	1.600	13.600
8/2/2022	3:01 AM	-0.2187580200	42.800	3.005	5.000	0.0000010000	-0.0000519523	1.3607183223E-8	0.0000018311	7.9346745639E-10	1.600	13.500
8/2/2022	3:02 AM	-0.2137291000	42.800	2.996	5.000	0.0000010000	-0.0000519669	7.0518968220E-9	0.0000018247	1.4772396478E-9	1.600	13.600
8/2/2022	3:03 AM	-0.2087001800	42.800	2.994	5.000	0.0000010000	-0.0000519419	1.1255271454E-8	0.0000018168	7.6278691088E-10	1.600	13.600
8/2/2022	3:04 AM	-0.2036712600	42.800	2.997	5.000	0.0000010000	-0.0000519545	4.3446851152E-9	0.0000018249	1.6315024799E-9	1.600	13.500
8/2/2022	3:04 AM	-0.1986423400	42.800	2.995	5.001	0.0000010000	-0.0000519453	1.1454998546E-8	0.0000018427	1.3915475947E-9	1.500	13.600
8/2/2022	3:05 AM	-0.1936134200	42.800	3.003	5.000	0.0000010000	-0.0000519487	1.0606744480E-8	0.0000018335	2.6437318479E-9	1.500	13.500
8/2/2022	3:06 AM	-0.1885845000	42.800	3.003	4.999	0.0000010000	-0.0000519656	6.8584771661E-9	0.0000018593	2.3327398470E-9	1.500	13.400
8/2/2022	3:06 AM	-0.1835555800	42.800	2.998	5.000	0.0000010000	-0.0000519687	1.3850753116E-8	0.0000018257	2.0000000000E-10	1.500	13.400
8/2/2022	3:07 AM	-0.1785266600	42.800	3.002	5.000	0.0000010000	-0.0000519609	1.1435203496E-8	0.0000018261	4.6094414809E-10	1.500	13.400
8/2/2022	3:08 AM	-0.1734977400	42.800	3.006	4.999	0.0000010000	-0.0000519550	9.7706075472E-9	0.0000018444	1.6397320481E-9	1.500	13.500
8/2/2022	3:08 AM	-0.1684688200	42.800	3.016	5.001	0.0000010000	-0.0000519473	1.5688811045E-8	0.0000018438	1.5173740353E-9	1.400	13.300
8/2/2022	3:09 AM	-0.1634399000	42.800	3.003	5.000	0.0000010000	-0.0000519852	9.8389053206E-9	0.0000018246	1.1788289045E-9	1.400	13.400
8/2/2022	3:10 AM	-0.1584109800	42.800	3.001	5.000	0.0000010000	-0.0000519598	1.0482961920E-8	0.0000018233	1.8269263534E-9	1.400	13.400
8/2/2022	3:10 AM	-0.1533820600	42.800	3.002	5.001	0.0000010000	-0.0000519656	9.9545353179E-9	0.0000018348	7.5522851952E-10	1.400	13.300
8/2/2022	3:11 AM	-0.1483531400	42.800	3.003	5.001	0.0000010000	-0.0000519481	1.2045529496E-8	0.0000018278	6.0850436627E-10	1.300	13.300
8/2/2022	3:12 AM	-0.1433242200	42.800	3.010	5.002	0.0000010000	-0.0000519681	9.2958289528E-9	0.0000018412	1.5071067812E-9	1.300	13.200
8/2/2022	3:13 AM	-0.1382953000	42.800	3.004	5.000	0.0000010000	-0.0000519501	1.0871335353E-8	0.0000018185	1.3535533906E-9	1.400	13.300
8/2/2022	3:13 AM	-0.1332663800	42.800	3.004	5.002	0.0000010000	-0.0000519536	8.5098484640E-9	0.0000018375	1.5800838638E-9	1.200	13.200
8/2/2022	3:14 AM	-0.1282374600	42.800	3.010	5.001	0.0000010000	-0.0000519519	9.1234756846E-9	0.0000018297	3.8708286934E-10	1.200	13.200
8/2/2022	3:15 AM	-0.1232085400	42.800	3.008	5.000	0.0000010000	-0.0000519792	9.1886442048E-9	0.0000018260	8.0756655164E-10	1.300	13.200
8/2/2022	3:15 AM	-0.1181796200	42.800	2.990	5.001	0.0000010000	-0.0000519561	8.2894887074E-9	0.0000018315	6.7185085508E-10	1.200	13.100
8/2/2022	3:16 AM	-0.1131507000	42.800	3.000	5.000	0.0000010000	-0.0000519636	6.3628691188E-9	0.0000018409	7.1863190045E-10	1.200	13.200
8/2/2022	3:17 AM	-0.1081217800	42.800	2.996	5.001	0.0000010000	-0.0000519699	5.7488910957E-9	0.0000018293	7.4158920009E-10	1.100	13.100
8/2/2022	3:17 AM	-0.1030928600	42.800	3.009	5.002	0.0000010000	-0.0000519683	1.1619750444E-8	0.0000018059	1.1817810823E-9	1.200	13.100
8/2/2022	3:18 AM	-0.0980639400	42.800	2.995	4.999	0.0000010000	-0.0000519689	1.1146955811E-8	0.0000018297	2.2691567164E-9	1.200	13.200
8/2/2022	3:19 AM	-0.0930350200	42.800	3.013	5.003	0.0000010000	-0.0000519704	1.4750632480E-8	0.0000018514	2.1093411580E-9	1.100	13.100
8/2/2022	3:19 AM	-0.0880061000	42.800	2.992	5.000	0.0000010000	-0.0000519780	1.4018999217E-8	0.0000018218	1.4778050923E-9	1.100	13.100
8/2/2022	3:20 AM	-0.0829771800	42.800	3.007	5.002	0.0000010000	-0.0000519611	1.2052734070E-8	0.0000018124	1.6615957798E-9	1.100	13.100
8/2/2022	3:21 AM	-0.0779482600	42.800	2.998	4.999	0.0000010000	-0.0000519666	1.7128749091E-8	0.0000018259	8.6368092477E-10	1.100	13.000
8/2/2022	3:21 AM	-0.0704048800	42.800	2.988	5.000	0.0000010000	-0.0000519692	8.6680558057E-9	0.0000018246	1.8356935944E-9	1.000	13.000
8/2/2022	3:22 AM	-0.0603470400	42.800	3.008	5.001	0.0000010000	-0.0000519661	8.4687706612E-9	0.0000017869	3.3847367742E-9	1.000	13.000
8/2/2022	3:23 AM	-0.0502892000	42.800	3.006	5.001	0.0000010000	-0.0000519667	1.2258485988E-8	0.0000018202	1.8694832820E-9	1.000	13.000
8/2/2022	3:23 AM	-0.0402313600	42.800	2.996	5.000	0.0000010000	-0.0000519629	1.0426402962E-8	0.0000018541	1.5092416505E-9	1.000	13.000
8/2/2022	3:24 AM	-0.0301735200	42.800	3.003	5.002	0.0000010000	-0.0000519725	1.2818121515E-8	0.0000018395	1.7042947632E-9	1.000	13.100
8/2/2022	3:25 AM	-0.0201156800	42.800	3.001	5.000	0.0000010000	-0.0000519596	1.3638952608E-8	0.0000018257	1.1265356772E-9	1.000	13.000
8/2/2022	3:25 AM	-0.0100578400	42.800	3.005	5.002	0.0000010000	-0.0000519789	1.2457553661E-8	0.0000018314	2.1841132645E-9	1.000	12.900
8/2/2022	3:26 AM	0.0000000000	42.800	2.988	5.001	0.0000010000	-0.0000519631	1.2677117006E-8	0.0000018179	1.3979148551E-9	0.900	12.800
8/2/2022	3:27 AM	0.0100578400	42.800	2.995	4.999	0.0000010000	-0.0000519763	1.4630181083E-8	0.0000018228	2.4461507562E-9	1.000	12.900
8/2/2022	3:27 AM	0.0201156800	42.800	3.007	4.999	0.0000010000	-0.0000519772	1.5156182085E-8	0.0000018340	5.2867640737E-10	1.000	12.900
8/2/2022	3:28 AM	0.0301735200	42.800	3.000	5.000	0.0000010000	-0.0000519896	1.4867773076E-8	0.0000018433	1.5941065390E-9	0.900	12.800
8/2/2022	3:29 AM	0.0402313600	42.800	2.990	4.999	0.0000010000	-0.0000519618	7.8150701184E-9	0.0000018358	1.1176350047E-9	0.900	12.900
8/2/2022	3:29 AM	0.0502892000	42.800	3.008	5.000	0.0000010000	-0.0000520048	1.2965293414E-8	0.0000018462	1.2456232619E-9	0.900	12.900
8/2/2022	3:30 AM	0.0603470400	42.800	3.005	5.000	0.0000010000	-0.0000519718	1.0139969638E-8	0.0000018365	2.4555314148E-9	0.900	12.900
8/2/2022	3:31 AM	0.0704048800	42.800	3.002	5.001	0.0000010000	-0.0000519845	1.1870818594E-8	0.0000018169	7.6923276251E-10	0.900	12.900
8/2/2022	3:32 AM	0.0779482600	42.800	3.001	5.002	0.0000010000	-0.0000519854	8.5113108058E-9	0.0000018186	1.9342725992E-9	0.800	12.900
8/2/2022	3:32 AM	0.0829771800	42.800	3.007	5.001	0.0000010000	-0.0000519745	9.1334530259E-9	0.0000018179	9.3874768826E-10	0.900	12.900
8/2/2022	3:33 AM	0.0880061000	42.800	2.998	4.999	0.0000010000	-0.0000519721	1.4880059307E-8	0.0000018484	1.4318112053E-9	0.800	12.700
8/2/2022	3:34 AM	0.0930350200	42.800	3.007	4.999	0.0000010000	-0.0000519928	8.8754731729E-9	0.0000018432	1.4198561699E-9	0.800	12.800
8/2/2022	3:34 AM	0.0980639400	42.800	2.987	4.999	0.0000010000	-0.0000520074	1.6001390245E-8	0.0000018109	9.8638791760E-10	0.800	12.700
8/2/2022	3:35 AM	0.1030928600	42.800	2.994	4.999	0.0000010000	-0.0000519755	1.1551371725E-8	0.0000018165	8.4010949186E-10	0.800	12.800
8/2/2022	3:36 AM	0.1081217800	42.800	3.009	4.999	0.0000010000	-0.0000519587	1.1435832067E-8	0.0000018239	4.8476798574E-10	0.800	12.800
8/2/2022	3:36 AM	0.1131507000	42.800	3.004	4.999	0.0000010000	-0.0000519513	1.7746181697E-8	0.0000018138	1.4044253109E-9	0.700	12.800
8/2/2022	3:37 AM	0.1181796200	42.800	2.999	4.999	0.0000010000	-0.0000519884	1.2968095686E-8	0.0000018315	1.3590270217E-9	0.700	12.700
8/2/2022	3:38 AM	0.1232085400	42.800	3.000	5.001	0.0000010000	-0.0000519670	1.1418561369E-8	0.0000018580	1.7314273905E-9	0.700	12.800
8/2/2022	3:38 AM	0.1282374600	42.800	2.990	4.999	0.0000010000	-0.0000519797	1.1395755604E-8	0.0000018386	7.5522851952E-10	0.700	12.700
8/2/2022	3:39 AM	0.1332663800	42.800	3.007	5.001	0.0000010000	-0.0000519431	1.4411162408E-8	0.0000018496	1.7599426700E-9	0.700	12.700
8/2/2022	3:40 AM	0.1382953000	42.800	2.996	5.000	0.0000010000	-0.0000519895	9.5623293571E-9	0.0000018173	7.7631558048E-10	0.700	12.700
8/2/2022	3:40 AM	0.1433242200	42.800	3.006	5.000	0.0000010000	-0.0000519700	1.2308392553E-8	0.0000018057	1.5407396823E-9	0.600	12.700
8/2/2022	3:41 AM	0.1483531400	42.800	3.017	5.001	0.0000010000	-0.0000519833	1.6821412670E-8	0.0000018329	1.5483314774E-9	0.600	12.700
8/2/2022	3:42 AM	0.1533820600	42.800	3.002	4.999	0.0000010000	-0.0000519866	1.0458864349E-8	0.0000018201	5.1881025303E-10	0.700	12.800
8/2/2022	3:43 AM	0.1584109800	42.800	3.007	4.999	0.0000010000	-0.0000519694	1.1232828182E-8	0.0000018262	4.8989794856E-10	0.600	12.600
8/2/2022	3:43 AM	0.1634399000	42.800	3.015	5.001	0.0000010000	-0.0000519888	9.2647333695E-9	0.0000018365	1.5979148551E-9	0.600	12.700
8/2/2022	3:44 AM	0.1684688200	42.800	3.003	5.000	0.0000010000	-0.0000519836	1.0758470787E-8	0.0000018202	1.5413259966E-9	0.500	12.700
8/2/2022	3:45 AM	0.1734977400	42.800	3.004	5.002	0.0000010000	-0.0000519768	8.5161145919E-9	0.0000018331	1.7251070887E-9	0.500	12.700
8/2/2022	3:46 AM	0.1785266600	42.800	2.994	5.001	0.0000010000	-0.0000519830	1.1319686926E-8	0.0000018482	2.3623131043E-9	0.500	12.600
8/2/2022	3:46 AM	0.1835555800	42.800	3.004	4.999	0.0000010000	-0.0000519822	1.6368845485E-8	0.0000018398	1.6459937500E-9	0.500	12.600
8/2/2022	3:47 AM	0.1885845000	42.800	3.001	5.000	0.0000010000	-0.0000520031	1.3107558212E-8	0.0000018166	8.2048368230E-10	0.500	12.600
8/2/2022	3:48 AM	0.1936134200	42.800	3.012	5.001	0.0000010000	-0.0000520043	8.9391348484E-9	0.0000018417	1.4549900398E-9	0.500	12.700
8/2/2022	3:48 AM	0.1986423400	42.800	3.016	5.003	0.0000010000	-0.0000519981	9.5654857239E-9	0.0000018177	1.9564659966E-9	0.400	12.700
8/2/2022	3:49 AM	0.2036712600	42.800	3.000	5.000	0.0000010000	-0.0000519587	1.0300387881E-8	0.0000018386	1.2561514854E-9	0.400	12.600
8/2/2022	3:50 AM	0.2087001800	42.800	2.999	5.002	0.0000010000	-0.0000519836	8.2451762005E-9	0.0000018271	2.2298393688E-9	0.400	12.600
8/2/2022	3:50 AM	0.2137291000	42.800	2.996	5.000	0.0000010000	-0.0000519959	8.9671296263E-9	0.0000018552	2.2849414004E-9	0.300	12.500
8/2/2022	3:51 AM	0.2187580200	42.800	2.992	4.999	0.0000010000	-0.0000520039	1.1307212768E-8	0.0000018353	6.9256219969E-10	0.300	12.500
8/2/2022	3:52 AM	0.2237869400	42.800	3.004	5.000	0.0000010000	-0.0000519904	1.4606257000E-8	0.0000018324	4.1068966709E-10	0.200	12.500
8/2/2022	3:52 AM	0.2288158600	42.800	3.023	5.004	0.0000010000	-0.0000519733	8.0169266094E-9	0.0000018360	1.3124152536E-9	0.200	12.500
8/2/2022	3:53 AM	0.2338447800	42.800	2.998	4.998	0.0000010000	-0.0000519974	1.0956567637E-8	0.0000018119	1.7578354246E-9	0.200	12.500
8/2/2022	3:54 AM	0.2388737000	42.800	3.010	5.002	0.0000010000	-0.0000519646	9.9667694857E-9	0.0000018288	1.8902389447E-9	0.100	12.500
8/2/2022	3:54 AM	0.2439026200	42.800	3.011	5.000	0.0000010000	-0.0000519769	7.2520806655E-9	0.0000018341	2.9566209192E-9	0.100	12.500
8/2/2022	3:55 AM	0.2489315400	42.800	3.020	5.001	0.0000010000	-0.0000519887	1.4129079602E-8	0.0000018231	6.6368092477E-10	0.000	12.500
8/2/2022	3:56 AM	0.2539604600	42.700	3.021	5.000	0.0000010000	-0.0000519880	1.3479699165E-8	0.0000018150	9.0829510623E-10	0.000	12.500
8/2/2022	3:56 AM	0.2589893800	42.700	3.038	5.004	0.0000010000	-0.0000519920	1.2042804743E-8	0.0000018247	1.2804673636E-9	0.000	12.400
8/2/2022	3:57 AM	0.2640183000	42.700	3.023	4.998	0.0000010000	-0.0000519922	8.2947508640E-9	0.0000031697	2.7178714741E-9	0.000	12.300
8/2/2022	3:58 AM	0.2690472200	42.700	3.044	5.002	0.0000010000	-0.0000519393	2.0727404619E-8	0.0000031861	5.4721359550E-10	0.000	12.400
8/2/2022	3:58 AM	0.2740761400	42.700	3.051	5.001	0.0000010000	-0.0000519650	1.4818957640E-8	0.0000031917	1.2990196787E-9	0.000	12.400
8/2/2022	3:59 AM	0.2791050600	42.700	3.061	5.002	0.0000010000	-0.0000520144	1.9185611769E-8	0.0000032076	1.1039933485E-9	0.000	12.300
8/2/2022	4:00 AM	0.2841339800	42.700	3.068	4.999	0.0000010000	-0.0000519582	1.5376901207E-8	0.0000031858	1.1224744871E-9	0.000	12.200
8/2/2022	4:00 AM	0.2891629000	42.700	3.069	4.999	0.0000010000	-0.0000519635	9.5435656808E-9	0.0000031978	2.4744999854E-9	0.000	12.100
8/2/2022	4:01 AM	0.2941918200	42.700	3.076	5.000	0.0000010000	-0.0000519807	9.5289667809E-9	0.0000032081	2.4494897428E-10	0.000	12.200
8/2/2022	4:02 AM	0.2992207400	42.700	3.100	5.000	0.0000010000	-0.0000519702	1.4799124950E-8	0.0000031895	1.2642926762E-9	0.000	12.200
8/2/2022	4:03 AM	0.3042496600	42.700	3.109	5.001	0.0000010000	-0.0000519858	1.2119709233E-8	0.0000032002	4.7602787773E-10	0.000	12.200
8/2/2022	4:03 AM	0.3092785800	42.700	3.106	5.000	0.0000010000	-0.0000519771	1.6801023728E-8	0.0000031742	1.6770329614E-9	0.000	12.100
8/2/2022	4:04 AM	0.3143075000	42.700	3.105	4.999	0.0000010000	-0.0000519871	8.0952523582E-9	0.0000031795	1.1180339887E-9	0.000	12.100
8/2/2022	4:05 AM	0.3193364200	42.700	3.120	5.000	0.0000010000	-0.0000519677	1.7661487313E-8	0.0000031943	5.2881225443E-10	0.000	12.200
8/2/2022	4:05 AM	0.3243653400	42.700	3.137	5.002	0.0000010000	-0.0000519489	1.6363336632E-8	0.0000032052	1.0128581297E-9	0.000	12.100
8/2/2022	4:06 AM	0.3293942600	42.700	3.122	4.999	0.0000010000	-0.0000519716	2.4170594396E-8	0.0000031801	1.1391164992E-9	0.000	12.100
8/2/2022	4:07 AM	0.3344231800	42.700	3.130	4.999	0.0000010000	-0.0000519665	1.3375327394E-8	0.0000032001	1.4116564354E-9	0.000	11.900
8/2/2022	4:07 AM	0.3394521000	42.700	3.157	5.003	0.0000010000	-0.0000519812	1.8977983180E-8	0.0000031943	8.2958126833E-10	0.000	11.900
8/2/2022	4:08 AM	0.3444810200	42.700	3.158	5.000	0.0000010000	-0.0000519897	1.6206215804E-8	0.0000032027	2.2813157334E-9	0.000	11.900
8/2/2022	4:09 AM	0.3495099400	42.700	3.171	5.001	0.0000010000	-0.0000519409	2.1761528433E-8	0.0000032097	1.3704317393E-9	0.000	12.000
8/2/2022	4:09 AM	0.3495099400	42.700	3.163	5.001	0.0000010000	-0.0000519723	1.2969797945E-8	0.0000031922	2.4892394892E-9	0.000	11.900
8/2/2022	4:10 AM	0.3444810200	42.700	3.162	5.001	0.0000010000	-0.0000519722	1.0464109885E-8	0.0000032179	1.2942977767E-9	0.000	11.900
8/2/2022	4:11 AM	0.3394521000	42.700	3.164	4.999	0.0000010000	-0.0000519729	1.8365989621E-8	0.0000031830	5.7716018834E-10	0.000	11.800
8/2/2022	4:11 AM	0.3344231800	42.700	3.176	5.000	0.0000010000	-0.0000519686	1.3922019284E-8	0.0000031958	2.1771134415E-9	0.000	11.800
8/2/2022	4:12 AM	0.3293942600	42.700	3.184	5.001	0.0000010000	-0.0000519776	1.4065516331E-8	0.0000031865	1.6845244223E-9	0.000	11.800
8/2/2022	4:13 AM	0.3243653400	42.700	3.192	5.002	0.0000010000	-0.0000519655	9.9726675534E-9	0.0000032044	1.0770329614E-9	0.000	11.900
8/2/2022	4:13 AM	0.3193364200	42.700	3.198	5.002	0.0000010000	-0.0000519687	8.9812685398E-9	0.0000032213	1.7192034190E-9	0.000	11.800
8/2/2022	4:14 AM	0.3143075000	42.700	3.202	5.000	0.0000010000	-0.0000519672	1.1159820234E-8	0.0000032180	1.9046802293E-9	0.000	11.900
8/2/2022	4:15 AM	0.3092785800	42.700	3.208	5.001	0.0000010000	-0.0000519798	8.6161324871E-9	0.0000032012	1.1831346589E-9	0.000	11.700
8/2/2022	4:15 AM	0.3042496600	42.700	3.216	5.001	0.0000010000	-0.0000519735	1.2646851082E-8	0.0000031850	1.3987490074E-9	0.000	11.800
8/2/2022	4:16 AM	0.2992207400	42.700	3.236	5.001	0.0000010000	-0.0000519843	1.0295646415E-8	0.0000032076	5.6742346142E-10	0.000	11.700
8/2/2022	4:17 AM	0.2941918200	42.700	3.233	5.002	0.0000010000	-0.0000519599	2.2781444568E-8	0.0000031985	1.4273359224E-9	0.000	11.700
8/2/2022	4:18 AM	0.2891629000	42.700	3.245	5.001	0.0000010000	-0.0000519616	7.7723219210E-9	0.0000032055	1.3053732701E-9	0.000	11.700
8/2/2022	4:18 AM	0.2841339800	42.700	3.247	5.000	0.0000010000	-0.0000519743	1.2395226102E-8	0.0000031840	2.4685104530E-9	0.000	11.800
8/2/2022	4:19 AM	0.2791050600	42.700	3.253	5.001	0.0000010000	-0.0000519811	2.1142091619E-8	0.0000031988	7.3754220353E-10	0.000	11.600
8/2/2022	4:20 AM	0.2740761400	42.700	3.245	5.001	0.0000010000	-0.0000519703	1.2513532951E-8	0.0000032066	8.3784666345E-10	0.000	11.600
8/2/2022	4:20 AM	0.2690472200	42.700	3.256	5.000	0.0000010000	-0.0000519692	1.5255245293E-8	0.0000031983	1.9240303665E-9	0.000	11.600
8/2/2022	4:21 AM	0.2640183000	42.700	3.263	5.002	0.0000010000	-0.0000519990	4.4782136097E-9	0.0000032069	4.9154759474E-10	0.000	11.600
8/2/2022	4:22 AM	0.2589893800	42.700	3.262	5.001	0.0000010000	-0.0000519638	1.0989929547E-8	0.0000031877	1.9278721149E-9	0.000	11.500
8/2/2022	4:22 AM	0.2539604600	42.700	3.277	5.003	0.0000010000	-0.0000519915	1.4188506989E-8	0.0000032122	2.2613294161E-9	0.000	11.500
8/2/2022	4:23 AM	0.2489315400	42.700	3.278	5.003	0.0000010000	-0.0000519752	1.1730491135E-8	0.0000031999	2.1355000692E-9	0.000	11.500
8/2/2022	4:24 AM	0.2439026200	42.700	3.296	5.000	0.0000010000	-0.0000519731	1.1496035054E-8	0.0000031968	5.2360679775E-10	0.000	11.600
8/2/2022	4:24 AM	0.2388737000	42.700	3.291	5.000	0.0000010000	-0.0000519883	1.1362542044E-8	0.0000031816	1.3084505818E-9	0.000	11.600
8/2/2022	4:25 AM	0.2338447800	42.700	3.295	5.000	0.0000010000	-0.0000519821	1.1049706054E-8	0.0000032002	6.3851648071E-10	0.000	11.400
8/2/2022	4:26 AM	0.2288158600	42.700	3.282	4.998	0.0000010000	-0.0000519657	8.2185515216E-9	0.0000031876	1.4205499857E-9	0.000	11.400
8/2/2022	4:26 AM	0.2237869400	42.700	3.296	5.001	0.0000010000	-0.0000519743	1.0369739312E-8	0.0000032113	2.0891385644E-9	0.000	11.400
8/2/2022	4:27 AM	0.2187580200	42.700	3.295	5.000	0.0000010000	-0.0000519866	1.5795402099E-8	0.0000032241	1.2198039027E-9	0.000	11.400
8/2/2022	4:28 AM	0.2137291000	42.700	3.310	5.000	0.0000010000	-0.0000519879	1.4583106655E-8	0.0000032075	3.1619218038E-9	0.000	11.400
8/2/2022	4:28 AM	0.2087001800	42.700	3.309	5.000	0.0000010000	-0.0000519780	1.6094105474E-8	0.0000031906	1.4557877453E-9	0.000	11.400
8/2/2022	4:29 AM	0.2036712600	42.700	3.320	5.001	0.0000010000	-0.0000519779	1.2299126724E-8	0.0000032065	1.2908066317E-9	0.000	11.400
8/2/2022	4:30 AM	0.1986423400	42.700	3.313	5.001	0.0000010000	-0.0000519904	1.7805627358E-8	0.0000031922	4.9154759474E-10	0.000	11.400
8/2/2022	4:30 AM	0.1936134200	42.700	3.316	5.000	0.0000010000	-0.0000519964	8.1728732315E-9	0.0000031833	7.6212327846E-10	0.000	11.500
8/2/2022	4:31 AM	0.1885845000	42.700	3.320	4.999	0.0000010000	-0.0000519595	1.4379437500E-8	0.0000031980	4.6742346142E-10	0.000	11.300
8/2/2022	4:32 AM	0.1835555800	42.700	3.320	5.001	0.0000010000	-0.0000519795	7.5533298326E-9	0.0000031987	5.3011626335E-10	0.000	11.300
8/2/2022	4:33 AM	0.1785266600	42.700	3.344	5.000	0.0000010000	-0.0000519581	1.0598937719E-8	0.0000032045	1.6881217013E-9	0.000	11.200
8/2/2022	4:33 AM	0.1734977400	42.700	3.344	4.999	0.0000010000	-0.0000519789	1.2094057092E-8	0.0000031931	1.0276472679E-9	0.000	11.300
8/2/2022	4:34 AM	0.1684688200	42.700	3.347	4.998	0.0000010000	-0.0000519973	1.5640157837E-8	0.0000032069	1.3661637486E-9	0.000	11.200
8/2/2022	4:35 AM	0.1634399000	42.700	3.349	5.000	0.0000010000	-0.0000519637	1.0057070321E-8	0.0000031938	7.7008771255E-10	0.000	11.200
8/2/2022	4:35 AM	0.1584109800	42.700	3.368	5.001	0.0000010000	-0.0000519751	1.0709383092E-8	0.0000031953	1.8953550931E-9	0.000	11.200
8/2/2022	4:36 AM	0.1533820600	42.700	3.358	4.998	0.0000010000	-0.0000519612	1.1012269933E-8	0.0000031761	4.1119236621E-9	0.000	11.200
8/2/2022	4:37 AM	0.1483531400	42.700	3.372	5.001	0.0000010000	-0.0000519707	5.7826048396E-9	0.0000032148	1.5001414744E-9	0.000	11.200
8/2/2022	4:37 AM	0.1433242200	42.700	3.377	4.999	0.0000010000	-0.0000519831	9.0011816079E-9	0.0000031775	1.8941783206E-9	0.000	11.200
8/2/2022	4:38 AM	0.1382953000	42.700	3.384	5.000	0.0000010000	-0.0000519950	8.2167565873E-9	0.0000031994	1.5556216368E-9	0.000	11.200
8/2/2022	4:39 AM	0.1332663800	42.700	3.395	5.002	0.0000010000	-0.0000520035	1.6662073204E-8	0.0000032093	1.6489995997E-9	0.000	11.100
8/2/2022	4:39 AM	0.1282374600	42.700	3.392	5.001	0.0000010000	-0.0000519857	1.0916380300E-8	0.0000032176	1.5291318655E-9	0.000	11.100
8/2/2022	4:40 AM	0.1232085400	42.700	3.387	4.998	0.0000010000	-0.0000519888	1.3523144741E-8	0.0000031953	8.8693175582E-10	0.000	11.100
8/2/2022	4:41 AM	0.1181796200	42.700	3.403	5.001	0.0000010000	-0.0000519787	9.6044960768E-9	0.0000032021	1.0819090848E-9	0.000	11.100
8/2/2022	4:41 AM	0.1131507000	42.700	3.415	5.001	0.0000010000	-0.0000519968	1.2518512616E-8	0.0000031945	1.3615011805E-9	0.000	11.100
8/2/2022	4:42 AM	0.1081217800	42.700	3.415	5.001	0.0000010000	-0.0000520023	7.1115351198E-9	0.0000032128	9.5012175500E-10	0.000	11.000
8/2/2022	4:43 AM	0.1030928600	42.700	3.408	4.999	0.0000010000	-0.0000519753	1.3730664928E-8	0.0000031994	1.2868479581E-9	0.000	10.900
8/2/2022	4:43 AM	0.0980639400	42.700	3.425	5.001	0.0000010000	-0.0000519786	1.0501789701E-8	0.0000032128	1.4306349051E-9	0.000	11.000
8/2/2022	4:44 AM	0.0930350200	42.700	3.430	5.000	0.0000010000	-0.0000519910	9.1828556537E-9	0.0000032003	6.1719913269E-10	0.000	10.900
8/2/2022	4:45 AM	0.0880061000	42.700	3.427	5.000	0.0000010000	-0.0000519853	1.3094212988E-8	0.0000032338	2.3240582478E-9	0.000	11.000
8/2/2022	4:45 AM	0.0829771800	42.700	3.431	4.999	0.0000010000	-0.0000519883	1.2318966248E-8	0.0000032188	1.8421251390E-9	0.000	10.800
8/2/2022	4:46 AM	0.0779482600	42.700	3.442	5.000	0.0000010000	-0.0000519921	1.1829678838E-8	0.0000032088	8.7464278423E-10	0.000	10.800
8/2/2022	4:47 AM	0.0704048800	42.700	3.460	5.001	0.0000010000	-0.0000519597	9.9635102601E-9	0.0000032021	1.0000000000E-10	0.000	10.900
8/2/2022	4:47 AM	0.0603470400	42.700	3.452	5.002	0.0000010000	-0.0000519729	1.0160154106E-8	0.0000032069	1.0860022573E-9	0.000	10.800
8/2/2022	4:48 AM	0.0502892000	42.700	3.450	5.000	0.0000010000	-0.0000519888	8.9057407668E-9	0.0000032067	9.8309518948E-10	0.000	10.800
8/2/2022	4:49 AM	0.0402313600	42.700	3.461	5.001	0.0000010000	-0.0000519941	9.2760188219E-9	0.0000032056	3.0955735648E-10	0.000	10.800
8/2/2022	4:49 AM	0.0301735200	42.700	3.458	5.001	0.0000010000	-0.0000519835	6.8808160405E-9	0.0000032056	1.9096116585E-9	0.000	10.700
8/2/2022	4:50 AM	0.0201156800	42.700	3.472	5.002	0.0000010000	-0.0000519796	1.1280473479E-8	0.0000031722	2.1891484483E-9	0.000	10.700
8/2/2022	4:51 AM	0.0100578400	42.700	3.463	5.002	0.0000010000	-0.0000519638	9.8315622278E-9	0.0000031883	2.5274164025E-9	0.000	10.700
8/2/2022	4:51 AM	0.0000000000	42.700	3.467	4.999	0.0000010000	-0.0000519812	1.3575968992E-8	0.0000032261	1.9611304869E-9	0.000	10.800
8/2/2022	4:52 AM	-0.0100578400	42.700	3.485	5.002	0.0000010000	-0.0000519605	1.4321187507E-8	0.0000032248	1.8054043290E-9	0.000	10.700
8/2/2022	4:53 AM	-0.0201156800	42.700	3.472	5.001	0.0000010000	-0.0000519729	8.5003390234E-9	0.0000032046	6.3851648071E-10	0.000	10.700
8/2/2022	4:53 AM	-0.0301735200	42.700	3.493	5.001	0.0000010000	-0.0000519794	1.0301303864E-8	0.0000032057	1.4359590038E-9	0.000	10.700
8/2/2022	4:54 AM	-0.0402313600	42.700	3.495	5.001	0.0000010000	-0.0000519987	1.2638398910E-8	0.0000032011	6.0000000000E-10	0.000	10.700
8/2/2022	4:55 AM	-0.0502892000	42.700	3.509	5.001	0.0000010000	-0.0000519760	8.8546053269E-9	0.0000031861	1.5768507575E-9	0.000	10.700
8/2/2022	4:55 AM	-0.0603470400	43.400	3.491	4.998	0.0000010000	-0.0000519801	1.2029928724E-8	0.0000031833	1.3161185207E-9	0.000	10.600
8/2/2022	4:56 AM	-0.0704048800	43.400	3.513	5.002	0.0000010000	-0.0000519909	1.0458841659E-8	0.0000031871	1.3460250527E-9	0.000	10.600
8/2/2022	4:57 AM	-0.0779482600	43.400	3.501	5.001	0.0000010000	-0.0000519963	1.0554111256E-8	0.0000031847	1.2022703843E-9	0.000	10.600
8/2/2022	4:57 AM	-0.0829771800	43.400	3.499	4.999	0.0000010000	-0.0000519652	1.1445778241E-8	0.0000032005	1.6476887666E-9	0.000	10.600
8/2/2022	4:58 AM	-0.0880061000	43.400	3.510	5.001	0.0000010000	-0.0000519806	1.2256409905E-8	0.0000031971	9.7358287613E-10	0.000	10.600
8/2/2022	4:59 AM	-0.0930350200	43.400	3.513	5.001	0.0000010000	-0.0000519954	1.3090806724E-8	0.0000032083	7.3385391260E-10	0.000	10.500
8/2/2022	4:59 AM	-0.0980639400	43.400	3.525	5.001	0.0000010000	-0.0000519988	1.3996306907E-8	0.0000031919	6.6142451836E-10	0.000	10.600
8/2/2022	5:00 AM	-0.1030928600	43.400	3.525	5.001	0.0000010000	-0.0000519851	1.1259280519E-8	0.0000031945	1.2153457437E-9	0.000	10.500
8/2/2022	5:01 AM	-0.1081217800	43.400	3.527	5.000	0.0000010000	-0.0000519730	7.9603441828E-9	0.0000031928	8.6899195419E-10	0.000	10.500
8/2/2022	5:01 AM	-0.1131507000	43.400	3.515	4.999	0.0000010000	-0.0000519841	8.5732857883E-9	0.0000031998	8.8693175582E-10	0.000	10.500
8/2/2022	5:02 AM	-0.1181796200	43.400	3.520	5.000	0.0000010000	-0.0000520039	1.1035818600E-8	0.0000032271	2.0845050454E-9	0.000	10.500
8/2/2022	5:03 AM	-0.1232085400	43.400	3.528	5.000	0.0000010000	-0.0000519829	9.4028113981E-9	0.0000032014	1.2216013566E-9	0.000	10.500
8/2/2022	5:04 AM	-0.1282374600	43.400	3.535	5.000	0.0000010000	-0.0000519892	7.5705883215E-9	0.0000031367	5.0517514089E-9	0.000	10.500
8/2/2022	5:04 AM	-0.1332663800	0.900	3.532	5.000	0.0000010000	-0.0000519783	1.1043557391E-8	0.0000031904	7.5717058189E-10	0.000	10.500
8/2/2022	5:05 AM	-0.1382953000	43.400	3.542	5.001	0.0000010000	-0.0000520201	9.2088447892E-9	0.0000031786	8.6163530729E-10	0.000	10.500
8/2/2022	5:06 AM	-0.1433242200	43.400	3.548	5.001	0.0000010000	-0.0000519876	8.6805540776E-9	0.0000031927	4.7602787773E-10	0.000	10.500
8/2/2022	5:06 AM	-0.1483531400	43.400	3.563	5.001	0.0000010000	-0.0000519910	7.8373276032E-9	0.0000031995	2.0396078054E-9	0.000	10.500
8/2/2022	5:07 AM	-0.1533820600	43.400	3.554	5.001	0.0000010000	-0.0000519753	1.2905247541E-8	0.0000031883	4.1402208188E-10	0.000	10.500
8/2/2022	5:08 AM	-0.1584109800	43.400	3.560	5.002	0.0000010000	-0.0000519742	7.0970287009E-9	0.0000031920	1.7626679169E-9	0.000	10.400
8/2/2022	5:08 AM	-0.1634399000	43.400	3.551	4.999	0.0000010000	-0.0000519996	1.2031010519E-8	0.0000031763	1.0077358852E-9	0.000	10.400
8/2/2022	5:09 AM	-0.1684688200	43.400	3.552	4.999	0.0000010000	-0.0000520009	3.3784653534E-9	0.0000031898	1.1707877060E-9	0.000	10.400
8/2/2022	5:10 AM	-0.1734977400	43.400	3.560	5.000	0.0000010000	-0.0000519693	6.9757988033E-9	0.0000032019	1.6403124237E-9	0.000	10.400
8/2/2022	5:10 AM	-0.1785266600	43.400	3.575	5.000	0.0000010000	-0.0000519944	9.5569937796E-9	0.0000032062	5.5355339059E-10	0.000	10.400
8/2/2022	5:11 AM	-0.1835555800	43.400	3.573	5.000	0.0000010000	-0.0000519983	1.3307309903E-8	0.0000031930	1.6966480621E-9	0.000	10.300
8/2/2022	5:12 AM	-0.1885845000	43.400	3.581	5.001	0.0000010000	-0.0000519892	8.8512972467E-9	0.0000032231	1.7875160804E-9	0.000	10.300
8/2/2022	5:12 AM	-0.1936134200	43.400	3.579	4.999	0.0000010000	-0.0000519985	1.2638983892E-8	0.0000032106	1.0432124137E-9	0.000	10.300
8/2/2022	5:13 AM	-0.1986423400	43.400	3.588	5.000	0.0000010000	-0.0000519952	1.0151114899E-8	0.0000031868	1.1550939308E-9	0.000	10.300
8/2/2022	5:14 AM	-0.2036712600	43.400	3.591	5.001	0.0000010000	-0.0000520129	1.5453719016E-8	0.0000031902	6.3851648071E-10	0.000	10.300
8/2/2022	5:14 AM	-0.2087001800	43.400	3.587	5.000	0.0000010000	-0.0000519944	1.1188342596E-8	0.0000032092	1.3203893422E-9	0.000	10.200
8/2/2022	5:15 AM	-0.2137291000	43.400	3.591	4.999	0.0000010000	-0.0000520052	1.9521723622E-8	0.0000032070	1.2018414388E-9	0.000	10.200
8/2/2022	5:16 AM	-0.2187580200	0.900	3.598	5.001	0.0000010000	-0.0000519845	9.6298196978E-9	0.0000032104	2.1160070615E-9	0.000	10.200
8/2/2022	5:16 AM	-0.2237869400	43.400	3.609	5.002	0.0000010000	-0.0000520072	1.2930972017E-8	0.0000032034	8.8740730319E-10	0.000	10.200
8/2/2022	5:17 AM	-0.2288158600	43.400	3.612	5.001	0.0000010000	-0.0000520082	1.2128842085E-8	0.0000032090	1.2692089813E-9	0.000	10.100
8/2/2022	5:18 AM	-0.2338447800	43.400	3.611	5.002	0.0000010000	-0.0000519844	7.7939631313E-9	0.0000018280	1.8781745499E-9	0.000	10.100
8/2/2022	5:18 AM	-0.2388737000	43.400	3.610	5.001	0.0000010000	-0.0000519704	1.3180804183E-8	0.0000018223	1.0337686373E-9	0.000	10.100
8/2/2022	5:19 AM	-0.2439026200	43.400	3.610	5.001	0.0000010000	-0.0000519981	1.2688701006E-8	0.0000018356	1.0676972778E-9	0.000	10.200
8/2/2022	5:20 AM	-0.2489315400	43.400	3.614	5.001	0.0000010000	-0.0000519724	1.2772791241E-8	0.0000018270	9.2736184955E-10	0.000	10.100
8/2/2022	5:20 AM	-0.2539604600	43.400	3.626	5.000	0.0000010000	-0.0000519839	1.1707079899E-8	0.0000018254	7.3385391260E-10	0.000	10.100
8/2/2022	5:21 AM	-0.2589893800	43.400	3.624	5.002	0.0000010000	-0.0000519781	1.0076678631E-8	0.0000018366	2.8663832565E-9	0.000	10.100
8/2/2022	5:22 AM	-0.2640183000	43.400	3.636	5.001	0.0000010000	-0.0000519583	1.1147267877E-8	0.0000018489	1.2074720840E-9	0.000	10.000
8/2/2022	5:22 AM	-0.2690472200	43.400	3.634	5.002	0.0000010000	-0.0000519778	6.2450773521E-9	0.0000018439	8.8955082492E-10	0.000	10.100
8/2/2022	5:23 AM	-0.2740761400	43.400	3.642	5.000	0.0000010000	-0.0000520087	1.1212968486E-8	0.0000018475	8.7413930606E-10	0.000	10.000
8/2/2022	5:24 AM	-0.2791050600	43.400	3.624	5.000	0.0000010000	-0.0000519877	1.4181304900E-8	0.0000018271	1.2273001258E-9	0.000	9.900
8/2/2022	5:24 AM	-0.2841339800	43.400	3.642	4.999	0.0000010000	-0.0000519870	9.5492377646E-9	0.0000018325	2.8708286934E-10	0.000	10.000
8/2/2022	5:25 AM	-0.2891629000	43.400	3.654	5.002	0.0000010000	-0.0000519905	1.4708418463E-8	0.0000018094	1.3539918022E-9	0.000	10.000
8/2/2022	5:26 AM	-0.2941918200	43.400	3.659	5.002	0.0000010000	-0.0000519789	5.7527551201E-9	0.0000018321	4.9989994996E-10	0.000	10.000
8/2/2022	5:26 AM	-0.2992207400	43.400	3.650	4.999	0.0000010000	-0.0000519686	1.2103101705E-8	0.0000018272	7.7008771255E-10	0.000	10.000
8/2/2022	5:27 AM	-0.3042496600	43.400	3.660	5.001	0.0000010000	-0.0000519737	1.0096543987E-8	0.0000018341	7.7416573868E-10	0.000	10.000
8/2/2022	5:28 AM	-0.3092785800	43.400	3.648	4.999	0.0000010000	-0.0000519969	1.6337133030E-8	0.0000018201	4.9154759474E-10	0.000	9.900
8/2/2022	5:28 AM	-0.3143075000	43.400	3.659	5.002	0.0000010000	-0.0000519775	7.3691406400E-9	0.0000018296	6.5372306110E-10	0.000	9.900
8/2/2022	5:29 AM	-0.3193364200	43.400	3.660	5.001	0.0000010000	-0.0000519755	9.8722365596E-9	0.0000018644	1.8549900398E-9	0.000	9.900
8/2/2022	5:30 AM	-0.3243653400	43.400	3.672	5.001	0.0000010000	-0.0000519742	1.6380639058E-8	0.0000018217	1.1219544457E-9	0.000	9.900
8/2/2022	5:31 AM	-0.3293942600	43.400	3.681	5.000	0.0000010000	-0.0000520114	8.8879710688E-9	0.0000018248	8.9206987131E-10	0.000	9.900
8/2/2022	5:31 AM	-0.3344231800	43.400	3.684	5.001	0.0000010000	-0.0000519691	5.2967633916E-9	0.0000018286	1.1551907063E-9	0.000	9.900
8/2/2022	5:32 AM	-0.3394521000	43.400	3.667	5.001	0.0000010000	-0.0000519610	1.3434504294E-8	0.0000018209	1.1455900096E-9	0.000	9.800
8/2/2022	5:33 AM	-0.3444810200	43.400	3.664	4.999	0.0000010000	-0.0000519668	8.5453965407E-9	0.0000017809	4.2438190348E-9	0.000	9.800
8/2/2022	5:33 AM	-0.3495099400	43.400	3.679	5.002	0.0000010000	-0.0000519772	1.2657272850E-8	0.0000018237	1.0812725199E-9	0.000	9.800
