! User Name:	Aditya_Kumar
! Sample Name:	FGT_CPS_Device 4C-PF P10T-10min
! Sample ID:	CPS_MPS_Device_4C
! Date:	8/1/2022	Time:	9:52 PM
! Current Source:	Keithley 224 Current Source
! Voltmeter V1:	Keithley 182 Degital voltmeter
! Voltmeter V2:	Keithley 2182A  NanoVoltmeter
! V1 (volts):	Rxx
! V2 (volts):	Rxy
! Max Field (Tesla):0.000000	! Data points (0_maxT:75.000000	! Average Number:5.000000	
! Comments:	FGT/MnPS3 device was made in glove using flaking and dry transfering of flakes. 
! 
! 
! 
! 
! 
Data	Time	Magnetic Field (T)	Helium Level (%)	VTI Temperature (K)	Sample Temparture (K)	Current (A) 	Voltage-1(V)	Std. of V1	Voltage-2 (V)	Std. of V2	VTI  Heater Power (%)	Sample Heater Power (%)
8/1/2022	9:54 PM	0.3495099400	52.000	52.780	54.994	0.0000010000	-0.0000519447	6.4095998956E-9	0.0000032058	1.1551907063E-9	6.700	27.800
8/1/2022	9:56 PM	0.3444810200	54.500	3.004	5.000	0.0000010000	-0.0000519454	6.7123612756E-9	0.0000031417	3.4457664734E-9	2.600	14.800
8/1/2022	9:56 PM	0.3394521000	54.500	3.006	5.001	0.0000010000	-0.0000519530	4.5145494733E-9	0.0000031872	9.5487255281E-10	2.600	14.900
8/1/2022	9:57 PM	0.3344231800	54.500	3.009	5.001	0.0000010000	-0.0000519628	6.5834806603E-9	0.0000031855	1.6707970421E-9	2.600	14.900
8/1/2022	9:58 PM	0.3293942600	54.500	2.999	4.998	0.0000010000	-0.0000519473	8.3115494326E-9	0.0000031902	5.6368092477E-10	2.700	14.800
8/1/2022	9:58 PM	0.3243653400	54.500	3.001	5.000	0.0000010000	-0.0000519572	8.0042124458E-9	0.0000031803	9.4833147735E-10	2.600	14.900
8/1/2022	9:59 PM	0.3193364200	54.500	3.006	5.002	0.0000010000	-0.0000519646	9.7618096862E-9	0.0000032115	1.5209002328E-9	2.600	14.800
8/1/2022	10:00 PM	0.3143075000	54.500	2.995	5.001	0.0000010000	-0.0000519486	5.1996227901E-9	0.0000031681	2.0303360042E-9	2.600	14.900
8/1/2022	10:00 PM	0.3092785800	54.500	3.000	5.000	0.0000010000	-0.0000519545	1.2389080606E-8	0.0000032059	1.6404842607E-9	2.600	14.900
8/1/2022	10:01 PM	0.3042496600	54.500	3.002	5.000	0.0000010000	-0.0000519643	6.2010619709E-9	0.0000031855	2.0045074975E-9	2.600	14.800
8/1/2022	10:02 PM	0.2992207400	54.500	2.998	5.000	0.0000010000	-0.0000519499	1.2297663880E-8	0.0000031875	7.4031242374E-10	2.600	14.900
8/1/2022	10:02 PM	0.2941918200	54.500	3.006	5.002	0.0000010000	-0.0000519646	8.1783476246E-9	0.0000031390	3.2424060928E-9	2.600	14.900
8/1/2022	10:03 PM	0.2891629000	54.500	2.991	5.001	0.0000010000	-0.0000519570	6.6900086841E-9	0.0000031908	7.2242968625E-10	2.600	14.800
8/1/2022	10:04 PM	0.2841339800	54.500	2.999	4.999	0.0000010000	-0.0000519542	6.3512835568E-9	0.0000031997	1.7011291782E-9	2.600	14.700
8/1/2022	10:04 PM	0.2791050600	54.500	3.008	5.000	0.0000010000	-0.0000519553	6.0945909784E-9	0.0000032171	1.3910427743E-9	2.600	14.900
8/1/2022	10:05 PM	0.2740761400	54.500	3.008	5.001	0.0000010000	-0.0000519595	8.1391100897E-9	0.0000031821	1.3879579816E-9	2.600	14.900
8/1/2022	10:06 PM	0.2690472200	54.500	2.994	5.000	0.0000010000	-0.0000519615	5.3694605809E-9	0.0000031943	4.1402208188E-10	2.600	14.700
8/1/2022	10:06 PM	0.2640183000	54.500	3.008	5.001	0.0000010000	-0.0000519458	6.9885362544E-9	0.0000031889	2.9424853104E-9	2.500	14.800
8/1/2022	10:07 PM	0.2589893800	54.500	3.003	5.001	0.0000010000	-0.0000519561	6.2620022301E-9	0.0000032024	1.2216013566E-9	2.600	14.800
8/1/2022	10:08 PM	0.2539604600	54.500	3.001	5.002	0.0000010000	-0.0000519514	4.5111291380E-9	0.0000032135	1.8618063776E-9	2.500	14.700
8/1/2022	10:09 PM	0.2489315400	54.500	2.990	5.001	0.0000010000	-0.0000519533	4.1283356276E-9	0.0000031769	3.3174745222E-9	2.600	14.900
8/1/2022	10:09 PM	0.2439026200	54.500	2.993	5.000	0.0000010000	-0.0000519494	5.8924186956E-9	0.0000031970	1.2806248475E-9	2.500	14.700
8/1/2022	10:10 PM	0.2388737000	54.500	3.006	5.000	0.0000010000	-0.0000519523	8.8403663273E-9	0.0000031960	2.8943216465E-9	2.600	14.700
8/1/2022	10:11 PM	0.2338447800	54.500	2.999	4.999	0.0000010000	-0.0000519586	7.1372168273E-9	0.0000031914	2.0033215172E-9	2.600	14.700
8/1/2022	10:11 PM	0.2288158600	54.500	3.001	4.998	0.0000010000	-0.0000519657	7.9573067463E-9	0.0000031818	1.3308533625E-9	2.500	14.600
8/1/2022	10:12 PM	0.2237869400	54.500	2.994	4.999	0.0000010000	-0.0000519546	7.9905292719E-9	0.0000031921	8.0428200203E-10	2.500	14.800
8/1/2022	10:13 PM	0.2187580200	54.500	3.001	5.000	0.0000010000	-0.0000519341	6.7975435770E-9	0.0000031875	7.2166385809E-10	2.500	14.800
8/1/2022	10:13 PM	0.2137291000	54.500	3.000	5.001	0.0000010000	-0.0000519556	7.9986271091E-9	0.0000031875	1.1300537619E-9	2.500	14.800
8/1/2022	10:14 PM	0.2087001800	54.500	2.999	4.999	0.0000010000	-0.0000519551	7.7980239970E-9	0.0000031911	1.2561514854E-9	2.500	14.600
8/1/2022	10:15 PM	0.2036712600	54.500	3.003	5.001	0.0000010000	-0.0000519478	5.3773192652E-9	0.0000032037	1.4684078243E-9	2.500	14.800
8/1/2022	10:15 PM	0.1986423400	54.500	3.003	5.000	0.0000010000	-0.0000519601	3.2700045935E-9	0.0000032062	9.9753483738E-10	2.500	14.700
8/1/2022	10:16 PM	0.1936134200	54.500	2.999	5.000	0.0000010000	-0.0000519484	7.5895005045E-9	0.0000032129	1.8571086543E-9	2.500	14.700
8/1/2022	10:17 PM	0.1885845000	54.500	3.006	5.001	0.0000010000	-0.0000519457	4.2869286632E-9	0.0000031867	8.2958126833E-10	2.500	14.700
8/1/2022	10:17 PM	0.1835555800	54.500	3.010	5.001	0.0000010000	-0.0000519584	6.2559601617E-9	0.0000031597	2.4045407685E-9	2.500	14.700
8/1/2022	10:18 PM	0.1785266600	54.500	3.004	5.001	0.0000010000	-0.0000519537	9.1818971311E-9	0.0000031806	1.1299465711E-9	2.500	14.800
8/1/2022	10:19 PM	0.1734977400	54.500	2.997	5.000	0.0000010000	-0.0000519586	3.9776904351E-9	0.0000031882	1.0307695934E-9	2.500	14.800
8/1/2022	10:19 PM	0.1684688200	54.500	3.007	5.000	0.0000010000	-0.0000519563	6.3039673350E-9	0.0000032265	1.4320545725E-9	2.500	14.700
8/1/2022	10:20 PM	0.1634399000	54.500	2.987	5.001	0.0000010000	-0.0000519548	4.6398377139E-9	0.0000031766	1.3634418517E-9	2.500	14.700
8/1/2022	10:21 PM	0.1584109800	54.500	3.002	4.999	0.0000010000	-0.0000519399	4.3796132052E-9	0.0000031880	1.0186218983E-9	2.500	14.700
8/1/2022	10:21 PM	0.1533820600	54.500	2.996	5.000	0.0000010000	-0.0000519423	7.7745289704E-9	0.0000031868	8.0000000000E-10	2.600	14.700
8/1/2022	10:22 PM	0.1483531400	54.500	2.997	4.998	0.0000010000	-0.0000519476	7.2012346411E-9	0.0000031943	1.9286456063E-9	2.500	14.600
8/1/2022	10:23 PM	0.1433242200	54.500	2.996	5.000	0.0000010000	-0.0000519452	9.3246939774E-9	0.0000031879	1.4215216528E-9	2.500	14.700
8/1/2022	10:23 PM	0.1382953000	54.500	2.993	5.000	0.0000010000	-0.0000519490	5.2578653610E-9	0.0000032034	1.3460250527E-9	2.500	14.700
8/1/2022	10:24 PM	0.1332663800	54.500	3.000	5.001	0.0000010000	-0.0000519447	7.2485807367E-9	0.0000031795	1.5680491707E-9	2.500	14.800
8/1/2022	10:25 PM	0.1282374600	54.500	2.999	5.001	0.0000010000	-0.0000519454	4.3965875595E-9	0.0000031935	0.0000000000E+0	2.500	14.700
8/1/2022	10:25 PM	0.1232085400	54.500	2.998	5.000	0.0000010000	-0.0000519432	1.1594971663E-8	0.0000031962	6.9154759474E-10	2.500	14.700
8/1/2022	10:26 PM	0.1181796200	54.500	2.999	5.000	0.0000010000	-0.0000519473	5.3762321507E-9	0.0000032106	1.1995074486E-9	2.500	14.600
8/1/2022	10:27 PM	0.1131507000	54.500	3.001	4.999	0.0000010000	-0.0000519344	6.2162407989E-9	0.0000031863	8.0632910179E-10	2.500	14.700
8/1/2022	10:27 PM	0.1081217800	54.500	3.009	5.002	0.0000010000	-0.0000519462	6.5663411222E-9	0.0000031945	1.1455900096E-9	2.500	14.800
8/1/2022	10:28 PM	0.1030928600	54.500	3.003	5.000	0.0000010000	-0.0000519486	6.1082399601E-9	0.0000032030	1.0154753215E-9	2.500	14.600
8/1/2022	10:29 PM	0.0980639400	54.500	2.992	4.999	0.0000010000	-0.0000519516	8.0118909516E-9	0.0000031885	2.3606510478E-9	2.500	14.800
8/1/2022	10:29 PM	0.0930350200	54.500	3.001	5.002	0.0000010000	-0.0000519464	1.1124104914E-8	0.0000031941	9.8424360038E-10	2.500	14.700
8/1/2022	10:30 PM	0.0880061000	54.500	2.996	5.000	0.0000010000	-0.0000519488	8.9185526227E-9	0.0000031816	1.0000000000E-9	2.500	14.700
8/1/2022	10:31 PM	0.0829771800	54.500	3.003	4.999	0.0000010000	-0.0000519407	5.8773998316E-9	0.0000031813	1.0025581909E-9	2.500	14.600
8/1/2022	10:31 PM	0.0779482600	54.500	2.999	5.000	0.0000010000	-0.0000519505	7.5069072641E-9	0.0000031724	1.2278004802E-9	2.500	14.600
8/1/2022	10:32 PM	0.0704048800	54.500	3.003	5.000	0.0000010000	-0.0000519442	6.9632698058E-9	0.0000032025	2.4494897428E-10	2.500	14.600
8/1/2022	10:33 PM	0.0603470400	54.500	2.993	4.998	0.0000010000	-0.0000519466	5.8597963246E-9	0.0000031671	1.6572411502E-9	2.500	14.600
8/1/2022	10:33 PM	0.0502892000	54.500	3.007	5.002	0.0000010000	-0.0000519499	7.2320884876E-9	0.0000031945	2.0695046235E-9	2.500	14.700
8/1/2022	10:34 PM	0.0402313600	54.500	2.999	4.999	0.0000010000	-0.0000519628	5.3148724276E-9	0.0000032179	2.2483377545E-9	2.500	14.600
8/1/2022	10:35 PM	0.0301735200	54.500	3.011	5.003	0.0000010000	-0.0000519568	4.0306086214E-9	0.0000031935	1.7455290834E-9	2.500	14.800
8/1/2022	10:35 PM	0.0201156800	54.500	3.000	4.999	0.0000010000	-0.0000519550	7.9973854911E-9	0.0000031821	3.2247448714E-10	2.500	14.600
8/1/2022	10:36 PM	0.0100578400	54.500	2.999	5.000	0.0000010000	-0.0000519504	5.5823940419E-9	0.0000031828	1.1070229163E-9	2.500	14.700
8/1/2022	10:37 PM	0.0000000000	54.500	2.999	5.001	0.0000010000	-0.0000519501	8.8691473285E-9	0.0000032008	5.8309518948E-10	2.500	14.700
8/1/2022	10:37 PM	-0.0100578400	54.500	2.995	5.001	0.0000010000	-0.0000519540	7.2974058589E-9	0.0000031852	1.0588626580E-9	2.500	14.700
8/1/2022	10:38 PM	-0.0201156800	54.500	2.984	4.998	0.0000010000	-0.0000519480	8.7716163561E-9	0.0000031801	1.0300537619E-9	2.500	14.600
8/1/2022	10:39 PM	-0.0301735200	54.500	2.999	4.999	0.0000010000	-0.0000519534	6.7932644746E-9	0.0000031719	8.4409048005E-10	2.500	14.600
8/1/2022	10:40 PM	-0.0402313600	54.500	2.992	4.999	0.0000010000	-0.0000519461	6.7038055639E-9	0.0000031783	4.9154759474E-10	2.500	14.700
8/1/2022	10:40 PM	-0.0502892000	54.500	3.005	5.000	0.0000010000	-0.0000519444	7.0915494190E-9	0.0000031814	7.5522851952E-10	2.500	14.500
8/1/2022	10:41 PM	-0.0603470400	54.500	2.999	5.000	0.0000010000	-0.0000519564	6.7324056835E-9	0.0000031919	1.5703661856E-9	2.400	14.600
8/1/2022	10:42 PM	-0.0704048800	54.500	2.993	5.000	0.0000010000	-0.0000519611	4.7729540191E-9	0.0000031920	8.3143694192E-10	2.500	14.700
8/1/2022	10:42 PM	-0.0779482600	54.500	2.999	4.999	0.0000010000	-0.0000519602	5.8763979474E-9	0.0000031949	1.4116564354E-9	2.500	14.700
8/1/2022	10:43 PM	-0.0829771800	54.500	3.000	5.001	0.0000010000	-0.0000519507	4.0956586659E-9	0.0000031771	1.3571852026E-9	2.500	14.700
8/1/2022	10:44 PM	-0.0880061000	54.500	2.997	4.999	0.0000010000	-0.0000519446	8.4954328830E-9	0.0000031848	2.3807229058E-9	2.500	14.700
8/1/2022	10:44 PM	-0.0930350200	54.500	2.993	5.000	0.0000010000	-0.0000519491	8.4933071601E-9	0.0000031954	1.3601700252E-9	2.500	14.600
8/1/2022	10:45 PM	-0.0980639400	54.500	2.995	5.000	0.0000010000	-0.0000519435	8.3932119420E-9	0.0000031891	4.1622776602E-10	2.400	14.600
8/1/2022	10:46 PM	-0.1030928600	54.500	2.999	5.000	0.0000010000	-0.0000519413	7.4289499146E-9	0.0000031738	8.2540150734E-10	2.500	14.600
8/1/2022	10:46 PM	-0.1081217800	54.500	3.008	5.002	0.0000010000	-0.0000519564	5.5497534890E-9	0.0000032026	9.6695398029E-10	2.500	14.800
8/1/2022	10:47 PM	-0.1131507000	54.500	3.002	5.000	0.0000010000	-0.0000519528	8.0084365371E-9	0.0000032020	6.7185085508E-10	2.500	14.700
8/1/2022	10:48 PM	-0.1181796200	54.500	2.995	5.001	0.0000010000	-0.0000519542	5.0123730164E-9	0.0000032156	1.6610459826E-9	2.500	14.800
8/1/2022	10:48 PM	-0.1232085400	0.900	2.998	5.000	0.0000010000	-0.0000519530	6.5456241317E-9	0.0000032011	1.0144781624E-9	2.500	14.700
8/1/2022	10:49 PM	-0.1282374600	54.500	2.995	5.001	0.0000010000	-0.0000519485	9.8906516111E-9	0.0000031937	1.0307695934E-9	2.500	14.600
8/1/2022	10:50 PM	-0.1332663800	54.500	3.006	5.001	0.0000010000	-0.0000519444	4.5700200569E-9	0.0000031870	1.2585015750E-9	2.500	14.700
8/1/2022	10:50 PM	-0.1382953000	54.500	3.004	4.999	0.0000010000	-0.0000519541	8.2808435315E-9	0.0000031801	7.3851648071E-10	2.500	14.600
8/1/2022	10:51 PM	-0.1433242200	54.500	3.001	5.001	0.0000010000	-0.0000519519	9.8397635198E-9	0.0000032009	6.4031242374E-10	2.400	14.700
8/1/2022	10:52 PM	-0.1483531400	54.500	2.994	4.999	0.0000010000	-0.0000519491	1.1462494923E-8	0.0000031875	1.2979148551E-9	2.500	14.600
8/1/2022	10:52 PM	-0.1533820600	54.500	2.999	4.999	0.0000010000	-0.0000519549	1.3287623884E-8	0.0000032130	1.1191948626E-9	2.500	14.600
8/1/2022	10:53 PM	-0.1584109800	54.500	3.001	5.000	0.0000010000	-0.0000519516	1.3019407238E-8	0.0000032005	2.5368161832E-9	2.500	14.500
8/1/2022	10:54 PM	-0.1634399000	54.500	3.006	5.001	0.0000010000	-0.0000519655	1.1508343259E-8	0.0000031729	1.6933321716E-9	2.500	14.600
8/1/2022	10:54 PM	-0.1684688200	54.500	2.999	5.000	0.0000010000	-0.0000519537	4.4469798854E-9	0.0000031994	8.5910327436E-10	2.500	14.600
8/1/2022	10:55 PM	-0.1734977400	51.000	2.999	5.002	0.0000010000	-0.0000519454	6.0628744914E-9	0.0000031843	1.3719760310E-9	2.400	14.500
8/1/2022	10:56 PM	-0.1785266600	51.000	3.000	5.000	0.0000010000	-0.0000519742	9.2864949548E-9	0.0000031621	2.2930118779E-9	2.400	14.500
8/1/2022	10:56 PM	-0.1835555800	51.000	3.000	5.001	0.0000010000	-0.0000519605	8.4588145583E-9	0.0000031994	1.0841646071E-9	2.400	14.700
8/1/2022	10:57 PM	-0.1885845000	51.000	3.009	5.000	0.0000010000	-0.0000519714	8.2030028371E-9	0.0000031727	1.6405411544E-9	2.500	14.600
8/1/2022	10:58 PM	-0.1936134200	51.000	3.003	5.001	0.0000010000	-0.0000519557	6.7863447146E-9	0.0000031811	1.3768602296E-9	2.500	14.600
8/1/2022	10:59 PM	-0.1986423400	51.000	3.008	5.002	0.0000010000	-0.0000519566	1.0631562009E-8	0.0000031676	1.4205499857E-9	2.400	14.500
8/1/2022	10:59 PM	-0.2036712600	51.000	2.991	4.999	0.0000010000	-0.0000519547	6.8200962874E-9	0.0000032058	2.8343936328E-9	2.500	14.600
8/1/2022	11:00 PM	-0.2087001800	51.000	3.014	5.000	0.0000010000	-0.0000519513	8.5322485074E-9	0.0000032070	1.8539352032E-9	2.500	14.600
8/1/2022	11:01 PM	-0.2137291000	51.000	2.995	4.998	0.0000010000	-0.0000519369	1.2240628987E-8	0.0000031735	2.1096746748E-9	2.500	14.600
8/1/2022	11:01 PM	-0.2187580200	51.000	3.006	5.000	0.0000010000	-0.0000519671	9.5062182749E-9	0.0000031904	3.3252991079E-9	2.500	14.700
8/1/2022	11:02 PM	-0.2237869400	51.000	2.993	4.999	0.0000010000	-0.0000519672	1.4721163995E-8	0.0000031778	1.3382022873E-9	2.400	14.600
8/1/2022	11:03 PM	-0.2288158600	51.000	3.002	5.000	0.0000010000	-0.0000519532	8.1892923694E-9	0.0000031611	2.0702253290E-9	2.400	14.600
8/1/2022	11:03 PM	-0.2338447800	51.000	3.003	5.001	0.0000010000	-0.0000519259	1.0082243324E-8	0.0000018267	2.4218297843E-9	2.500	14.600
8/1/2022	11:04 PM	-0.2388737000	51.000	3.001	5.001	0.0000010000	-0.0000519313	1.1812352177E-8	0.0000018319	8.3784666345E-10	2.400	14.500
8/1/2022	11:05 PM	-0.2439026200	51.000	3.007	5.000	0.0000010000	-0.0000519261	5.4846255454E-9	0.0000018268	4.7863046408E-10	2.500	14.600
8/1/2022	11:05 PM	-0.2489315400	51.000	2.998	5.001	0.0000010000	-0.0000519315	1.0010693902E-8	0.0000018122	1.4741657387E-9	2.500	14.500
8/1/2022	11:06 PM	-0.2539604600	51.000	3.011	5.000	0.0000010000	-0.0000519526	9.7070873404E-9	0.0000018307	1.4561525868E-9	2.500	14.500
8/1/2022	11:07 PM	-0.2589893800	51.000	3.007	5.002	0.0000010000	-0.0000519508	6.4513684780E-9	0.0000018259	8.0620192023E-10	2.400	14.600
8/1/2022	11:07 PM	-0.2640183000	51.000	2.996	4.998	0.0000010000	-0.0000519256	1.2988058270E-8	0.0000017946	1.5486075300E-9	2.400	14.500
8/1/2022	11:08 PM	-0.2690472200	51.000	3.002	4.999	0.0000010000	-0.0000519248	1.1046943882E-8	0.0000017904	2.1857312665E-9	2.400	14.600
8/1/2022	11:09 PM	-0.2740761400	51.000	3.016	5.001	0.0000010000	-0.0000519373	1.1527624723E-8	0.0000018239	6.2911671436E-10	2.500	14.500
8/1/2022	11:09 PM	-0.2791050600	51.000	2.989	5.000	0.0000010000	-0.0000519564	1.0677605863E-8	0.0000018078	1.0186218983E-9	2.400	14.500
8/1/2022	11:10 PM	-0.2841339800	51.000	3.002	5.000	0.0000010000	-0.0000519365	1.1279306992E-8	0.0000018041	1.4385437231E-9	2.400	14.600
8/1/2022	11:11 PM	-0.2891629000	51.000	2.990	4.998	0.0000010000	-0.0000519249	1.4189770788E-8	0.0000018209	1.3082951062E-9	2.500	14.500
8/1/2022	11:11 PM	-0.2941918200	51.000	2.999	4.998	0.0000010000	-0.0000519637	8.7950008980E-9	0.0000018234	1.0000000000E-10	2.500	14.400
8/1/2022	11:12 PM	-0.2992207400	51.000	3.004	5.002	0.0000010000	-0.0000519369	1.0605848151E-8	0.0000018195	7.4820292778E-10	2.400	14.500
8/1/2022	11:13 PM	-0.3042496600	51.000	2.993	4.998	0.0000010000	-0.0000519359	1.3117892813E-8	0.0000018340	1.1319019040E-9	2.500	14.500
8/1/2022	11:13 PM	-0.3092785800	51.000	3.000	5.000	0.0000010000	-0.0000519476	3.0245348035E-9	0.0000018199	1.4986599723E-9	2.500	14.500
8/1/2022	11:14 PM	-0.3143075000	51.000	2.999	5.000	0.0000010000	-0.0000519309	1.1269391308E-8	0.0000018148	2.2237736115E-9	2.400	14.500
8/1/2022	11:15 PM	-0.3193364200	51.000	3.007	5.000	0.0000010000	-0.0000519497	3.9750342363E-9	0.0000018155	7.4031242374E-10	2.400	14.500
8/1/2022	11:15 PM	-0.3243653400	51.000	2.999	4.996	0.0000010000	-0.0000519690	8.0778972689E-9	0.0000018273	2.6238715201E-9	2.500	14.400
8/1/2022	11:16 PM	-0.3293942600	51.000	3.002	5.000	0.0000010000	-0.0000519455	1.7692979800E-8	0.0000017882	1.2467344941E-9	2.500	14.400
8/1/2022	11:17 PM	-0.3344231800	51.000	2.996	5.000	0.0000010000	-0.0000519335	7.8893909451E-9	0.0000018072	6.9154759474E-10	2.400	14.700
8/1/2022	11:17 PM	-0.3394521000	51.000	3.009	5.002	0.0000010000	-0.0000519423	9.0041881748E-9	0.0000018161	1.1741657387E-9	2.400	14.600
8/1/2022	11:18 PM	-0.3444810200	51.000	2.997	5.001	0.0000010000	-0.0000519367	3.9968751430E-9	0.0000018159	7.8201978505E-10	2.400	14.500
8/1/2022	11:19 PM	-0.3495099400	51.000	3.000	5.000	0.0000010000	-0.0000519418	4.9394194518E-9	0.0000018085	9.1268221939E-10	2.400	14.500
8/1/2022	11:19 PM	-0.3495099400	51.000	3.002	4.999	0.0000010000	-0.0000519408	7.2344912488E-9	0.0000018340	6.1719913269E-10	2.400	14.600
8/1/2022	11:20 PM	-0.3444810200	51.000	3.004	5.001	0.0000010000	-0.0000519295	1.0120145525E-8	0.0000018126	4.8989794856E-10	2.400	14.500
8/1/2022	11:21 PM	-0.3394521000	51.000	2.999	5.000	0.0000010000	-0.0000519542	6.2868846794E-9	0.0000018205	7.1328223783E-10	2.400	14.400
8/1/2022	11:21 PM	-0.3344231800	51.000	2.995	4.999	0.0000010000	-0.0000519404	9.4209405198E-9	0.0000018471	1.5720805937E-9	2.400	14.500
8/1/2022	11:22 PM	-0.3293942600	51.000	2.995	4.999	0.0000010000	-0.0000519351	6.9572824149E-9	0.0000018359	1.1998427010E-9	2.400	14.500
8/1/2022	11:23 PM	-0.3243653400	51.000	2.995	5.000	0.0000010000	-0.0000519246	7.3515690319E-9	0.0000018358	1.9498925091E-9	2.500	14.500
8/1/2022	11:23 PM	-0.3193364200	51.000	3.007	5.000	0.0000010000	-0.0000519326	7.5122972175E-9	0.0000018015	1.3328463308E-9	2.400	14.600
8/1/2022	11:24 PM	-0.3143075000	51.000	3.005	5.000	0.0000010000	-0.0000519364	7.5869607395E-9	0.0000018129	2.4333833997E-9	2.400	14.400
8/1/2022	11:25 PM	-0.3092785800	51.000	3.003	5.001	0.0000010000	-0.0000519590	9.2884751289E-9	0.0000018273	9.9753483738E-10	2.400	14.600
8/1/2022	11:25 PM	-0.3042496600	51.000	3.008	5.000	0.0000010000	-0.0000519367	8.6392089255E-9	0.0000018422	1.1052182095E-9	2.400	14.500
8/1/2022	11:26 PM	-0.2992207400	51.000	2.999	5.001	0.0000010000	-0.0000519366	9.3800002496E-9	0.0000018307	1.4489995997E-9	2.400	14.600
8/1/2022	11:27 PM	-0.2941918200	51.000	2.998	4.999	0.0000010000	-0.0000519385	8.7399262658E-9	0.0000018276	1.9953638476E-9	2.400	14.500
8/1/2022	11:28 PM	-0.2891629000	51.000	3.011	5.001	0.0000010000	-0.0000519425	4.3883242165E-9	0.0000018283	5.8476798574E-10	2.400	14.700
8/1/2022	11:28 PM	-0.2841339800	51.000	3.009	4.999	0.0000010000	-0.0000519194	1.2869779975E-8	0.0000018069	1.5347540490E-9	2.500	14.600
8/1/2022	11:29 PM	-0.2791050600	51.000	3.001	5.001	0.0000010000	-0.0000519297	1.3118988996E-8	0.0000018156	1.5176350047E-9	2.400	14.600
8/1/2022	11:30 PM	-0.2740761400	51.000	2.995	5.000	0.0000010000	-0.0000519432	7.8630190468E-9	0.0000018211	9.1610387159E-10	2.400	14.500
8/1/2022	11:30 PM	-0.2690472200	51.000	2.992	4.999	0.0000010000	-0.0000519434	8.1498654791E-9	0.0000018281	1.5054704610E-9	2.400	14.400
8/1/2022	11:31 PM	-0.2640183000	51.000	2.989	5.000	0.0000010000	-0.0000519342	6.9384881948E-9	0.0000018029	3.0123469303E-9	2.400	14.500
8/1/2022	11:32 PM	-0.2589893800	51.000	2.997	4.999	0.0000010000	-0.0000519260	7.5223788585E-9	0.0000018414	1.8490394923E-9	2.400	14.400
8/1/2022	11:32 PM	-0.2539604600	51.000	2.999	5.000	0.0000010000	-0.0000519357	8.8289926924E-9	0.0000018446	2.0884886057E-9	2.500	14.400
8/1/2022	11:33 PM	-0.2489315400	51.000	3.001	5.000	0.0000010000	-0.0000519251	1.0782249327E-8	0.0000018427	1.3152451986E-9	2.400	14.500
8/1/2022	11:34 PM	-0.2439026200	51.000	3.002	5.000	0.0000010000	-0.0000519383	1.1033041509E-8	0.0000018172	7.2771912927E-10	2.400	14.400
8/1/2022	11:34 PM	-0.2388737000	51.000	3.002	5.000	0.0000010000	-0.0000519534	7.9629384109E-9	0.0000018281	9.8881944173E-10	2.400	14.400
8/1/2022	11:35 PM	-0.2338447800	51.000	3.008	5.001	0.0000010000	-0.0000519417	6.0203046627E-9	0.0000018270	8.3784666345E-10	2.400	14.500
8/1/2022	11:36 PM	-0.2288158600	51.000	2.997	5.001	0.0000010000	-0.0000519334	6.5865411223E-9	0.0000017600	5.0962328082E-9	2.500	14.600
8/1/2022	11:36 PM	-0.2237869400	51.000	2.994	5.000	0.0000010000	-0.0000519323	3.3011192255E-9	0.0000018192	6.0000000000E-10	2.400	14.400
8/1/2022	11:37 PM	-0.2187580200	51.000	2.994	5.000	0.0000010000	-0.0000519310	8.8802420566E-9	0.0000018231	1.0821170098E-9	2.400	14.400
8/1/2022	11:38 PM	-0.2137291000	51.000	3.002	5.001	0.0000010000	-0.0000519428	9.3622289617E-9	0.0000018081	1.0809282077E-9	2.400	14.400
8/1/2022	11:38 PM	-0.2087001800	51.000	2.996	5.001	0.0000010000	-0.0000519601	9.8571754487E-9	0.0000018285	2.4494897428E-10	2.400	14.500
8/1/2022	11:39 PM	-0.2036712600	51.000	2.990	4.998	0.0000010000	-0.0000519267	1.1019284363E-8	0.0000018228	2.7925266563E-9	2.400	14.500
8/1/2022	11:40 PM	-0.1986423400	51.000	3.002	4.999	0.0000010000	-0.0000519201	9.6468459982E-9	0.0000018301	1.2474226377E-9	2.500	14.500
8/1/2022	11:40 PM	-0.1936134200	51.000	3.006	5.000	0.0000010000	-0.0000519313	9.5893783461E-9	0.0000018357	1.7186709646E-9	2.500	14.400
8/1/2022	11:41 PM	-0.1885845000	51.000	2.997	4.999	0.0000010000	-0.0000519295	1.5986763602E-8	0.0000018135	4.7434164903E-10	2.400	14.400
8/1/2022	11:42 PM	-0.1835555800	51.000	3.008	5.002	0.0000010000	-0.0000519366	5.1096127428E-9	0.0000018158	3.0000000000E-10	2.400	14.500
8/1/2022	11:42 PM	-0.1785266600	51.000	2.994	5.000	0.0000010000	-0.0000519558	5.7952164453E-9	0.0000018207	1.2974772233E-9	2.400	14.400
8/1/2022	11:43 PM	-0.1734977400	51.000	3.012	5.001	0.0000010000	-0.0000519464	8.7599912609E-9	0.0000018173	1.3002433073E-9	2.400	14.500
8/1/2022	11:44 PM	-0.1684688200	51.000	3.006	4.999	0.0000010000	-0.0000519114	3.1596595031E-9	0.0000018094	1.2022703843E-9	2.400	14.300
8/1/2022	11:44 PM	-0.1634399000	51.000	2.994	4.998	0.0000010000	-0.0000519307	5.8098735311E-9	0.0000018223	1.1788289045E-9	2.400	14.400
8/1/2022	11:45 PM	-0.1584109800	51.000	2.996	4.999	0.0000010000	-0.0000519172	7.1195809443E-9	0.0000017976	1.4198039027E-9	2.400	14.500
8/1/2022	11:46 PM	-0.1533820600	51.000	2.991	4.999	0.0000010000	-0.0000519465	8.8091271666E-9	0.0000018406	9.3143694192E-10	2.500	14.400
8/1/2022	11:46 PM	-0.1483531400	51.000	2.994	4.999	0.0000010000	-0.0000519428	4.6215661681E-9	0.0000018311	1.3937346867E-9	2.400	14.400
8/1/2022	11:47 PM	-0.1433242200	51.000	2.998	5.000	0.0000010000	-0.0000519345	7.5549185801E-9	0.0000018104	1.0432124137E-9	2.400	14.500
8/1/2022	11:48 PM	-0.1382953000	51.000	3.000	5.000	0.0000010000	-0.0000519383	5.9812477684E-9	0.0000018423	2.0480877506E-9	2.400	14.500
8/1/2022	11:48 PM	-0.1332663800	51.000	3.004	5.000	0.0000010000	-0.0000519431	9.5901238288E-9	0.0000017872	1.7227540666E-9	2.300	14.300
8/1/2022	11:49 PM	-0.1282374600	51.000	2.997	5.001	0.0000010000	-0.0000519129	7.9168364721E-9	0.0000018136	1.4501147130E-9	2.400	14.400
8/1/2022	11:50 PM	-0.1232085400	51.000	2.997	5.000	0.0000010000	-0.0000519585	5.6664240980E-9	0.0000018135	7.2820159556E-10	2.400	14.500
8/1/2022	11:50 PM	-0.1181796200	51.000	2.994	4.998	0.0000010000	-0.0000519496	7.0781047937E-9	0.0000018133	8.5391142906E-10	2.400	14.400
8/1/2022	11:51 PM	-0.1131507000	51.000	2.993	4.999	0.0000010000	-0.0000519338	4.2236700988E-9	0.0000018245	1.3985705110E-9	2.500	14.500
8/1/2022	11:52 PM	-0.1081217800	51.000	3.001	5.002	0.0000010000	-0.0000519248	8.8792482269E-9	0.0000018308	3.8708286934E-10	2.400	14.400
8/1/2022	11:52 PM	-0.1030928600	51.000	3.003	5.002	0.0000010000	-0.0000519550	4.8147690048E-9	0.0000018347	7.3754220353E-10	2.400	14.600
8/1/2022	11:53 PM	-0.0980639400	51.000	3.005	5.003	0.0000010000	-0.0000519387	6.8052450301E-9	0.0000018235	5.3011626335E-10	2.300	14.300
8/1/2022	11:54 PM	-0.0930350200	51.000	2.996	5.000	0.0000010000	-0.0000519681	7.0256952448E-9	0.0000017768	3.1015683091E-9	2.400	14.500
8/1/2022	11:54 PM	-0.0880061000	51.000	2.991	4.999	0.0000010000	-0.0000519284	9.1502157260E-9	0.0000018347	1.5755668515E-9	2.400	14.400
8/1/2022	11:55 PM	-0.0829771800	48.900	2.997	5.000	0.0000010000	-0.0000519312	6.6099397015E-9	0.0000018045	1.8552945357E-9	2.400	14.500
8/1/2022	11:56 PM	-0.0779482600	48.900	2.995	5.000	0.0000010000	-0.0000519320	1.3368411567E-8	0.0000018122	1.0848692196E-9	2.400	14.500
8/1/2022	11:56 PM	-0.0704048800	0.900	3.014	5.001	0.0000010000	-0.0000519361	6.1218081413E-9	0.0000018082	7.3385391260E-10	2.400	14.400
8/1/2022	11:57 PM	-0.0603470400	48.900	3.009	4.999	0.0000010000	-0.0000519563	8.1110804448E-9	0.0000018033	1.1995074486E-9	2.500	14.600
8/1/2022	11:58 PM	-0.0502892000	48.900	2.993	5.000	0.0000010000	-0.0000519482	5.0933637080E-9	0.0000018391	7.6588924377E-10	2.400	14.400
8/1/2022	11:58 PM	-0.0402313600	48.900	2.996	5.000	0.0000010000	-0.0000519626	1.0601806559E-8	0.0000018289	4.7416573868E-10	2.400	14.500
8/1/2022	11:59 PM	-0.0301735200	48.900	2.994	5.001	0.0000010000	-0.0000519373	9.4519030467E-9	0.0000018203	2.1184869737E-9	2.400	14.500
8/2/2022	12:00 AM	-0.0201156800	48.900	3.002	5.000	0.0000010000	-0.0000519477	9.6814088012E-9	0.0000017549	5.4576773204E-9	2.400	14.400
8/2/2022	12:01 AM	-0.0100578400	0.900	2.995	4.999	0.0000010000	-0.0000519524	6.5800655479E-9	0.0000018290	1.0077358852E-9	2.400	14.400
8/2/2022	12:01 AM	0.0000000000	48.900	3.004	4.999	0.0000010000	-0.0000519553	9.3448559013E-9	0.0000018049	1.4831017608E-9	2.400	14.500
8/2/2022	12:02 AM	0.0100578400	48.900	3.008	5.000	0.0000010000	-0.0000519543	8.2041940995E-9	0.0000018306	6.3066409390E-10	2.400	14.300
8/2/2022	12:03 AM	0.0201156800	48.900	2.993	5.001	0.0000010000	-0.0000519415	8.5337695702E-9	0.0000018281	7.9346745639E-10	2.400	14.500
8/2/2022	12:04 AM	0.0301735200	48.900	3.011	5.000	0.0000010000	-0.0000519326	1.1543786244E-8	0.0000018316	7.8309518948E-10	2.400	14.500
8/2/2022	12:04 AM	0.0402313600	48.900	2.997	4.998	0.0000010000	-0.0000519545	1.0579098358E-8	0.0000018394	1.2068867721E-9	2.500	14.500
8/2/2022	12:05 AM	0.0502892000	48.900	3.002	5.000	0.0000010000	-0.0000519471	1.2319741012E-8	0.0000018438	7.4031242374E-10	2.400	14.400
8/2/2022	12:06 AM	0.0603470400	48.900	2.994	4.998	0.0000010000	-0.0000519285	8.8576382992E-9	0.0000018049	2.3931611960E-9	2.400	14.500
8/2/2022	12:06 AM	0.0704048800	48.900	2.999	4.999	0.0000010000	-0.0000519530	9.9022744992E-9	0.0000018184	1.1056026806E-9	2.400	14.400
8/2/2022	12:07 AM	0.0779482600	48.900	2.996	4.999	0.0000010000	-0.0000519424	6.5562143670E-9	0.0000018304	5.4063625993E-10	2.400	14.400
8/2/2022	12:08 AM	0.0829771800	48.900	3.007	5.001	0.0000010000	-0.0000519428	7.4097498903E-9	0.0000018223	7.2166385809E-10	2.400	14.500
8/2/2022	12:08 AM	0.0880061000	48.900	3.003	4.999	0.0000010000	-0.0000519312	5.8601694003E-9	0.0000018287	1.2131688485E-9	2.400	14.400
8/2/2022	12:09 AM	0.0930350200	48.900	3.003	5.001	0.0000010000	-0.0000519450	1.2534864586E-8	0.0000018291	3.2247448714E-10	2.400	14.500
8/2/2022	12:10 AM	0.0980639400	48.900	3.006	4.999	0.0000010000	-0.0000519469	8.4415623133E-9	0.0000018343	9.0920421171E-10	2.500	14.400
8/2/2022	12:10 AM	0.1030928600	48.900	3.011	4.999	0.0000010000	-0.0000519685	8.4072007473E-9	0.0000018289	6.9774951497E-10	2.400	14.400
8/2/2022	12:11 AM	0.1081217800	48.900	2.989	4.999	0.0000010000	-0.0000519399	8.2822987081E-9	0.0000018243	1.1039933485E-9	2.400	14.400
8/2/2022	12:12 AM	0.1131507000	48.900	3.006	5.000	0.0000010000	-0.0000519261	6.5505568586E-9	0.0000018083	1.6571976231E-9	2.400	14.300
8/2/2022	12:12 AM	0.1181796200	48.900	3.000	5.000	0.0000010000	-0.0000519370	6.3114586266E-9	0.0000018326	1.1812006585E-9	2.300	14.300
8/2/2022	12:13 AM	0.1232085400	48.900	3.014	5.002	0.0000010000	-0.0000519418	1.3583577979E-8	0.0000018221	1.3307220622E-9	2.400	14.400
8/2/2022	12:14 AM	0.1282374600	48.900	3.008	5.001	0.0000010000	-0.0000519237	7.8412914826E-9	0.0000018220	1.8539352032E-9	2.400	14.500
8/2/2022	12:14 AM	0.1332663800	48.900	3.012	5.001	0.0000010000	-0.0000519400	8.0467510184E-9	0.0000018281	7.6332495807E-10	2.400	14.400
8/2/2022	12:15 AM	0.1382953000	48.900	3.003	4.999	0.0000010000	-0.0000519413	1.1370852761E-8	0.0000018292	7.2242968625E-10	2.400	14.400
8/2/2022	12:16 AM	0.1433242200	48.900	2.993	4.998	0.0000010000	-0.0000519469	9.9124938165E-9	0.0000018300	5.7716018834E-10	2.500	14.500
8/2/2022	12:16 AM	0.1483531400	48.900	2.991	4.997	0.0000010000	-0.0000519474	8.7513608358E-9	0.0000018231	2.5811388301E-10	2.400	14.500
8/2/2022	12:17 AM	0.1533820600	48.900	3.011	5.003	0.0000010000	-0.0000519434	6.2255073856E-9	0.0000018368	1.2877227173E-9	2.400	14.500
8/2/2022	12:18 AM	0.1584109800	48.900	2.997	5.000	0.0000010000	-0.0000519579	9.8090481552E-9	0.0000018407	1.2330994631E-9	2.400	14.400
8/2/2022	12:18 AM	0.1634399000	48.900	2.992	5.001	0.0000010000	-0.0000519472	6.4269815717E-9	0.0000018211	6.2911671436E-10	2.300	14.400
8/2/2022	12:19 AM	0.1684688200	48.900	3.003	5.000	0.0000010000	-0.0000519413	1.0161815071E-8	0.0000018388	1.4636809248E-9	2.400	14.300
8/2/2022	12:20 AM	0.1734977400	48.900	3.002	5.001	0.0000010000	-0.0000519390	7.2505231093E-9	0.0000017905	2.2665500259E-9	2.400	14.400
8/2/2022	12:20 AM	0.1785266600	48.900	2.996	5.000	0.0000010000	-0.0000519390	8.0075644311E-9	0.0000018191	1.9743817620E-9	2.400	14.200
8/2/2022	12:21 AM	0.1835555800	48.900	3.006	5.001	0.0000010000	-0.0000519416	9.7029240049E-9	0.0000018236	1.9490537264E-9	2.400	14.300
8/2/2022	12:22 AM	0.1885845000	48.900	3.004	5.002	0.0000010000	-0.0000519647	8.4654355976E-9	0.0000018168	5.8476798574E-10	2.300	14.400
8/2/2022	12:23 AM	0.1936134200	48.900	3.000	5.000	0.0000010000	-0.0000519700	6.6064239541E-9	0.0000018319	1.3460250527E-9	2.400	14.300
8/2/2022	12:23 AM	0.1986423400	48.900	2.994	4.999	0.0000010000	-0.0000519568	4.8812836792E-9	0.0000018161	8.6345534195E-10	2.400	14.400
8/2/2022	12:24 AM	0.2036712600	48.900	3.011	5.001	0.0000010000	-0.0000519655	8.2132015705E-9	0.0000018177	1.4043954109E-9	2.400	14.400
8/2/2022	12:25 AM	0.2087001800	48.900	3.006	5.000	0.0000010000	-0.0000519341	9.5089844974E-9	0.0000018182	1.1626807205E-9	2.300	14.300
8/2/2022	12:25 AM	0.2137291000	48.900	2.998	4.999	0.0000010000	-0.0000519399	8.5830113630E-9	0.0000018203	2.0000000000E-10	2.400	14.500
8/2/2022	12:26 AM	0.2187580200	48.900	3.006	5.000	0.0000010000	-0.0000519507	6.6054020733E-9	0.0000018314	1.2593646550E-9	2.400	14.300
8/2/2022	12:27 AM	0.2237869400	48.900	2.999	5.000	0.0000010000	-0.0000519345	1.1888944700E-8	0.0000018274	9.9386581434E-10	2.400	14.400
8/2/2022	12:27 AM	0.2288158600	48.900	3.007	5.001	0.0000010000	-0.0000519554	4.7863698440E-9	0.0000018262	2.1138492551E-9	2.400	14.400
8/2/2022	12:28 AM	0.2338447800	48.900	3.004	5.001	0.0000010000	-0.0000519516	7.5067538330E-9	0.0000018102	4.7602787773E-10	2.300	14.400
8/2/2022	12:29 AM	0.2388737000	48.900	3.012	5.002	0.0000010000	-0.0000519365	9.2759994378E-9	0.0000031854	2.5592534990E-9	2.400	14.400
8/2/2022	12:30 AM	0.2439026200	48.900	3.005	5.000	0.0000010000	-0.0000519285	1.5341054021E-8	0.0000031925	9.2364110314E-10	2.400	14.400
8/2/2022	12:30 AM	0.2489315400	48.900	2.999	5.000	0.0000010000	-0.0000519302	8.0140780334E-9	0.0000032026	1.7145725418E-9	2.300	14.300
8/2/2022	12:31 AM	0.2539604600	48.900	3.006	5.000	0.0000010000	-0.0000518973	1.1639848010E-8	0.0000032105	2.4169799277E-9	2.300	14.300
8/2/2022	12:32 AM	0.2589893800	48.900	2.995	4.999	0.0000010000	-0.0000519518	5.6004180349E-9	0.0000032021	1.1745966692E-9	2.400	14.400
8/2/2022	12:32 AM	0.2640183000	48.900	3.002	5.000	0.0000010000	-0.0000519438	1.1581016441E-8	0.0000031967	5.6968808264E-10	2.300	14.400
8/2/2022	12:33 AM	0.2690472200	48.900	2.999	5.000	0.0000010000	-0.0000519290	7.4488343239E-9	0.0000032051	8.0438357199E-10	2.400	14.500
8/2/2022	12:34 AM	0.2740761400	48.900	3.001	5.003	0.0000010000	-0.0000519263	6.2789188024E-9	0.0000031882	5.4649857042E-10	2.300	14.300
8/2/2022	12:34 AM	0.2791050600	48.900	2.999	5.000	0.0000010000	-0.0000519226	9.3714765936E-9	0.0000031727	4.9723038216E-10	2.300	14.300
8/2/2022	12:35 AM	0.2841339800	48.900	2.989	4.999	0.0000010000	-0.0000519301	8.5018540170E-9	0.0000031690	2.0009996807E-9	2.400	14.300
8/2/2022	12:36 AM	0.2891629000	48.900	3.006	5.002	0.0000010000	-0.0000519304	4.5531319362E-9	0.0000031940	9.3794980865E-10	2.300	14.300
8/2/2022	12:36 AM	0.2941918200	48.900	3.008	5.000	0.0000010000	-0.0000519474	7.5623329538E-9	0.0000031830	2.8708286934E-10	2.400	14.200
8/2/2022	12:37 AM	0.2992207400	48.900	2.995	5.000	0.0000010000	-0.0000519269	5.3611409310E-9	0.0000031840	2.4494897428E-10	2.300	14.400
8/2/2022	12:38 AM	0.3042496600	48.900	2.991	5.000	0.0000010000	-0.0000519531	1.2619353677E-8	0.0000031826	7.4833147735E-10	2.300	14.300
8/2/2022	12:39 AM	0.3092785800	48.900	2.989	4.999	0.0000010000	-0.0000519233	4.9494763702E-9	0.0000032031	1.1422783899E-9	2.300	14.400
8/2/2022	12:39 AM	0.3143075000	48.900	3.000	5.001	0.0000010000	-0.0000519343	6.9154993668E-9	0.0000031787	1.9248966869E-9	2.300	14.200
8/2/2022	12:40 AM	0.3193364200	48.900	2.996	5.001	0.0000010000	-0.0000519240	9.6568668501E-9	0.0000031896	5.9850236487E-10	2.300	14.400
8/2/2022	12:41 AM	0.3243653400	48.900	3.001	4.999	0.0000010000	-0.0000519135	1.0571096521E-8	0.0000031781	1.2018130065E-9	2.300	14.200
8/2/2022	12:41 AM	0.3293942600	48.900	2.994	5.000	0.0000010000	-0.0000519393	1.1310615328E-8	0.0000031985	3.9154759474E-10	2.300	14.300
8/2/2022	12:42 AM	0.3344231800	48.900	2.994	4.999	0.0000010000	-0.0000519241	7.4955899019E-9	0.0000031731	1.4656500284E-9	2.300	14.200
8/2/2022	12:43 AM	0.3394521000	48.900	3.003	4.999	0.0000010000	-0.0000519190	1.2609507900E-8	0.0000031996	1.8351193518E-9	2.300	14.300
8/2/2022	12:43 AM	0.3444810200	48.900	3.009	5.001	0.0000010000	-0.0000519128	4.5265531040E-9	0.0000031782	1.0229845367E-9	2.400	14.300
8/2/2022	12:44 AM	0.3495099400	48.900	2.998	5.001	0.0000010000	-0.0000519449	6.4821311441E-9	0.0000031819	6.5076379411E-10	2.300	14.300
