! User Name:	Aditya_Kumar
! Sample Name:	FGT_CPS_Device 4C-PF 10T-10min
! Sample ID:	CPS_MPS_Device_4A
! Date:	7/26/2022	Time:	2:53 AM
! Current Source:	Keithley 224 Current Source
! Voltmeter V1:	Keithley 182 Degital voltmeter
! Voltmeter V2:	Keithley 2182A  NanoVoltmeter
! V1 (volts):	Rxx
! V2 (volts):	Rxy
! Max Field (Tesla):0.000000	! Data points (0_maxT:75.000000	! Average Number:5.000000	
! Comments:	FGT/MnPS3 device was made in glove using flaking and dry transfering of flakes. 
! 
! 
! 
! 
! 
Data	Time	Magnetic Field (T)	Helium Level (%)	VTI Temperature (K)	Sample Temparture (K)	Current (A) 	Voltage-1(V)	Std. of V1	Voltage-2 (V)	Std. of V2	VTI  Heater Power (%)	Sample Heater Power (%)
7/26/2022	2:56 AM	0.3997991400	52.000	52.780	54.994	0.0000010000	-0.0000583985	8.8753427869E-9	0.0000041504	1.1300537619E-9	6.700	27.800
7/26/2022	2:57 AM	0.3972846800	85.100	3.001	5.003	0.0000010000	-0.0000583984	7.4305887425E-9	0.0000041429	1.2337800257E-9	7.300	27.000
7/26/2022	2:57 AM	0.3947702200	85.100	3.001	5.003	0.0000010000	-0.0000584033	1.0294139652E-8	0.0000041449	8.7464278423E-10	7.300	27.400
7/26/2022	2:58 AM	0.3922557600	85.100	3.001	5.005	0.0000010000	-0.0000583900	1.1786275398E-8	0.0000041521	9.3851648071E-10	7.200	27.900
7/26/2022	2:59 AM	0.3897413000	85.100	3.000	5.002	0.0000010000	-0.0000583976	9.1582972596E-9	0.0000041549	3.8708286934E-10	7.200	27.800
7/26/2022	2:59 AM	0.3872268400	85.100	3.000	4.996	0.0000010000	-0.0000583877	1.0496121346E-8	0.0000041349	1.7570795856E-9	7.200	27.100
7/26/2022	3:00 AM	0.3847123800	85.100	2.999	4.996	0.0000010000	-0.0000584023	1.0015323410E-8	0.0000041475	6.9154759474E-10	7.200	27.200
7/26/2022	3:01 AM	0.3821979200	85.100	2.999	4.999	0.0000010000	-0.0000583910	7.7510191630E-9	0.0000041988	3.2283120120E-9	7.200	27.400
7/26/2022	3:02 AM	0.3796834600	85.100	3.000	5.002	0.0000010000	-0.0000583906	8.2585243675E-9	0.0000041801	2.6975117151E-9	7.200	27.800
7/26/2022	3:02 AM	0.3771690000	85.100	3.000	5.005	0.0000010000	-0.0000583945	8.2247131706E-9	0.0000041134	2.9430668480E-9	7.200	27.400
7/26/2022	3:03 AM	0.3746545400	85.100	2.999	4.997	0.0000010000	-0.0000583985	1.0711300823E-8	0.0000041241	1.6888194417E-9	7.200	26.900
7/26/2022	3:04 AM	0.3721400800	85.100	3.000	5.003	0.0000010000	-0.0000583916	1.1837582781E-8	0.0000041371	9.3671144832E-10	7.200	27.700
7/26/2022	3:04 AM	0.3696256200	85.100	3.000	5.005	0.0000010000	-0.0000583989	1.4745829560E-8	0.0000041228	1.3382022873E-9	7.200	27.100
7/26/2022	3:05 AM	0.3671111600	85.100	3.000	4.995	0.0000010000	-0.0000584146	9.8070182482E-9	0.0000041526	1.3308533625E-9	7.200	27.300
7/26/2022	3:06 AM	0.3645967000	85.100	3.000	5.005	0.0000010000	-0.0000584233	1.3969739013E-8	0.0000041626	2.2247448714E-10	7.200	27.600
7/26/2022	3:06 AM	0.3620822400	85.100	3.000	4.995	0.0000010000	-0.0000584067	1.4663160503E-8	0.0000041814	3.4095594512E-9	7.200	26.900
7/26/2022	3:07 AM	0.3595677800	85.100	3.000	5.002	0.0000010000	-0.0000584155	7.2639465908E-9	0.0000041731	1.6962480278E-9	7.200	27.300
7/26/2022	3:08 AM	0.3570533200	85.100	3.000	4.998	0.0000010000	-0.0000584133	8.2689642119E-9	0.0000041685	1.3634418517E-9	7.200	27.200
7/26/2022	3:08 AM	0.3545388600	85.100	3.000	5.005	0.0000010000	-0.0000584047	1.3113322771E-8	0.0000041629	3.2787447259E-9	7.200	27.300
7/26/2022	3:09 AM	0.3520244000	85.100	3.000	4.995	0.0000010000	-0.0000584093	9.9252679422E-9	0.0000041489	3.0861718560E-9	7.200	27.200
7/26/2022	3:10 AM	0.3495099400	85.100	3.000	5.007	0.0000010000	-0.0000584108	1.3130325928E-8	0.0000041658	3.0955735648E-10	7.200	27.100
7/26/2022	3:10 AM	0.3469954800	85.100	3.000	4.994	0.0000010000	-0.0000584044	1.6714373276E-8	0.0000041157	2.6303410632E-9	7.200	27.500
7/26/2022	3:11 AM	0.3444810200	85.100	2.999	5.004	0.0000010000	-0.0000584162	3.9108918735E-9	0.0000041281	4.1205424932E-9	7.200	27.500
7/26/2022	3:12 AM	0.3419665600	85.100	2.999	4.997	0.0000010000	-0.0000584028	1.1549320098E-8	0.0000041580	5.3011626335E-10	7.300	27.200
7/26/2022	3:12 AM	0.3394521000	85.100	3.000	5.006	0.0000010000	-0.0000584175	1.8717160895E-8	0.0000041532	1.8169234230E-9	7.300	27.200
7/26/2022	3:13 AM	0.3369376400	85.100	3.001	5.000	0.0000010000	-0.0000583992	1.0473704637E-8	0.0000041815	2.4609424700E-9	7.200	27.600
7/26/2022	3:14 AM	0.3344231800	85.100	3.000	5.002	0.0000010000	-0.0000584031	1.1340790073E-8	0.0000041246	2.9752904067E-9	7.200	27.700
7/26/2022	3:14 AM	0.3319087200	85.100	3.000	4.998	0.0000010000	-0.0000583967	7.1127797612E-9	0.0000041371	2.4246204955E-9	7.200	27.300
7/26/2022	3:15 AM	0.3293942600	85.100	3.000	5.006	0.0000010000	-0.0000584160	8.8065448182E-9	0.0000041164	2.8586568690E-9	7.200	27.500
7/26/2022	3:16 AM	0.3268798000	85.100	3.000	5.001	0.0000010000	-0.0000584043	1.2793954386E-8	0.0000041546	1.0210255840E-9	7.200	27.300
7/26/2022	3:17 AM	0.3243653400	85.100	2.999	5.001	0.0000010000	-0.0000584073	8.0990642127E-9	0.0000041501	9.7831803736E-10	7.200	27.400
7/26/2022	3:17 AM	0.3218508800	85.100	2.999	5.004	0.0000010000	-0.0000584154	9.8206530710E-9	0.0000041538	8.1547532152E-10	7.300	27.600
7/26/2022	3:18 AM	0.3193364200	85.100	3.000	4.995	0.0000010000	-0.0000583907	5.5470224659E-9	0.0000041530	1.0918007434E-9	7.300	26.800
7/26/2022	3:19 AM	0.3168219600	85.100	3.000	5.002	0.0000010000	-0.0000583975	9.2722384023E-9	0.0000041451	1.8140554983E-9	7.300	27.800
7/26/2022	3:19 AM	0.3143075000	85.100	3.000	5.004	0.0000010000	-0.0000583943	1.1082732672E-8	0.0000041485	5.7716018834E-10	7.300	27.200
7/26/2022	3:20 AM	0.3117930400	85.100	3.000	4.992	0.0000010000	-0.0000583858	1.4348108877E-8	0.0000041396	1.7798352014E-9	7.300	27.300
7/26/2022	3:21 AM	0.3092785800	85.100	3.000	5.001	0.0000010000	-0.0000583968	1.2739054248E-8	0.0000041505	1.7042947632E-9	7.300	27.500
7/26/2022	3:21 AM	0.3067641200	85.100	3.000	5.003	0.0000010000	-0.0000584078	6.6962409310E-9	0.0000041278	1.8771253127E-9	7.300	27.500
7/26/2022	3:22 AM	0.3042496600	85.100	2.999	4.998	0.0000010000	-0.0000584012	7.1383798839E-9	0.0000041820	1.6904125072E-9	7.300	27.100
7/26/2022	3:23 AM	0.3017352000	85.100	3.000	4.996	0.0000010000	-0.0000583858	4.4143460374E-9	0.0000041563	1.0759023111E-9	7.300	27.100
7/26/2022	3:24 AM	0.2992207400	85.100	3.000	5.001	0.0000010000	-0.0000584056	5.5684663821E-9	0.0000041586	7.5522851952E-10	7.300	27.400
7/26/2022	3:24 AM	0.2967062800	85.100	3.000	4.995	0.0000010000	-0.0000584004	1.1879700967E-8	0.0000041354	1.1905607780E-9	7.300	27.100
7/26/2022	3:25 AM	0.2941918200	85.100	3.000	4.999	0.0000010000	-0.0000583981	1.3653525834E-8	0.0000041904	1.4095815835E-9	7.300	28.000
7/26/2022	3:26 AM	0.2916773600	85.100	3.000	4.999	0.0000010000	-0.0000584048	9.1927259030E-9	0.0000041444	1.0759023111E-9	7.300	27.100
7/26/2022	3:26 AM	0.2891629000	85.100	2.999	4.997	0.0000010000	-0.0000584047	1.0305176225E-8	0.0000041420	5.7416573868E-10	7.300	27.200
7/26/2022	3:27 AM	0.2866484400	85.100	2.999	5.000	0.0000010000	-0.0000584196	1.2781716379E-8	0.0000041827	1.7752100459E-9	7.300	27.300
7/26/2022	3:28 AM	0.2841339800	85.100	2.999	5.004	0.0000010000	-0.0000584018	1.2059353871E-8	0.0000041598	6.5115089451E-10	7.300	27.100
7/26/2022	3:29 AM	0.2816195200	85.100	2.999	4.993	0.0000010000	-0.0000584213	1.0314048956E-8	0.0000041473	1.2768602296E-9	7.300	26.900
7/26/2022	3:29 AM	0.2791050600	85.100	2.999	4.997	0.0000010000	-0.0000584249	1.0098229692E-8	0.0000041338	1.8368220677E-9	7.300	27.400
7/26/2022	3:30 AM	0.2765906000	85.100	3.000	5.004	0.0000010000	-0.0000584055	9.8812628277E-9	0.0000041633	1.7538718325E-9	7.300	26.900
7/26/2022	3:31 AM	0.2740761400	85.100	3.000	4.993	0.0000010000	-0.0000584083	6.5041080316E-9	0.0000041469	1.9743817620E-9	7.300	26.900
7/26/2022	3:31 AM	0.2715616800	85.100	3.000	4.998	0.0000010000	-0.0000583997	1.4912287766E-8	0.0000041510	1.1401754251E-9	7.300	27.400
7/26/2022	3:32 AM	0.2690472200	85.100	2.999	5.000	0.0000010000	-0.0000584148	1.0673901903E-8	0.0000041079	4.8904830315E-9	7.300	27.900
7/26/2022	3:33 AM	0.2665327600	85.100	2.999	5.002	0.0000010000	-0.0000584175	9.2657506950E-9	0.0000041678	1.1092677856E-9	7.300	27.400
7/26/2022	3:33 AM	0.2640183000	85.100	2.999	5.005	0.0000010000	-0.0000584221	4.8145616439E-9	0.0000041283	1.5008793623E-9	7.300	27.400
7/26/2022	3:34 AM	0.2615038400	85.100	2.999	4.990	0.0000010000	-0.0000584059	9.9741616052E-9	0.0000041986	3.7641386565E-9	7.300	27.000
7/26/2022	3:35 AM	0.2589893800	85.100	2.999	4.993	0.0000010000	-0.0000584102	1.0731077534E-8	0.0000041273	2.4685453378E-9	7.300	27.200
7/26/2022	3:35 AM	0.2564749200	85.100	3.000	5.002	0.0000010000	-0.0000584106	9.1065747827E-9	0.0000041503	1.7888194417E-9	7.300	27.700
7/26/2022	3:36 AM	0.2539604600	85.100	3.000	5.002	0.0000010000	-0.0000584152	1.2642598105E-8	0.0000041602	2.7853118857E-9	7.300	27.400
7/26/2022	3:37 AM	0.2514460000	85.100	3.000	4.999	0.0000010000	-0.0000583922	1.5772096701E-8	0.0000041624	2.0002512078E-9	7.300	27.100
7/26/2022	3:37 AM	0.2489315400	85.100	3.000	5.000	0.0000010000	-0.0000584079	8.5479510441E-9	0.0000041615	7.4531841939E-10	7.300	27.200
7/26/2022	3:38 AM	0.2464170800	85.100	2.999	5.002	0.0000010000	-0.0000584120	1.1670834181E-8	0.0000041460	5.5450633076E-10	7.300	27.800
7/26/2022	3:39 AM	0.2439026200	85.100	3.000	4.999	0.0000010000	-0.0000584172	1.2895355365E-8	0.0000041922	1.9180339887E-9	7.300	27.700
7/26/2022	3:39 AM	0.2413881600	85.100	3.000	5.002	0.0000010000	-0.0000583949	9.2221003936E-9	0.0000041323	7.7008771255E-10	7.300	27.600
7/26/2022	3:40 AM	0.2388737000	85.100	3.000	5.007	0.0000010000	-0.0000584149	9.8904761591E-9	0.0000041760	1.2768602296E-9	7.300	27.500
7/26/2022	3:41 AM	0.2363592400	85.100	2.999	5.002	0.0000010000	-0.0000584159	1.1544700788E-8	0.0000041472	7.8880488828E-10	7.300	27.700
7/26/2022	3:42 AM	0.2338447800	85.100	2.999	5.007	0.0000010000	-0.0000584111	7.0924281395E-9	0.0000041775	9.5732140997E-10	7.300	27.600
7/26/2022	3:42 AM	0.2313303200	85.100	3.000	5.009	0.0000010000	-0.0000584151	8.2541450104E-9	0.0000041227	1.2434107005E-9	7.300	27.200
7/26/2022	3:43 AM	0.2288158600	85.100	3.000	5.003	0.0000010000	-0.0000584070	4.7139648244E-9	0.0000041108	5.3478372493E-9	7.300	27.600
7/26/2022	3:44 AM	0.2263014000	85.100	3.000	5.000	0.0000010000	-0.0000584167	7.4947853971E-9	0.0000041082	3.7273587472E-9	7.300	27.700
7/26/2022	3:44 AM	0.2237869400	85.100	3.000	4.993	0.0000010000	-0.0000584216	5.1509462737E-9	0.0000041579	3.0955735648E-10	7.300	27.000
7/26/2022	3:45 AM	0.2212724800	85.100	3.000	4.997	0.0000010000	-0.0000583954	1.3109554846E-8	0.0000041494	9.0175019159E-10	7.300	26.700
7/26/2022	3:46 AM	0.2187580200	85.100	2.999	4.996	0.0000010000	-0.0000584135	9.3238664643E-9	0.0000041562	1.6547768377E-9	7.300	27.200
7/26/2022	3:46 AM	0.2162435600	85.100	2.999	4.983	0.0000010000	-0.0000584138	6.5067573684E-9	0.0000041521	3.0000000000E-10	7.300	27.500
7/26/2022	3:47 AM	0.2137291000	85.100	2.999	4.995	0.0000010000	-0.0000584275	1.3693215253E-8	0.0000041223	2.3931712199E-9	7.300	27.900
7/26/2022	3:48 AM	0.2112146400	85.100	3.000	5.001	0.0000010000	-0.0000584061	8.2832376444E-9	0.0000041488	2.5495097568E-10	7.300	27.500
7/26/2022	3:48 AM	0.2087001800	85.100	3.000	5.001	0.0000010000	-0.0000584247	1.3731757067E-8	0.0000041559	2.0293634790E-9	7.300	27.500
7/26/2022	3:49 AM	0.2061857200	85.100	3.000	5.003	0.0000010000	-0.0000583985	9.3567212203E-9	0.0000041386	1.1477512681E-9	7.300	27.100
7/26/2022	3:50 AM	0.2036712600	85.100	3.000	5.004	0.0000010000	-0.0000583979	1.2105760316E-8	0.0000041743	1.7278384430E-9	7.300	27.000
7/26/2022	3:50 AM	0.2011568000	85.100	2.999	4.998	0.0000010000	-0.0000584141	9.2236718875E-9	0.0000041133	2.2638558871E-9	7.300	27.300
7/26/2022	3:51 AM	0.1986423400	85.100	2.999	4.998	0.0000010000	-0.0000583993	8.3530438473E-9	0.0000041608	4.4203384502E-10	7.300	27.800
7/26/2022	3:52 AM	0.1961278800	85.100	2.999	5.003	0.0000010000	-0.0000584042	8.5541805067E-9	0.0000041632	1.2120124021E-9	7.300	27.700
7/26/2022	3:52 AM	0.1936134200	85.100	2.999	5.006	0.0000010000	-0.0000584170	4.6857230208E-9	0.0000041776	1.8487887450E-9	7.300	27.100
7/26/2022	3:53 AM	0.1910989600	85.100	3.000	5.006	0.0000010000	-0.0000584143	1.0313846434E-8	0.0000041508	3.0000000000E-10	7.300	27.000
7/26/2022	3:54 AM	0.1885845000	85.100	3.001	4.997	0.0000010000	-0.0000584178	5.4652786501E-9	0.0000041540	2.0393639331E-9	7.300	27.200
7/26/2022	3:54 AM	0.1860700400	85.100	3.000	5.003	0.0000010000	-0.0000584095	5.0908415113E-9	0.0000041332	1.6902209851E-9	7.300	27.000
7/26/2022	3:55 AM	0.1835555800	85.100	3.000	5.008	0.0000010000	-0.0000584105	1.0330954525E-8	0.0000041825	1.6154018874E-9	7.300	27.100
7/26/2022	3:56 AM	0.1810411200	78.700	3.000	5.007	0.0000010000	-0.0000584036	7.0404541927E-9	0.0000041295	6.5677643628E-10	7.300	27.300
7/26/2022	3:56 AM	0.1785266600	78.700	3.000	4.999	0.0000010000	-0.0000584136	1.1799389699E-8	0.0000041578	1.2405084759E-9	7.300	27.500
7/26/2022	3:57 AM	0.1760122000	78.700	3.000	4.999	0.0000010000	-0.0000583980	9.1741166778E-9	0.0000041620	8.0279742393E-10	7.300	27.100
7/26/2022	3:58 AM	0.1734977400	78.700	3.000	5.001	0.0000010000	-0.0000584026	1.1925403299E-8	0.0000041769	1.3086994281E-9	7.300	27.500
7/26/2022	3:58 AM	0.1709832800	78.700	3.000	5.004	0.0000010000	-0.0000583832	1.2201416188E-8	0.0000041726	2.0051822798E-9	7.300	27.400
7/26/2022	3:59 AM	0.1684688200	78.700	3.000	4.995	0.0000010000	-0.0000584179	1.0074206367E-8	0.0000041647	1.3195414483E-9	7.300	27.100
7/26/2022	3:59 AM	0.1659543600	78.700	2.999	5.006	0.0000010000	-0.0000584083	9.4463030138E-9	0.0000041499	3.2247448714E-10	7.300	27.200
7/26/2022	4:00 AM	0.1634399000	78.700	2.999	5.002	0.0000010000	-0.0000584065	1.0601840312E-8	0.0000041469	2.2865197585E-9	7.300	27.600
7/26/2022	4:01 AM	0.1609254400	78.700	2.999	5.002	0.0000010000	-0.0000584212	6.0080015419E-9	0.0000041286	1.7682590096E-9	7.300	27.300
7/26/2022	4:01 AM	0.1584109800	78.700	2.999	5.006	0.0000010000	-0.0000584134	1.1671328769E-8	0.0000041542	2.5495097568E-10	7.300	27.400
7/26/2022	4:02 AM	0.1558965200	78.700	2.999	5.004	0.0000010000	-0.0000584008	6.6422352123E-9	0.0000041375	1.0021974055E-9	7.300	27.500
7/26/2022	4:03 AM	0.1533820600	78.700	2.999	4.997	0.0000010000	-0.0000584117	1.1377933082E-8	0.0000041513	1.5392188410E-9	7.300	27.000
7/26/2022	4:03 AM	0.1508676000	78.700	2.999	5.003	0.0000010000	-0.0000584058	1.1648888276E-8	0.0000041532	1.2423728323E-9	7.300	26.800
7/26/2022	4:04 AM	0.1496103700	78.700	2.999	4.999	0.0000010000	-0.0000583955	8.5935276720E-9	0.0000041548	9.7628963278E-10	7.300	27.700
7/26/2022	4:05 AM	0.1294946900	78.700	3.000	5.000	0.0000010000	-0.0000584081	6.0008269827E-9	0.0000041809	2.1411370775E-9	7.300	26.900
7/26/2022	4:06 AM	0.1093790100	78.700	3.000	4.999	0.0000010000	-0.0000584086	1.1654624469E-8	0.0000041551	1.9743817620E-9	7.300	27.300
7/26/2022	4:06 AM	0.0892633300	78.700	2.999	4.997	0.0000010000	-0.0000584054	1.2272913109E-8	0.0000041338	1.2135528726E-9	7.300	26.600
7/26/2022	4:07 AM	0.0691476500	78.700	2.999	4.996	0.0000010000	-0.0000584030	1.2723499216E-8	0.0000041700	2.6818615494E-9	7.300	27.400
7/26/2022	4:08 AM	0.0490319700	78.700	2.999	4.999	0.0000010000	-0.0000584202	4.9377167751E-9	0.0000041492	4.2360679775E-10	7.300	26.700
7/26/2022	4:08 AM	0.0289162900	78.700	2.999	5.003	0.0000010000	-0.0000584424	1.3679621132E-8	0.0000041566	2.0355539358E-9	7.300	27.200
7/26/2022	4:09 AM	0.0088006100	78.700	2.999	5.010	0.0000010000	-0.0000584035	9.8623200999E-9	0.0000041727	1.4561525868E-9	7.300	27.500
7/26/2022	4:10 AM	-0.0113150700	78.700	2.999	5.001	0.0000010000	-0.0000584100	1.1412521510E-8	0.0000041601	4.3911649916E-10	7.300	27.400
7/26/2022	4:10 AM	-0.0314307500	78.700	3.000	4.995	0.0000010000	-0.0000583918	1.8031215630E-8	0.0000041210	2.5949333857E-9	7.300	27.500
7/26/2022	4:11 AM	-0.0515464300	78.700	3.000	5.000	0.0000010000	-0.0000584032	1.3938640534E-8	0.0000041334	1.7723250110E-9	7.300	26.700
7/26/2022	4:12 AM	-0.0716621100	78.700	3.000	4.999	0.0000010000	-0.0000584224	1.0747927683E-8	0.0000041592	1.1416333328E-9	7.300	27.200
7/26/2022	4:13 AM	-0.0917777900	78.700	3.001	5.000	0.0000010000	-0.0000584220	1.1393296813E-8	0.0000041568	3.1261702978E-9	7.300	27.700
7/26/2022	4:13 AM	-0.1118934700	78.700	3.000	5.003	0.0000010000	-0.0000584194	8.7967642771E-9	0.0000041575	3.2247448714E-10	7.300	27.300
7/26/2022	4:14 AM	-0.1320091500	78.700	2.999	5.003	0.0000010000	-0.0000584288	8.1230753864E-9	0.0000040946	5.3853516474E-9	7.300	26.600
7/26/2022	4:15 AM	-0.1521248300	78.700	2.999	5.003	0.0000010000	-0.0000584094	1.0589386921E-8	0.0000041368	3.7416573868E-10	7.300	27.100
7/26/2022	4:15 AM	-0.1508676000	78.700	3.000	4.999	0.0000010000	-0.0000584076	1.1327595413E-8	0.0000041525	2.1609071244E-9	7.300	27.600
7/26/2022	4:16 AM	-0.1533820600	78.700	3.001	4.992	0.0000010000	-0.0000584160	5.2167757470E-9	0.0000041786	2.5860584517E-9	7.300	26.900
7/26/2022	4:17 AM	-0.1558965200	78.700	3.000	4.996	0.0000010000	-0.0000584141	1.3664778595E-8	0.0000041392	3.4608128489E-10	7.300	27.000
7/26/2022	4:17 AM	-0.1584109800	78.700	2.999	5.002	0.0000010000	-0.0000584248	1.3574280005E-8	0.0000041528	4.6742346142E-10	7.300	27.000
7/26/2022	4:18 AM	-0.1609254400	78.700	3.000	5.001	0.0000010000	-0.0000584213	8.2066444895E-9	0.0000041495	1.1726039400E-9	7.300	27.700
7/26/2022	4:19 AM	-0.1634399000	78.700	2.999	4.996	0.0000010000	-0.0000584076	7.0414166401E-9	0.0000041608	1.0725725623E-9	7.300	26.800
7/26/2022	4:19 AM	-0.1659543600	78.700	3.000	5.003	0.0000010000	-0.0000584149	1.0994241753E-8	0.0000041209	2.7315394734E-9	7.300	26.800
7/26/2022	4:20 AM	-0.1684688200	78.700	3.000	5.003	0.0000010000	-0.0000584103	8.8417762236E-9	0.0000041557	7.1763500472E-10	7.300	27.300
7/26/2022	4:21 AM	-0.1709832800	78.700	3.001	5.002	0.0000010000	-0.0000584182	9.5299326243E-9	0.0000041622	1.5492480983E-9	7.300	27.300
7/26/2022	4:21 AM	-0.1734977400	78.700	3.000	5.004	0.0000010000	-0.0000584215	1.0782236622E-8	0.0000041488	2.0000000000E-10	7.300	26.900
7/26/2022	4:22 AM	-0.1760122000	0.900	3.000	4.996	0.0000010000	-0.0000584153	8.8926875923E-9	0.0000041458	1.3631610908E-9	7.300	27.100
7/26/2022	4:23 AM	-0.1785266600	78.700	3.000	5.003	0.0000010000	-0.0000584143	7.7618433137E-9	0.0000041551	1.2855187315E-9	7.300	26.600
7/26/2022	4:24 AM	-0.1810411200	78.700	3.000	4.999	0.0000010000	-0.0000584054	1.6234692696E-8	0.0000041315	1.6129553444E-9	7.300	27.600
7/26/2022	4:24 AM	-0.1835555800	78.700	2.999	4.999	0.0000010000	-0.0000584347	1.3039855999E-8	0.0000041546	2.2247448714E-10	7.300	27.000
7/26/2022	4:25 AM	-0.1860700400	78.700	2.999	4.997	0.0000010000	-0.0000584152	1.2706626315E-8	0.0000041291	2.5929901725E-9	7.300	26.700
7/26/2022	4:26 AM	-0.1885845000	78.700	3.000	5.002	0.0000010000	-0.0000584090	1.2108867205E-8	0.0000041515	1.8785419323E-9	7.300	27.600
7/26/2022	4:26 AM	-0.1910989600	78.700	2.999	5.005	0.0000010000	-0.0000584008	1.0001263161E-8	0.0000041716	1.4561525868E-9	7.300	27.700
7/26/2022	4:27 AM	-0.1936134200	78.700	2.999	4.997	0.0000010000	-0.0000584221	1.2444658788E-8	0.0000041607	1.0091825995E-9	7.300	26.900
7/26/2022	4:28 AM	-0.1961278800	78.700	3.000	5.001	0.0000010000	-0.0000584199	1.1405339189E-8	0.0000041509	1.8287804701E-9	7.300	27.100
7/26/2022	4:28 AM	-0.1986423400	78.700	3.000	5.000	0.0000010000	-0.0000584213	8.7148079325E-9	0.0000041629	6.4510098534E-10	7.300	27.300
7/26/2022	4:29 AM	-0.2011568000	78.700	3.000	5.002	0.0000010000	-0.0000584194	1.1119179981E-8	0.0000041540	1.2319883720E-9	7.300	26.600
7/26/2022	4:30 AM	-0.2036712600	78.700	3.000	4.998	0.0000010000	-0.0000584255	6.6124334648E-9	0.0000041699	1.3930630920E-9	7.300	27.000
7/26/2022	4:30 AM	-0.2061857200	78.700	2.999	5.004	0.0000010000	-0.0000584164	1.3416944851E-8	0.0000041482	8.2739529308E-10	7.300	27.500
7/26/2022	4:31 AM	-0.2087001800	78.700	2.999	5.005	0.0000010000	-0.0000584168	1.0634547445E-8	0.0000041794	6.8476798574E-10	7.300	27.100
7/26/2022	4:32 AM	-0.2112146400	78.700	2.999	4.996	0.0000010000	-0.0000584316	1.5133666319E-8	0.0000041557	7.4031242374E-10	7.300	26.800
7/26/2022	4:33 AM	-0.2137291000	78.700	3.000	5.003	0.0000010000	-0.0000584313	7.6898721095E-9	0.0000041623	3.5811388301E-10	7.300	27.000
7/26/2022	4:33 AM	-0.2162435600	78.700	3.000	5.000	0.0000010000	-0.0000584230	1.0192723313E-8	0.0000041554	7.9346745639E-10	7.300	27.700
7/26/2022	4:34 AM	-0.2187580200	78.700	3.000	4.998	0.0000010000	-0.0000584168	1.0985699412E-8	0.0000041567	1.3516648189E-9	7.300	27.800
7/26/2022	4:35 AM	-0.2212724800	78.700	3.000	4.997	0.0000010000	-0.0000584178	8.2686491938E-9	0.0000041680	8.7552703827E-10	7.300	26.800
7/26/2022	4:35 AM	-0.2237869400	78.700	3.000	5.005	0.0000010000	-0.0000584187	1.0772242583E-8	0.0000040895	4.8009268728E-9	7.300	27.300
7/26/2022	4:36 AM	-0.2263014000	78.700	3.001	4.999	0.0000010000	-0.0000584139	1.4363204647E-8	0.0000041534	1.2517000996E-9	7.300	27.100
7/26/2022	4:37 AM	-0.2288158600	78.700	3.000	5.002	0.0000010000	-0.0000584260	7.6927599740E-9	0.0000040967	4.5572675643E-9	7.300	27.500
7/26/2022	4:37 AM	-0.2313303200	78.700	3.000	5.000	0.0000010000	-0.0000584327	9.6396819287E-9	0.0000041344	2.0482622625E-9	7.300	26.900
7/26/2022	4:38 AM	-0.2338447800	78.700	2.999	5.003	0.0000010000	-0.0000584383	9.1865847586E-9	0.0000041492	8.4345133915E-10	7.300	27.100
7/26/2022	4:39 AM	-0.2363592400	78.700	2.999	4.999	0.0000010000	-0.0000584163	1.2561380651E-8	0.0000041323	1.8200073661E-9	7.300	27.600
7/26/2022	4:39 AM	-0.2388737000	78.700	3.000	4.995	0.0000010000	-0.0000584231	1.2156602674E-8	0.0000041384	1.5048893885E-9	7.300	26.700
7/26/2022	4:40 AM	-0.2413881600	78.700	3.000	5.006	0.0000010000	-0.0000584314	1.0918762055E-8	0.0000041747	1.2474226377E-9	7.300	27.400
7/26/2022	4:41 AM	-0.2439026200	78.700	3.000	4.996	0.0000010000	-0.0000584240	1.5531775485E-8	0.0000041538	6.9256219969E-10	7.300	28.300
7/26/2022	4:41 AM	-0.2464170800	78.700	3.000	5.000	0.0000010000	-0.0000584164	7.7203075650E-9	0.0000041459	8.9379718813E-10	7.300	27.500
7/26/2022	4:42 AM	-0.2489315400	78.700	3.000	5.001	0.0000010000	-0.0000584290	1.1777771302E-8	0.0000041461	1.0770329614E-9	7.300	26.900
7/26/2022	4:43 AM	-0.2514460000	78.700	3.000	5.003	0.0000010000	-0.0000584273	6.2149864399E-9	0.0000041492	7.8708286934E-10	7.300	27.000
7/26/2022	4:43 AM	-0.2539604600	78.700	3.000	5.000	0.0000010000	-0.0000583822	1.2294065373E-8	0.0000027580	1.6826828408E-9	7.300	27.000
7/26/2022	4:44 AM	-0.2564749200	78.700	3.000	5.000	0.0000010000	-0.0000583841	1.0599322451E-8	0.0000027816	1.0433981132E-9	7.300	27.300
7/26/2022	4:45 AM	-0.2589893800	78.700	3.000	4.995	0.0000010000	-0.0000584000	5.6094738587E-9	0.0000027471	1.9423848170E-9	7.300	27.500
7/26/2022	4:45 AM	-0.2615038400	78.700	3.000	4.997	0.0000010000	-0.0000584099	1.3744780493E-8	0.0000027517	2.6488159996E-9	7.300	27.100
7/26/2022	4:46 AM	-0.2640183000	78.700	3.000	5.006	0.0000010000	-0.0000584001	1.3459771869E-8	0.0000027624	1.4382820889E-9	7.300	27.600
7/26/2022	4:47 AM	-0.2665327600	78.700	2.999	4.994	0.0000010000	-0.0000583927	1.1030462774E-8	0.0000027679	9.5166481892E-10	7.300	26.900
7/26/2022	4:47 AM	-0.2690472200	78.700	2.999	4.997	0.0000010000	-0.0000584008	9.2440850890E-9	0.0000027914	1.0374906967E-9	7.300	27.100
7/26/2022	4:48 AM	-0.2715616800	78.700	3.000	4.999	0.0000010000	-0.0000584051	1.2561300848E-8	0.0000027702	4.6368092477E-10	7.300	27.300
7/26/2022	4:49 AM	-0.2740761400	78.700	3.001	4.999	0.0000010000	-0.0000583983	1.0887428405E-8	0.0000027914	1.4491312850E-9	7.300	26.800
7/26/2022	4:49 AM	-0.2765906000	78.700	3.001	5.000	0.0000010000	-0.0000583888	1.1734234463E-8	0.0000027766	5.9406747484E-10	7.300	27.400
7/26/2022	4:50 AM	-0.2791050600	78.700	3.000	4.995	0.0000010000	-0.0000583861	1.0363870259E-8	0.0000027849	3.0955735648E-10	7.300	27.300
7/26/2022	4:51 AM	-0.2816195200	78.700	3.000	4.999	0.0000010000	-0.0000583923	8.1155402271E-9	0.0000027844	1.0154352930E-9	7.300	27.200
7/26/2022	4:51 AM	-0.2841339800	78.700	3.000	4.994	0.0000010000	-0.0000583824	8.4749685054E-9	0.0000027508	1.6369099994E-9	7.300	27.000
7/26/2022	4:52 AM	-0.2866484400	78.700	2.999	5.001	0.0000010000	-0.0000583955	7.2755730229E-9	0.0000027684	1.9775664538E-9	7.300	26.700
7/26/2022	4:53 AM	-0.2891629000	78.700	3.000	5.002	0.0000010000	-0.0000584022	1.1493834386E-8	0.0000027822	2.0070984989E-9	7.300	27.400
7/26/2022	4:53 AM	-0.2916773600	78.700	2.999	4.998	0.0000010000	-0.0000583960	1.0689818181E-8	0.0000027444	2.5238399287E-9	7.300	27.000
7/26/2022	4:54 AM	-0.2941918200	78.700	3.000	5.003	0.0000010000	-0.0000583942	9.4007382287E-9	0.0000027684	5.2553734443E-10	7.300	26.800
7/26/2022	4:55 AM	-0.2967062800	78.700	3.000	5.003	0.0000010000	-0.0000584066	6.4990650738E-9	0.0000027742	1.4831017608E-9	7.300	27.500
7/26/2022	4:55 AM	-0.2992207400	73.900	3.000	4.998	0.0000010000	-0.0000583915	1.1322547685E-8	0.0000027952	6.7289539006E-10	7.300	27.000
7/26/2022	4:56 AM	-0.3017352000	73.900	3.000	5.001	0.0000010000	-0.0000583918	7.7274490386E-9	0.0000027967	1.5396236840E-9	7.300	27.200
7/26/2022	4:57 AM	-0.3042496600	73.900	3.000	4.993	0.0000010000	-0.0000583961	1.2120971419E-8	0.0000027850	9.3071357894E-10	7.300	26.800
7/26/2022	4:58 AM	-0.3067641200	73.900	3.000	4.998	0.0000010000	-0.0000583964	7.3023313995E-9	0.0000027687	7.2559935005E-10	7.300	26.900
7/26/2022	4:58 AM	-0.3092785800	73.900	3.000	5.001	0.0000010000	-0.0000584051	8.0638608761E-9	0.0000027690	5.5450633076E-10	7.300	27.400
7/26/2022	4:59 AM	-0.3117930400	73.900	3.000	4.992	0.0000010000	-0.0000584072	9.9916666618E-9	0.0000027574	1.1918747669E-9	7.300	27.000
7/26/2022	5:00 AM	-0.3143075000	73.900	3.000	5.000	0.0000010000	-0.0000583931	8.1634376552E-9	0.0000027981	1.7472821681E-9	7.300	27.500
7/26/2022	5:00 AM	-0.3168219600	73.900	3.000	4.998	0.0000010000	-0.0000583897	1.0836635905E-8	0.0000027830	2.1014160415E-9	7.300	26.900
7/26/2022	5:01 AM	-0.3193364200	73.900	3.000	5.000	0.0000010000	-0.0000583923	7.7086994121E-9	0.0000027754	5.6540887349E-10	7.300	27.600
7/26/2022	5:02 AM	-0.3218508800	73.900	3.000	4.997	0.0000010000	-0.0000583816	7.5270727288E-9	0.0000027936	1.7578354246E-9	7.300	27.200
7/26/2022	5:02 AM	-0.3243653400	73.900	3.000	5.005	0.0000010000	-0.0000584050	1.1731390035E-8	0.0000027493	2.3479408467E-9	7.300	26.800
7/26/2022	5:03 AM	-0.3268798000	73.900	2.999	5.000	0.0000010000	-0.0000583849	9.3438838053E-9	0.0000027547	1.8412339824E-9	7.300	27.200
7/26/2022	5:04 AM	-0.3293942600	73.900	2.999	5.000	0.0000010000	-0.0000583881	1.0370960622E-8	0.0000027558	1.0433981132E-9	7.300	26.900
7/26/2022	5:04 AM	-0.3319087200	73.900	2.999	5.005	0.0000010000	-0.0000583858	9.8057359487E-9	0.0000027814	1.1760398624E-9	7.300	27.700
7/26/2022	5:05 AM	-0.3344231800	73.900	3.000	5.000	0.0000010000	-0.0000583814	1.2126040059E-8	0.0000027712	1.3733572933E-9	7.300	27.000
7/26/2022	5:06 AM	-0.3369376400	73.900	3.000	4.998	0.0000010000	-0.0000583937	1.0603432775E-8	0.0000027832	1.9251917069E-9	7.300	27.500
7/26/2022	5:06 AM	-0.3394521000	73.900	3.000	4.998	0.0000010000	-0.0000583986	9.9954506199E-9	0.0000027458	1.7110787295E-9	7.300	27.400
7/26/2022	5:07 AM	-0.3419665600	73.900	3.000	5.007	0.0000010000	-0.0000583897	9.5164940497E-9	0.0000027927	1.0469333247E-9	7.300	27.300
7/26/2022	5:08 AM	-0.3444810200	73.900	2.999	5.000	0.0000010000	-0.0000584037	1.3616703691E-8	0.0000027760	4.0000000000E-10	7.300	27.300
7/26/2022	5:08 AM	-0.3469954800	73.900	2.999	4.999	0.0000010000	-0.0000583936	1.1163303002E-8	0.0000027357	3.1675723300E-9	7.300	26.800
7/26/2022	5:09 AM	-0.3495099400	73.900	2.999	5.005	0.0000010000	-0.0000584013	1.0324408944E-8	0.0000027578	2.2203043730E-9	7.300	27.100
7/26/2022	5:10 AM	-0.3520244000	73.900	2.999	5.005	0.0000010000	-0.0000583770	7.9884583592E-9	0.0000027850	1.5811388301E-10	7.300	27.300
7/26/2022	5:10 AM	-0.3545388600	73.900	3.000	5.004	0.0000010000	-0.0000583948	1.0913453576E-8	0.0000027525	3.3528657443E-9	7.300	27.400
7/26/2022	5:11 AM	-0.3570533200	73.900	3.000	4.996	0.0000010000	-0.0000583736	6.1718640153E-9	0.0000027847	1.3666374007E-9	7.300	26.900
7/26/2022	5:12 AM	-0.3595677800	73.900	3.000	5.002	0.0000010000	-0.0000583835	1.5756115203E-8	0.0000027917	1.5874342087E-9	7.300	27.500
7/26/2022	5:12 AM	-0.3620822400	73.900	3.000	5.002	0.0000010000	-0.0000584056	1.1052170831E-8	0.0000027845	1.4772396478E-9	7.300	27.200
7/26/2022	5:13 AM	-0.3645967000	73.900	3.000	4.999	0.0000010000	-0.0000584017	7.5139940126E-9	0.0000027909	9.1032982688E-10	7.300	27.500
7/26/2022	5:14 AM	-0.3671111600	73.900	2.999	5.001	0.0000010000	-0.0000583736	1.2193365941E-8	0.0000027915	5.3983456377E-10	7.300	27.300
7/26/2022	5:14 AM	-0.3696256200	73.900	2.999	5.000	0.0000010000	-0.0000583879	8.7851901834E-9	0.0000027760	1.2771944937E-9	7.300	27.200
7/26/2022	5:15 AM	-0.3721400800	73.900	3.000	4.999	0.0000010000	-0.0000583898	1.4407872239E-8	0.0000027890	8.3143694192E-10	7.300	27.100
7/26/2022	5:16 AM	-0.3746545400	73.900	3.000	5.009	0.0000010000	-0.0000584054	7.1699320979E-9	0.0000027718	5.5259075049E-10	7.300	27.200
7/26/2022	5:16 AM	-0.3771690000	0.900	2.999	5.001	0.0000010000	-0.0000583960	8.3837248703E-9	0.0000027823	7.6332495807E-10	7.300	27.200
7/26/2022	5:17 AM	-0.3796834600	73.900	2.999	4.995	0.0000010000	-0.0000583997	9.8024676521E-9	0.0000027777	1.3217525315E-9	7.300	26.600
7/26/2022	5:18 AM	-0.3821979200	73.900	3.000	5.003	0.0000010000	-0.0000583868	1.1209942726E-8	0.0000027606	2.9154759474E-10	7.300	27.300
7/26/2022	5:18 AM	-0.3847123800	73.900	3.000	4.994	0.0000010000	-0.0000583880	1.0752759895E-8	0.0000027358	1.6615957798E-9	7.300	26.800
7/26/2022	5:19 AM	-0.3872268400	73.900	2.999	5.007	0.0000010000	-0.0000584149	1.4308981136E-8	0.0000027299	3.6743985950E-9	7.300	27.500
7/26/2022	5:20 AM	-0.3897413000	73.900	2.999	5.001	0.0000010000	-0.0000584037	1.4690571647E-8	0.0000027485	4.8397706627E-9	7.300	27.200
7/26/2022	5:20 AM	-0.3922557600	73.900	3.000	4.996	0.0000010000	-0.0000583767	1.5268965401E-8	0.0000027724	3.8708286934E-10	7.300	27.600
7/26/2022	5:21 AM	-0.3947702200	73.900	3.000	5.004	0.0000010000	-0.0000583902	1.0296483477E-8	0.0000028056	2.0434117584E-9	7.300	27.100
7/26/2022	5:22 AM	-0.3972846800	73.900	3.000	4.994	0.0000010000	-0.0000583963	1.2930153494E-8	0.0000027648	7.5522851952E-10	7.300	27.000
7/26/2022	5:22 AM	-0.3997991400	73.900	3.000	5.005	0.0000010000	-0.0000583933	9.5810920137E-9	0.0000027827	2.4110622338E-9	7.300	27.000
7/26/2022	5:23 AM	-0.3997991400	73.900	3.000	5.004	0.0000010000	-0.0000583913	1.3000899804E-8	0.0000027731	1.5159767288E-9	7.300	26.900
7/26/2022	5:24 AM	-0.3972846800	73.900	3.000	5.003	0.0000010000	-0.0000583696	1.1528143440E-8	0.0000027562	2.3746471222E-9	7.300	27.000
7/26/2022	5:24 AM	-0.3947702200	73.900	2.999	4.996	0.0000010000	-0.0000583764	1.0940452776E-8	0.0000027761	2.5552651048E-9	7.300	26.800
7/26/2022	5:25 AM	-0.3922557600	73.900	2.999	4.999	0.0000010000	-0.0000583790	8.0583825545E-9	0.0000027840	2.0363755424E-9	7.300	27.400
7/26/2022	5:26 AM	-0.3897413000	73.900	2.999	5.002	0.0000010000	-0.0000583980	1.1158490692E-8	0.0000027820	6.3385391260E-10	7.300	26.900
7/26/2022	5:26 AM	-0.3872268400	73.900	3.000	5.000	0.0000010000	-0.0000583918	5.7521290198E-9	0.0000027626	1.0082951062E-9	7.300	27.300
7/26/2022	5:27 AM	-0.3847123800	73.900	3.000	4.997	0.0000010000	-0.0000583817	8.6906685806E-9	0.0000027679	7.5522851952E-10	7.300	27.300
7/26/2022	5:28 AM	-0.3821979200	73.900	3.000	5.007	0.0000010000	-0.0000583891	7.4832134930E-9	0.0000027874	4.5355339059E-10	7.300	27.000
7/26/2022	5:28 AM	-0.3796834600	73.900	3.000	4.994	0.0000010000	-0.0000583972	9.7613799846E-9	0.0000027564	7.1863190045E-10	7.300	26.600
7/26/2022	5:29 AM	-0.3771690000	73.900	3.000	4.995	0.0000010000	-0.0000584041	7.7836834766E-9	0.0000027354	3.2547380722E-9	7.300	27.100
7/26/2022	5:30 AM	-0.3746545400	73.900	3.000	5.002	0.0000010000	-0.0000583739	1.6677999133E-8	0.0000027883	9.3664858008E-10	7.300	27.400
7/26/2022	5:31 AM	-0.3721400800	73.900	3.000	4.999	0.0000010000	-0.0000583965	1.4425598625E-8	0.0000027600	1.6932563345E-9	7.300	27.200
7/26/2022	5:31 AM	-0.3696256200	73.900	3.000	5.000	0.0000010000	-0.0000583719	1.0099099614E-8	0.0000027678	2.3963415917E-9	7.300	27.000
7/26/2022	5:32 AM	-0.3671111600	73.900	3.000	4.993	0.0000010000	-0.0000583767	1.0051078671E-8	0.0000027774	3.4519675235E-10	7.300	26.600
7/26/2022	5:33 AM	-0.3645967000	73.900	2.999	5.002	0.0000010000	-0.0000583861	8.9696953079E-9	0.0000027624	6.8506723903E-10	7.300	27.000
7/26/2022	5:33 AM	-0.3620822400	73.900	3.000	4.998	0.0000010000	-0.0000583857	1.1636258268E-8	0.0000027612	3.7416573868E-10	7.300	27.400
7/26/2022	5:34 AM	-0.3595677800	73.900	3.000	5.004	0.0000010000	-0.0000583890	1.2655045879E-8	0.0000027537	1.6464014896E-9	7.300	27.100
7/26/2022	5:35 AM	-0.3570533200	73.900	3.000	4.999	0.0000010000	-0.0000584023	7.3754904313E-9	0.0000027483	3.1400434083E-9	7.300	27.200
7/26/2022	5:35 AM	-0.3545388600	73.900	3.000	5.001	0.0000010000	-0.0000583926	7.9844580492E-9	0.0000027763	2.8429332488E-9	7.300	27.500
7/26/2022	5:36 AM	-0.3520244000	73.900	3.000	4.995	0.0000010000	-0.0000583885	1.4125623115E-8	0.0000027744	5.6124860802E-10	7.300	26.800
7/26/2022	5:37 AM	-0.3495099400	73.900	3.000	5.000	0.0000010000	-0.0000583892	1.1067501555E-8	0.0000027942	1.1086041933E-9	7.300	27.000
7/26/2022	5:37 AM	-0.3469954800	73.900	3.000	4.996	0.0000010000	-0.0000583841	1.3651144215E-8	0.0000027658	9.6205775687E-10	7.300	27.300
7/26/2022	5:38 AM	-0.3444810200	73.900	3.000	4.997	0.0000010000	-0.0000583892	1.1325860595E-8	0.0000027853	1.2806248475E-9	7.300	27.400
7/26/2022	5:39 AM	-0.3419665600	73.900	3.000	4.997	0.0000010000	-0.0000583948	1.3571601703E-8	0.0000027682	8.8350228320E-10	7.300	26.800
7/26/2022	5:39 AM	-0.3394521000	73.900	3.000	4.999	0.0000010000	-0.0000583643	1.0519181811E-8	0.0000027692	9.1851981126E-10	7.300	27.400
7/26/2022	5:40 AM	-0.3369376400	73.900	3.000	4.999	0.0000010000	-0.0000584026	5.9061570028E-9	0.0000027862	7.2166385809E-10	7.300	27.400
7/26/2022	5:41 AM	-0.3344231800	73.900	2.999	5.006	0.0000010000	-0.0000583819	3.9623148669E-9	0.0000027071	4.5216821534E-9	7.300	27.400
7/26/2022	5:41 AM	-0.3319087200	73.900	2.999	5.007	0.0000010000	-0.0000583924	1.2134463309E-8	0.0000027503	1.8695209785E-9	7.300	27.200
7/26/2022	5:42 AM	-0.3293942600	73.900	2.999	5.006	0.0000010000	-0.0000583679	8.2608575400E-9	0.0000027875	1.0112939289E-9	7.300	27.300
7/26/2022	5:43 AM	-0.3268798000	73.900	2.999	5.004	0.0000010000	-0.0000584041	6.1887795114E-9	0.0000027949	1.6471206740E-9	7.300	26.900
7/26/2022	5:43 AM	-0.3243653400	73.900	3.000	5.000	0.0000010000	-0.0000583958	1.0733963712E-8	0.0000027926	1.6668190083E-9	7.300	26.900
7/26/2022	5:44 AM	-0.3218508800	73.900	2.999	4.995	0.0000010000	-0.0000583801	9.0249721003E-9	0.0000027849	1.7153767103E-9	7.300	26.700
7/26/2022	5:45 AM	-0.3193364200	73.900	2.999	5.001	0.0000010000	-0.0000583841	9.5614940534E-9	0.0000027537	1.2022703843E-9	7.300	27.300
7/26/2022	5:45 AM	-0.3168219600	73.900	3.000	5.005	0.0000010000	-0.0000583961	1.1485887758E-8	0.0000027711	1.1216116702E-9	7.300	26.800
7/26/2022	5:46 AM	-0.3143075000	73.900	3.001	4.997	0.0000010000	-0.0000584079	1.2122223123E-8	0.0000027855	7.9369451030E-10	7.300	26.900
7/26/2022	5:47 AM	-0.3117930400	73.900	3.001	5.003	0.0000010000	-0.0000583993	1.1175628078E-8	0.0000027638	1.8253644388E-9	7.300	27.200
7/26/2022	5:47 AM	-0.3092785800	73.900	3.000	4.999	0.0000010000	-0.0000583946	5.1799486979E-9	0.0000027559	1.3958378907E-9	7.300	27.300
7/26/2022	5:48 AM	-0.3067641200	73.900	2.999	5.003	0.0000010000	-0.0000584069	7.0983092247E-9	0.0000027782	2.8058837015E-10	7.300	27.200
7/26/2022	5:49 AM	-0.3042496600	73.900	2.999	4.997	0.0000010000	-0.0000583918	1.0465047956E-8	0.0000027523	2.8846568298E-9	7.300	27.100
7/26/2022	5:49 AM	-0.3017352000	73.900	2.999	5.003	0.0000010000	-0.0000584232	1.0771961941E-8	0.0000027524	2.1768790503E-8	7.300	27.300
7/26/2022	5:50 AM	-0.2992207400	73.900	2.999	5.000	0.0000010000	-0.0000584029	1.3034651985E-8	0.0000027444	1.7186187992E-9	7.300	27.100
7/26/2022	5:51 AM	-0.2967062800	73.900	3.000	5.000	0.0000010000	-0.0000583802	8.7140942666E-9	0.0000027756	8.3832137633E-10	7.300	27.000
7/26/2022	5:51 AM	-0.2941918200	73.900	3.000	5.003	0.0000010000	-0.0000583878	8.6807420654E-9	0.0000027716	8.1595201883E-10	7.300	26.900
7/26/2022	5:52 AM	-0.2916773600	73.900	2.999	5.005	0.0000010000	-0.0000583905	9.9495440941E-9	0.0000027676	1.8921455308E-9	7.300	27.000
7/26/2022	5:53 AM	-0.2891629000	73.900	3.000	5.000	0.0000010000	-0.0000584063	1.2206076163E-8	0.0000027711	8.6988284501E-10	7.300	26.900
7/26/2022	5:53 AM	-0.2866484400	73.900	3.000	5.001	0.0000010000	-0.0000584063	1.1307504707E-8	0.0000027894	6.9774951497E-10	7.300	27.200
7/26/2022	5:54 AM	-0.2841339800	73.900	3.000	5.006	0.0000010000	-0.0000584341	1.0079291096E-8	0.0000027841	9.3874768826E-10	7.300	26.900
7/26/2022	5:55 AM	-0.2816195200	73.900	3.000	5.003	0.0000010000	-0.0000583875	6.2020619179E-9	0.0000027572	9.5012175500E-10	7.300	26.600
7/26/2022	5:56 AM	-0.2791050600	68.500	3.000	5.000	0.0000010000	-0.0000583798	1.1782333268E-8	0.0000027855	1.3565098739E-9	7.300	27.100
7/26/2022	5:56 AM	-0.2765906000	68.500	3.000	5.001	0.0000010000	-0.0000583947	1.1283213665E-8	0.0000027784	2.2406120886E-9	7.300	26.900
7/26/2022	5:57 AM	-0.2740761400	68.500	3.000	5.010	0.0000010000	-0.0000584155	1.1927576647E-8	0.0000027376	2.7205391550E-9	7.300	26.900
7/26/2022	5:58 AM	-0.2715616800	68.500	3.000	5.002	0.0000010000	-0.0000583706	1.0045157971E-8	0.0000027820	1.3985705110E-9	7.300	27.400
7/26/2022	5:58 AM	-0.2690472200	68.500	2.999	5.003	0.0000010000	-0.0000584080	5.7014839992E-9	0.0000027969	1.7732610101E-9	7.300	27.300
7/26/2022	5:59 AM	-0.2665327600	68.500	3.000	5.006	0.0000010000	-0.0000584133	8.8525320825E-9	0.0000027589	1.4030993346E-9	7.300	27.000
7/26/2022	6:00 AM	-0.2640183000	68.500	3.000	5.006	0.0000010000	-0.0000583998	1.0915949416E-8	0.0000027736	4.1402208188E-10	7.300	27.000
7/26/2022	6:00 AM	-0.2615038400	68.500	3.000	5.000	0.0000010000	-0.0000584066	9.6383319404E-9	0.0000027655	9.3385391260E-10	7.300	27.200
7/26/2022	6:01 AM	-0.2589893800	68.500	3.000	4.998	0.0000010000	-0.0000583791	9.2310127176E-9	0.0000027672	1.6431225894E-9	7.300	27.200
7/26/2022	6:02 AM	-0.2564749200	68.500	3.000	5.008	0.0000010000	-0.0000584119	8.8835904088E-9	0.0000027609	8.9434496105E-10	7.300	27.200
7/26/2022	6:02 AM	-0.2539604600	68.500	3.000	5.001	0.0000010000	-0.0000583716	1.2508305954E-8	0.0000027666	1.7110787295E-9	7.300	27.100
7/26/2022	6:03 AM	-0.2514460000	68.500	2.998	5.004	0.0000010000	-0.0000583834	9.6840099460E-9	0.0000027572	1.1385164807E-9	7.300	27.400
7/26/2022	6:04 AM	-0.2489315400	68.500	2.999	5.001	0.0000010000	-0.0000583940	8.5176064411E-9	0.0000027555	1.9678530562E-9	7.300	26.900
7/26/2022	6:04 AM	-0.2464170800	68.500	3.000	4.998	0.0000010000	-0.0000583760	1.7064534411E-8	0.0000027263	4.3028224086E-9	7.300	26.800
7/26/2022	6:05 AM	-0.2439026200	68.500	3.000	4.998	0.0000010000	-0.0000583932	8.3517845887E-9	0.0000027815	1.1814484302E-9	7.300	26.700
7/26/2022	6:06 AM	-0.2413881600	68.500	3.000	5.000	0.0000010000	-0.0000583944	9.1665629416E-9	0.0000027752	8.8881944173E-10	7.300	27.000
7/26/2022	6:06 AM	-0.2388737000	68.500	3.000	5.002	0.0000010000	-0.0000583950	1.2956983184E-8	0.0000027587	5.6968808264E-10	7.300	26.700
7/26/2022	6:07 AM	-0.2363592400	68.500	3.001	5.002	0.0000010000	-0.0000583979	6.3000128620E-9	0.0000027549	7.3911649916E-10	7.300	26.600
7/26/2022	6:08 AM	-0.2338447800	68.500	3.000	5.000	0.0000010000	-0.0000583931	8.3569571241E-9	0.0000027698	8.1167692474E-10	7.300	27.200
7/26/2022	6:08 AM	-0.2313303200	68.500	3.000	5.007	0.0000010000	-0.0000583989	7.4914487987E-9	0.0000027743	4.2360679775E-10	7.300	27.200
7/26/2022	6:09 AM	-0.2288158600	68.500	3.000	5.004	0.0000010000	-0.0000584002	1.0106775310E-8	0.0000027649	1.9666346044E-9	7.300	27.100
7/26/2022	6:10 AM	-0.2263014000	68.500	3.000	4.996	0.0000010000	-0.0000583892	8.3075344612E-9	0.0000027811	9.0349945473E-10	7.300	27.100
7/26/2022	6:10 AM	-0.2237869400	68.500	3.000	4.999	0.0000010000	-0.0000584223	9.5849904585E-9	0.0000027683	1.6924092050E-9	7.300	26.800
7/26/2022	6:11 AM	-0.2212724800	68.500	3.000	4.998	0.0000010000	-0.0000583939	1.3268553092E-8	0.0000027711	1.0276472679E-9	7.300	26.500
7/26/2022	6:12 AM	-0.2187580200	68.500	3.000	5.003	0.0000010000	-0.0000583980	9.5004476397E-9	0.0000027674	1.2213348905E-9	7.300	26.900
7/26/2022	6:12 AM	-0.2162435600	68.500	3.000	4.995	0.0000010000	-0.0000583942	9.7303968567E-9	0.0000027774	1.1480929438E-9	7.300	26.700
7/26/2022	6:13 AM	-0.2137291000	68.500	3.000	5.007	0.0000010000	-0.0000583922	6.7690197107E-9	0.0000028021	1.1901823123E-9	7.300	26.600
7/26/2022	6:14 AM	-0.2112146400	68.500	3.000	5.000	0.0000010000	-0.0000583939	1.1002775249E-8	0.0000027559	2.2146193072E-9	7.300	27.300
7/26/2022	6:14 AM	-0.2087001800	68.500	2.999	5.000	0.0000010000	-0.0000583857	1.2561191765E-8	0.0000027599	1.4966629547E-9	7.300	27.300
7/26/2022	6:15 AM	-0.2061857200	68.500	2.999	5.004	0.0000010000	-0.0000583912	1.0009446347E-8	0.0000027761	6.0000000000E-10	7.300	27.300
7/26/2022	6:16 AM	-0.2036712600	68.500	2.998	4.996	0.0000010000	-0.0000584085	9.6291431529E-9	0.0000027682	3.0429932866E-9	7.300	27.500
7/26/2022	6:16 AM	-0.2011568000	68.500	3.000	5.000	0.0000010000	-0.0000583949	6.1541113129E-9	0.0000027690	1.4692998236E-9	7.300	27.200
7/26/2022	6:17 AM	-0.1986423400	68.500	3.000	4.990	0.0000010000	-0.0000584293	1.0166123413E-8	0.0000027806	1.3938179790E-9	7.300	26.900
7/26/2022	6:18 AM	-0.1961278800	68.500	3.000	4.995	0.0000010000	-0.0000583722	9.8547465312E-9	0.0000027889	1.6563104864E-9	7.300	26.800
7/26/2022	6:18 AM	-0.1936134200	68.500	3.000	5.004	0.0000010000	-0.0000583885	7.8351099352E-9	0.0000027812	2.0499262642E-9	7.300	26.900
7/26/2022	6:19 AM	-0.1910989600	68.500	3.000	4.997	0.0000010000	-0.0000583885	1.0087375979E-8	0.0000027648	9.7628963278E-10	7.300	26.600
7/26/2022	6:20 AM	-0.1885845000	68.500	2.999	4.998	0.0000010000	-0.0000583875	1.0439737110E-8	0.0000027679	4.1068966709E-10	7.300	26.800
7/26/2022	6:20 AM	-0.1860700400	68.500	2.999	5.001	0.0000010000	-0.0000583820	1.3222166421E-8	0.0000027935	2.8813150717E-9	7.300	26.500
7/26/2022	6:21 AM	-0.1835555800	68.500	3.000	5.004	0.0000010000	-0.0000583952	9.5028058517E-9	0.0000028067	2.2619795259E-9	7.300	26.900
7/26/2022	6:22 AM	-0.1810411200	68.500	3.000	5.000	0.0000010000	-0.0000583866	8.7311089838E-9	0.0000027637	1.5022703843E-9	7.300	27.200
7/26/2022	6:22 AM	-0.1785266600	68.500	3.000	4.992	0.0000010000	-0.0000583813	1.3619122113E-8	0.0000027856	8.4409048005E-10	7.300	26.700
7/26/2022	6:23 AM	-0.1760122000	68.500	2.999	4.997	0.0000010000	-0.0000583946	8.5299888048E-9	0.0000027787	4.7416573868E-10	7.300	27.500
7/26/2022	6:24 AM	-0.1734977400	68.500	2.999	5.001	0.0000010000	-0.0000583945	1.2023841250E-8	0.0000027542	1.7176350047E-9	7.300	27.300
7/26/2022	6:24 AM	-0.1709832800	68.500	2.999	5.004	0.0000010000	-0.0000584040	1.0311614773E-8	0.0000027702	6.3851648071E-10	7.300	27.600
7/26/2022	6:25 AM	-0.1684688200	68.500	3.000	4.993	0.0000010000	-0.0000583919	7.2728061935E-9	0.0000027851	1.2980754986E-9	7.300	26.900
7/26/2022	6:26 AM	-0.1659543600	68.500	3.000	4.997	0.0000010000	-0.0000583891	7.1210071440E-9	0.0000027614	1.1000000000E-9	7.300	26.500
7/26/2022	6:26 AM	-0.1634399000	68.500	3.001	5.003	0.0000010000	-0.0000583863	5.3898660176E-9	0.0000027745	9.7879184514E-10	7.300	27.100
7/26/2022	6:27 AM	-0.1609254400	68.500	3.001	5.004	0.0000010000	-0.0000583976	8.3187093516E-9	0.0000027613	1.0337110366E-9	7.300	26.500
7/26/2022	6:28 AM	-0.1584109800	68.500	3.000	4.996	0.0000010000	-0.0000584076	9.3665291027E-9	0.0000027723	1.1641078199E-9	7.300	27.300
7/26/2022	6:28 AM	-0.1558965200	68.500	3.000	5.007	0.0000010000	-0.0000583895	1.1614731179E-8	0.0000027900	4.7863046408E-10	7.300	27.500
7/26/2022	6:29 AM	-0.1533820600	68.500	2.999	4.995	0.0000010000	-0.0000583938	1.0775556717E-8	0.0000027778	1.1039933485E-9	7.300	26.800
7/26/2022	6:30 AM	-0.1508676000	68.500	2.999	5.000	0.0000010000	-0.0000583918	6.8099944551E-9	0.0000027887	1.3382022873E-9	7.300	27.300
7/26/2022	6:30 AM	-0.1521248300	68.500	2.999	5.000	0.0000010000	-0.0000583933	7.0264185158E-9	0.0000027743	7.5522851952E-10	7.300	26.700
7/26/2022	6:31 AM	-0.1320091500	68.500	2.999	5.010	0.0000010000	-0.0000583957	1.2874724245E-8	0.0000027994	2.3229259458E-9	7.300	27.200
7/26/2022	6:32 AM	-0.1118934700	68.500	3.000	5.001	0.0000010000	-0.0000583986	7.8170717450E-9	0.0000027586	1.8198489682E-9	7.400	26.800
7/26/2022	6:32 AM	-0.0917777900	68.500	3.000	5.004	0.0000010000	-0.0000584024	4.5833963720E-9	0.0000027790	1.3217873034E-9	7.400	27.400
7/26/2022	6:33 AM	-0.0716621100	68.500	3.000	4.997	0.0000010000	-0.0000584189	1.5755734687E-8	0.0000027615	1.4920421583E-9	7.400	26.400
7/26/2022	6:34 AM	-0.0515464300	0.900	3.000	5.002	0.0000010000	-0.0000583945	1.1060113182E-8	0.0000027621	1.2950213620E-9	7.400	26.700
7/26/2022	6:34 AM	-0.0314307500	68.500	3.000	5.004	0.0000010000	-0.0000584067	8.6974510592E-9	0.0000027932	9.4489777040E-10	7.400	26.500
7/26/2022	6:35 AM	-0.0113150700	68.500	2.999	5.003	0.0000010000	-0.0000583923	7.9191958643E-9	0.0000027289	4.9419046942E-9	7.400	26.600
7/26/2022	6:36 AM	0.0088006100	68.500	2.999	5.006	0.0000010000	-0.0000584018	9.3710795535E-9	0.0000027560	1.9043804291E-9	7.400	27.000
7/26/2022	6:37 AM	0.0289162900	68.500	2.999	4.998	0.0000010000	-0.0000583933	8.1284064570E-9	0.0000027775	1.0021974055E-9	7.400	26.700
7/26/2022	6:37 AM	0.0490319700	68.500	3.000	4.998	0.0000010000	-0.0000583929	6.7831745640E-9	0.0000027861	1.0224744871E-9	7.400	26.500
7/26/2022	6:38 AM	0.0691476500	68.500	3.000	5.002	0.0000010000	-0.0000583996	7.6057796839E-9	0.0000027719	1.0000000000E-10	7.400	27.200
7/26/2022	6:39 AM	0.0892633300	68.500	2.999	5.007	0.0000010000	-0.0000584055	8.6955642390E-9	0.0000027794	1.3539918022E-9	7.400	27.100
7/26/2022	6:39 AM	0.1093790100	68.500	2.999	4.996	0.0000010000	-0.0000584036	7.3885045651E-9	0.0000027900	7.8579944521E-10	7.400	27.200
7/26/2022	6:40 AM	0.1294946900	68.500	2.999	5.007	0.0000010000	-0.0000584167	8.5885591186E-9	0.0000027680	3.1365128540E-9	7.400	27.000
7/26/2022	6:41 AM	0.1496103700	68.500	3.000	5.000	0.0000010000	-0.0000584063	9.3383340110E-9	0.0000027859	1.8677078252E-9	7.400	27.600
7/26/2022	6:42 AM	0.1508676000	68.500	3.000	5.005	0.0000010000	-0.0000584149	1.0374262156E-8	0.0000027818	2.8708286934E-10	7.400	27.500
7/26/2022	6:42 AM	0.1533820600	68.500	2.999	5.000	0.0000010000	-0.0000584122	1.0190369141E-8	0.0000027759	4.5355339059E-10	7.400	26.900
7/26/2022	6:43 AM	0.1558965200	68.500	3.000	5.002	0.0000010000	-0.0000584020	7.3344407796E-9	0.0000027836	7.8309518948E-10	7.400	26.600
7/26/2022	6:44 AM	0.1584109800	68.500	3.000	4.999	0.0000010000	-0.0000583894	1.0544602826E-8	0.0000027487	2.3528344887E-9	7.400	26.500
7/26/2022	6:44 AM	0.1609254400	68.500	3.000	4.998	0.0000010000	-0.0000584208	1.6328764082E-8	0.0000027424	3.1959796005E-9	7.300	26.700
7/26/2022	6:45 AM	0.1634399000	68.500	3.001	4.995	0.0000010000	-0.0000584064	9.5501118304E-9	0.0000027730	6.6368092477E-10	7.300	26.800
7/26/2022	6:46 AM	0.1659543600	68.500	3.000	4.998	0.0000010000	-0.0000583983	9.0179512461E-9	0.0000027682	1.1409532330E-9	7.300	26.700
7/26/2022	6:46 AM	0.1684688200	68.500	2.999	4.998	0.0000010000	-0.0000584177	8.6693544150E-9	0.0000027516	1.9923355511E-9	7.300	27.100
7/26/2022	6:47 AM	0.1709832800	68.500	3.000	4.992	0.0000010000	-0.0000583935	8.3886673005E-9	0.0000027789	1.1666770706E-9	7.300	27.000
7/26/2022	6:48 AM	0.1734977400	68.500	3.000	4.994	0.0000010000	-0.0000584014	1.1427712797E-8	0.0000027562	1.7360872668E-9	7.300	27.100
7/26/2022	6:48 AM	0.1760122000	68.500	3.000	4.997	0.0000010000	-0.0000584285	1.2963262928E-8	0.0000027837	6.7434164903E-10	7.300	26.800
7/26/2022	6:49 AM	0.1785266600	68.500	3.000	5.008	0.0000010000	-0.0000583996	8.0773747305E-9	0.0000027660	1.0112939289E-9	7.300	26.300
7/26/2022	6:50 AM	0.1810411200	68.500	2.999	5.001	0.0000010000	-0.0000584145	1.1060019171E-8	0.0000027657	6.0850436627E-10	7.300	26.800
7/26/2022	6:51 AM	0.1835555800	68.500	2.999	5.004	0.0000010000	-0.0000584198	1.0068799621E-8	0.0000027789	7.3385391260E-10	7.300	26.900
7/26/2022	6:51 AM	0.1860700400	68.500	3.000	4.992	0.0000010000	-0.0000584110	7.9913811572E-9	0.0000027626	1.3383237090E-9	7.300	26.800
7/26/2022	6:52 AM	0.1885845000	68.500	3.000	5.000	0.0000010000	-0.0000584022	5.4156029911E-9	0.0000027294	2.2252915155E-9	7.300	26.300
7/26/2022	6:53 AM	0.1910989600	68.500	3.000	5.002	0.0000010000	-0.0000584100	3.5763601685E-9	0.0000027149	3.4000360422E-9	7.300	26.700
7/26/2022	6:53 AM	0.1936134200	68.500	3.000	4.997	0.0000010000	-0.0000584162	7.5571857607E-9	0.0000027669	1.8728125051E-9	7.300	27.100
7/26/2022	6:54 AM	0.1961278800	68.500	3.000	4.998	0.0000010000	-0.0000583986	9.0230575340E-9	0.0000027487	1.2950784271E-9	7.300	27.200
7/26/2022	6:55 AM	0.1986423400	68.500	3.000	5.006	0.0000010000	-0.0000584053	7.8477734481E-9	0.0000027787	1.5598984599E-9	7.300	26.900
7/26/2022	6:55 AM	0.2011568000	68.500	3.000	4.994	0.0000010000	-0.0000584098	7.7496836485E-9	0.0000027659	2.7834290612E-9	7.300	27.000
7/26/2022	6:56 AM	0.2036712600	62.400	3.000	4.994	0.0000010000	-0.0000584212	1.3051454691E-8	0.0000027667	2.0420970006E-9	7.300	26.600
7/26/2022	6:57 AM	0.2061857200	62.400	2.999	4.996	0.0000010000	-0.0000583940	9.0407927002E-9	0.0000027850	1.2330994631E-9	7.300	26.500
7/26/2022	6:57 AM	0.2087001800	62.400	2.999	5.000	0.0000010000	-0.0000584173	1.1290727592E-8	0.0000027700	1.2950213620E-9	7.300	26.900
7/26/2022	6:58 AM	0.2112146400	62.400	3.000	5.000	0.0000010000	-0.0000584125	8.0018233732E-9	0.0000027866	1.6236530878E-9	7.300	26.900
7/26/2022	6:59 AM	0.2137291000	62.400	3.000	4.999	0.0000010000	-0.0000584025	9.9614030443E-9	0.0000027706	1.1039933485E-9	7.300	26.900
7/26/2022	6:59 AM	0.2162435600	62.400	3.000	5.001	0.0000010000	-0.0000584025	1.2420344564E-8	0.0000027655	1.0407443861E-9	7.300	27.200
7/26/2022	7:00 AM	0.2187580200	62.400	3.000	5.001	0.0000010000	-0.0000583965	1.3139305078E-8	0.0000029060	1.3675758656E-7	7.300	26.300
7/26/2022	7:01 AM	0.2212724800	62.400	2.999	4.996	0.0000010000	-0.0000584131	7.5009915162E-9	0.0000041433	9.7979589711E-10	7.300	26.600
7/26/2022	7:01 AM	0.2237869400	62.400	2.999	4.996	0.0000010000	-0.0000583933	1.2040342297E-8	0.0000041462	2.2247448714E-10	7.300	26.900
7/26/2022	7:02 AM	0.2263014000	62.400	2.999	4.998	0.0000010000	-0.0000584076	1.3747019433E-8	0.0000041276	1.2247221879E-9	7.300	27.400
7/26/2022	7:03 AM	0.2288158600	62.400	2.999	5.004	0.0000010000	-0.0000583997	1.4198717820E-8	0.0000041031	3.9220042179E-9	7.300	27.100
7/26/2022	7:03 AM	0.2313303200	62.400	2.999	5.006	0.0000010000	-0.0000584065	8.9548553295E-9	0.0000041287	2.2635807318E-9	7.300	27.200
7/26/2022	7:04 AM	0.2338447800	62.400	2.999	4.997	0.0000010000	-0.0000583975	1.0990429465E-8	0.0000041432	1.3217525315E-9	7.300	26.500
7/26/2022	7:05 AM	0.2363592400	62.400	2.999	4.997	0.0000010000	-0.0000584109	5.7645386781E-9	0.0000041510	8.2739529308E-10	7.300	26.400
7/26/2022	7:05 AM	0.2388737000	62.400	2.999	5.009	0.0000010000	-0.0000583925	1.2223436845E-8	0.0000041370	2.8423706365E-9	7.300	26.900
7/26/2022	7:06 AM	0.2413881600	62.400	3.000	5.006	0.0000010000	-0.0000583907	8.0314169211E-9	0.0000041557	2.3769869255E-9	7.300	27.200
7/26/2022	7:07 AM	0.2439026200	62.400	3.000	5.000	0.0000010000	-0.0000583968	1.0852726219E-8	0.0000041417	3.0955735648E-10	7.300	27.200
7/26/2022	7:07 AM	0.2464170800	62.400	3.000	5.001	0.0000010000	-0.0000584039	1.4523608122E-8	0.0000041505	1.5874376626E-9	7.300	27.000
7/26/2022	7:08 AM	0.2489315400	62.400	2.999	4.999	0.0000010000	-0.0000584077	1.0350045170E-8	0.0000041418	1.4468115869E-9	7.300	27.000
7/26/2022	7:09 AM	0.2514460000	62.400	2.999	4.994	0.0000010000	-0.0000584002	9.4952989181E-9	0.0000041527	9.3874768826E-10	7.300	26.500
7/26/2022	7:09 AM	0.2539604600	0.900	2.999	4.996	0.0000010000	-0.0000584086	1.0557163931E-8	0.0000041540	1.6206010041E-9	7.300	26.500
7/26/2022	7:10 AM	0.2564749200	62.400	3.000	4.996	0.0000010000	-0.0000583873	8.3267942548E-9	0.0000041483	2.8708286934E-10	7.300	26.700
7/26/2022	7:11 AM	0.2589893800	0.900	3.000	5.001	0.0000010000	-0.0000583958	7.2812884595E-9	0.0000041580	1.2218102647E-9	7.300	26.600
7/26/2022	7:11 AM	0.2615038400	62.400	3.000	5.005	0.0000010000	-0.0000583884	1.4469816760E-8	0.0000041315	2.6450685315E-9	7.300	26.300
7/26/2022	7:12 AM	0.2640183000	62.400	3.000	5.009	0.0000010000	-0.0000584018	8.5071716183E-9	0.0000041408	8.0632910179E-10	7.300	26.800
7/26/2022	7:13 AM	0.2665327600	62.400	2.999	5.008	0.0000010000	-0.0000584253	1.4022046812E-8	0.0000041533	1.0812725199E-9	7.300	26.700
7/26/2022	7:13 AM	0.2690472200	62.400	2.999	5.004	0.0000010000	-0.0000584163	7.9853507926E-9	0.0000041227	2.2022703843E-9	7.400	27.000
7/26/2022	7:14 AM	0.2715616800	62.400	2.999	5.003	0.0000010000	-0.0000583995	8.5469876233E-9	0.0000041568	7.7439472766E-10	7.400	27.100
7/26/2022	7:15 AM	0.2740761400	62.400	3.000	4.992	0.0000010000	-0.0000584282	1.1285844991E-8	0.0000041363	3.0955735648E-10	7.400	27.100
7/26/2022	7:15 AM	0.2765906000	62.400	3.001	4.999	0.0000010000	-0.0000584181	9.9112638879E-9	0.0000041504	1.5749564147E-9	7.300	27.000
7/26/2022	7:16 AM	0.2791050600	62.400	3.000	4.996	0.0000010000	-0.0000584003	1.1366130537E-8	0.0000041586	2.4743982830E-9	7.300	26.600
7/26/2022	7:17 AM	0.2816195200	62.400	3.000	4.999	0.0000010000	-0.0000584094	1.0203143242E-8	0.0000041199	1.9984440659E-9	7.300	26.400
7/26/2022	7:17 AM	0.2841339800	62.400	2.999	4.999	0.0000010000	-0.0000584043	1.0793802323E-8	0.0000041373	1.4442623593E-9	7.300	26.400
7/26/2022	7:18 AM	0.2866484400	62.400	3.000	5.001	0.0000010000	-0.0000584145	7.5658701446E-9	0.0000041323	1.3574781129E-9	7.300	26.600
7/26/2022	7:19 AM	0.2891629000	62.400	3.000	4.997	0.0000010000	-0.0000583952	9.2943017012E-9	0.0000041029	3.3560870709E-9	7.300	27.000
7/26/2022	7:19 AM	0.2916773600	62.400	3.000	5.004	0.0000010000	-0.0000584099	1.0964118119E-8	0.0000041304	3.7583349993E-9	7.300	27.000
7/26/2022	7:20 AM	0.2941918200	62.400	3.000	4.998	0.0000010000	-0.0000583918	1.1939507454E-8	0.0000041643	1.8902389447E-9	7.300	27.000
7/26/2022	7:21 AM	0.2967062800	62.400	3.000	5.001	0.0000010000	-0.0000584247	1.3746928841E-8	0.0000041475	7.0710678119E-10	7.300	26.800
7/26/2022	7:21 AM	0.2992207400	62.400	3.000	4.999	0.0000010000	-0.0000583823	9.4510495840E-9	0.0000041910	3.1961099865E-9	7.300	27.100
7/26/2022	7:22 AM	0.3017352000	62.400	2.999	4.996	0.0000010000	-0.0000583948	7.7662029712E-9	0.0000041351	1.4821658761E-9	7.400	27.100
7/26/2022	7:23 AM	0.3042496600	62.400	2.999	4.995	0.0000010000	-0.0000583881	1.2684050744E-8	0.0000041780	2.0479644018E-9	7.400	27.300
7/26/2022	7:23 AM	0.3067641200	62.400	2.999	4.995	0.0000010000	-0.0000583800	1.0474165015E-8	0.0000041223	2.0608904985E-9	7.400	26.700
7/26/2022	7:24 AM	0.3092785800	62.400	2.999	5.002	0.0000010000	-0.0000584100	8.5244291602E-9	0.0000041545	2.3004287502E-9	7.400	26.400
7/26/2022	7:25 AM	0.3117930400	62.400	2.999	4.996	0.0000010000	-0.0000584025	9.7466788219E-9	0.0000041313	1.5874376626E-9	7.400	26.600
7/26/2022	7:25 AM	0.3143075000	62.400	2.999	4.997	0.0000010000	-0.0000584105	1.4059775313E-8	0.0000041319	1.5622668695E-9	7.400	26.600
7/26/2022	7:26 AM	0.3168219600	62.400	2.999	5.000	0.0000010000	-0.0000584088	1.4032734719E-8	0.0000041592	6.9256219969E-10	7.400	26.500
7/26/2022	7:27 AM	0.3193364200	62.400	2.999	5.004	0.0000010000	-0.0000583882	7.9905733762E-9	0.0000041429	1.8494709307E-9	7.400	26.900
7/26/2022	7:27 AM	0.3218508800	62.400	2.999	5.002	0.0000010000	-0.0000584023	4.6442468435E-9	0.0000041319	9.6863274407E-10	7.400	27.100
7/26/2022	7:28 AM	0.3243653400	62.400	2.999	4.998	0.0000010000	-0.0000584118	9.2404671308E-9	0.0000041654	1.2965843085E-9	7.400	27.100
7/26/2022	7:29 AM	0.3268798000	62.400	2.999	4.996	0.0000010000	-0.0000583916	1.1336656663E-8	0.0000041198	1.6748350551E-9	7.400	26.700
7/26/2022	7:29 AM	0.3293942600	62.400	3.000	5.003	0.0000010000	-0.0000583872	1.3492406035E-8	0.0000041551	2.2826006974E-9	7.400	26.900
7/26/2022	7:30 AM	0.3319087200	62.400	3.001	4.997	0.0000010000	-0.0000584252	7.0088920722E-9	0.0000041331	2.5811665888E-9	7.400	27.400
7/26/2022	7:31 AM	0.3344231800	62.400	2.999	5.000	0.0000010000	-0.0000584163	1.4718553608E-8	0.0000041653	2.7369690934E-9	7.400	26.700
7/26/2022	7:31 AM	0.3369376400	62.400	2.999	5.002	0.0000010000	-0.0000584133	7.2549456746E-9	0.0000041316	6.0724247288E-10	7.400	26.400
7/26/2022	7:32 AM	0.3394521000	62.400	3.000	5.002	0.0000010000	-0.0000584042	1.3674736126E-8	0.0000041594	1.0091825995E-9	7.400	27.100
7/26/2022	7:33 AM	0.3419665600	62.400	3.000	5.005	0.0000010000	-0.0000583994	6.1693131483E-9	0.0000041384	1.5830621498E-9	7.400	26.800
7/26/2022	7:33 AM	0.3444810200	62.400	3.000	4.994	0.0000010000	-0.0000584124	8.9822602213E-9	0.0000041601	1.7992954968E-9	7.400	26.700
7/26/2022	7:34 AM	0.3469954800	62.400	2.999	4.996	0.0000010000	-0.0000584133	9.2118638024E-9	0.0000041503	2.0359518652E-9	7.400	27.000
7/26/2022	7:35 AM	0.3495099400	62.400	2.999	5.001	0.0000010000	-0.0000584026	9.9612740560E-9	0.0000041779	2.1962647617E-9	7.400	26.900
7/26/2022	7:35 AM	0.3520244000	62.400	3.000	4.998	0.0000010000	-0.0000584325	1.6003659936E-8	0.0000041409	4.1402208188E-10	7.400	26.400
7/26/2022	7:36 AM	0.3545388600	62.400	3.000	5.001	0.0000010000	-0.0000583948	1.2994013657E-8	0.0000041405	1.3589678312E-9	7.400	26.800
7/26/2022	7:37 AM	0.3570533200	62.400	3.000	4.996	0.0000010000	-0.0000584059	4.1001511161E-9	0.0000041421	2.2002998694E-9	7.400	26.400
7/26/2022	7:37 AM	0.3595677800	62.400	2.999	5.003	0.0000010000	-0.0000584078	1.3105039313E-8	0.0000041606	1.7634253139E-9	7.400	26.900
7/26/2022	7:38 AM	0.3620822400	62.400	2.999	5.002	0.0000010000	-0.0000584269	9.5112685374E-9	0.0000041572	1.8552643561E-9	7.400	26.200
7/26/2022	7:39 AM	0.3645967000	62.400	2.999	5.007	0.0000010000	-0.0000584015	1.2011421646E-8	0.0000041703	2.5400409994E-9	7.400	27.000
7/26/2022	7:39 AM	0.3671111600	62.400	2.999	4.992	0.0000010000	-0.0000584092	8.6654269733E-9	0.0000041818	1.7661551849E-9	7.400	26.300
7/26/2022	7:40 AM	0.3696256200	62.400	2.999	4.998	0.0000010000	-0.0000583963	1.1641990560E-8	0.0000041441	1.3833571824E-9	7.400	27.000
7/26/2022	7:41 AM	0.3721400800	62.400	3.000	4.998	0.0000010000	-0.0000584003	1.2089391936E-8	0.0000041338	2.4665106605E-9	7.400	27.100
7/26/2022	7:42 AM	0.3746545400	62.400	3.001	4.998	0.0000010000	-0.0000583962	6.4616257057E-9	0.0000041050	3.0320794675E-9	7.400	26.300
7/26/2022	7:42 AM	0.3771690000	62.400	3.000	5.003	0.0000010000	-0.0000584193	1.4940752163E-8	0.0000041444	1.3338539126E-9	7.400	27.300
7/26/2022	7:43 AM	0.3796834600	62.400	2.999	4.993	0.0000010000	-0.0000583903	1.3606982985E-8	0.0000041410	3.1259779316E-9	7.400	26.400
7/26/2022	7:44 AM	0.3821979200	62.400	2.999	5.006	0.0000010000	-0.0000584088	9.0856874629E-9	0.0000041627	9.3186001849E-10	7.400	26.500
7/26/2022	7:44 AM	0.3847123800	62.400	2.999	4.998	0.0000010000	-0.0000583969	1.0017217145E-8	0.0000041503	1.6668190083E-9	7.400	26.800
7/26/2022	7:45 AM	0.3872268400	62.400	2.999	5.002	0.0000010000	-0.0000584074	8.0447564682E-9	0.0000041665	8.2739529308E-10	7.400	26.200
7/26/2022	7:46 AM	0.3897413000	62.400	2.999	4.997	0.0000010000	-0.0000584059	1.1254895655E-8	0.0000041697	1.4656500284E-9	7.400	27.000
7/26/2022	7:46 AM	0.3922557600	62.400	3.000	4.997	0.0000010000	-0.0000584126	1.1582019895E-8	0.0000041408	2.0222682592E-9	7.400	26.200
7/26/2022	7:47 AM	0.3947702200	62.400	3.001	4.998	0.0000010000	-0.0000584191	1.3471587666E-8	0.0000041623	1.2247448714E-10	7.400	26.900
7/26/2022	7:48 AM	0.3972846800	62.400	3.000	4.997	0.0000010000	-0.0000583845	1.1378931797E-8	0.0000041375	1.1299465711E-9	7.400	26.900
7/26/2022	7:48 AM	0.3997991400	62.400	3.000	5.004	0.0000010000	-0.0000584177	8.4134116841E-9	0.0000041593	6.7185085508E-10	7.400	26.700
