! User Name:	Aditya_Kumar
! Sample Name:	FGT_CPS_ZFCf120K_FC_P8T
! Sample ID:	FGT_CPS_4C
! Date:	11/4/2022	Time:	12:01 AM
! Current Source:	Keithley 224 Current Source
! Voltmeter V1:	Keithley 182 Degital voltmeter
! Voltmeter V2:	Keithley 2182A  NanoVoltmeter
! V1 (volts):	Vxy
! V2 (volts):	Vxx
! Max Field (Tesla):0.600000	! Data points (0_maxT:460.000000	! Average Number:5.000000	
! Comments:	Device was fabricated inside glove box.
! 
! 
! 
! 
! 
Data	Time	Magnetic Field (T)	Helium Level (%)	VTI Temperature (K)	Sample Temparture (K)	Current (A) 	Voltage-1(V)	Std. of V1	Voltage-2 (V)	Std. of V2	VTI  Heater Power (%)	Sample Heater Power (%)
11/4/2022	12:04 AM	0.3004779700	74.100	2.999	4.999	0.0000010000	0.0000060029	7.5256177369E-9	0.0000505500	3.3881317890E-21	2.400	13.600
11/4/2022	12:05 AM	0.1998995700	46.900	12.997	14.994	0.0000010000	0.0000059971	5.3000810533E-9	0.0000506200	1.2247448714E-8	4.800	26.500
11/4/2022	12:06 AM	0.1005784000	46.900	12.993	14.998	0.0000010000	0.0000060096	9.2592410734E-9	0.0000505500	3.3881317890E-21	4.800	26.600
11/4/2022	12:06 AM	0.0000000000	46.900	12.994	14.998	0.0000010000	0.0000060077	6.3404482848E-9	0.0000505800	1.2247448714E-8	4.800	26.600
11/4/2022	12:07 AM	-0.0502892000	46.900	12.995	14.999	0.0000010000	0.0000059948	6.3133095335E-9	0.0000506000	2.4494897428E-8	4.800	26.600
11/4/2022	12:08 AM	-0.1005784000	46.900	12.998	14.999	0.0000010000	0.0000059973	7.7181918077E-9	0.0000505500	3.3881317890E-21	4.800	26.600
11/4/2022	12:08 AM	-0.1056073200	46.900	13.000	15.000	0.0000010000	0.0000060007	4.9177086269E-9	0.0000505900	1.0000000000E-8	4.800	26.600
11/4/2022	12:09 AM	-0.1093790100	46.900	13.001	15.000	0.0000010000	0.0000059978	3.7118167341E-9	0.0000505800	1.2247448714E-8	4.800	26.600
11/4/2022	12:10 AM	-0.1144079300	46.900	13.000	14.999	0.0000010000	0.0000060059	6.3329070814E-9	0.0000505900	1.0000000000E-8	4.800	26.700
11/4/2022	12:10 AM	-0.1194368500	46.900	13.000	15.000	0.0000010000	0.0000059997	6.6630118034E-9	0.0000505500	3.3881317890E-21	4.800	26.600
11/4/2022	12:11 AM	-0.1244657700	46.900	13.001	15.000	0.0000010000	0.0000060083	6.5238697930E-9	0.0000505900	1.0000000000E-8	4.800	26.600
11/4/2022	12:12 AM	-0.1294946900	46.900	13.001	15.000	0.0000010000	0.0000046694	6.6534484592E-9	0.0000497500	2.6315394734E-7	4.800	26.600
11/4/2022	12:13 AM	-0.1345236100	46.900	13.000	15.000	0.0000010000	0.0000046603	6.6012137029E-9	0.0000505800	1.2247448714E-8	4.800	26.600
11/4/2022	12:13 AM	-0.1395525300	46.900	12.998	15.000	0.0000010000	0.0000046626	4.9078217911E-9	0.0000506300	1.2247448714E-8	4.800	26.600
11/4/2022	12:14 AM	-0.1445814500	46.900	13.000	15.000	0.0000010000	0.0000046620	7.0061114501E-9	0.0000505700	1.2247448714E-8	4.800	26.600
11/4/2022	12:15 AM	-0.1496103700	46.900	13.000	15.000	0.0000010000	0.0000046682	8.8670530618E-9	0.0000505800	1.2247448714E-8	4.800	26.600
11/4/2022	12:15 AM	-0.1546392900	46.900	13.000	15.000	0.0000010000	0.0000046648	4.1227458182E-9	0.0000506200	2.2247448714E-8	4.800	26.600
11/4/2022	12:16 AM	-0.1596682100	46.900	13.000	15.000	0.0000010000	0.0000046602	4.3771572231E-9	0.0000505500	2.0000000000E-8	4.800	26.600
11/4/2022	12:17 AM	-0.1646971300	46.900	13.002	15.000	0.0000010000	0.0000046709	5.7397276717E-9	0.0000506000	3.3881317890E-21	4.800	26.600
11/4/2022	12:17 AM	-0.1697260500	46.900	13.001	15.000	0.0000010000	0.0000046721	5.9509208093E-9	0.0000505500	2.4494897428E-8	4.800	26.600
11/4/2022	12:18 AM	-0.1747549700	46.900	13.001	15.000	0.0000010000	0.0000046587	7.5147451849E-9	0.0000506100	2.2247448714E-8	4.800	26.600
11/4/2022	12:19 AM	-0.1797838900	46.900	12.999	15.000	0.0000010000	0.0000046486	1.0722156470E-8	0.0000506000	3.3881317890E-21	4.800	26.600
11/4/2022	12:19 AM	-0.1848128100	46.900	13.000	15.000	0.0000010000	0.0000046680	4.7972094996E-9	0.0000505800	1.2247448714E-8	4.800	26.600
11/4/2022	12:20 AM	-0.1898417300	46.900	13.000	15.000	0.0000010000	0.0000046502	5.1853704187E-9	0.0000504900	2.9154759474E-8	4.800	26.600
11/4/2022	12:21 AM	-0.1948706500	46.900	13.000	15.000	0.0000010000	0.0000046539	6.4314380343E-9	0.0000506000	3.3881317890E-21	4.800	26.600
11/4/2022	12:21 AM	-0.1998995700	46.900	12.999	15.000	0.0000010000	0.0000046606	3.2724944058E-9	0.0000505400	1.0000000000E-8	4.800	26.600
11/4/2022	12:22 AM	-0.2049284900	46.900	12.999	15.000	0.0000010000	0.0000046548	7.4822803355E-9	0.0000505900	1.0000000000E-8	4.800	26.600
11/4/2022	12:23 AM	-0.2099574100	46.900	12.998	15.000	0.0000010000	0.0000046597	5.8030129678E-9	0.0000496500	2.7658633372E-7	4.800	26.700
11/4/2022	12:23 AM	-0.2149863300	46.900	12.999	15.000	0.0000010000	0.0000046539	4.2269795655E-9	0.0000505800	2.2247448714E-8	4.800	26.600
11/4/2022	12:24 AM	-0.2200152500	46.900	12.999	15.000	0.0000010000	0.0000046676	9.9940182640E-9	0.0000504100	5.3385391260E-8	4.800	26.600
11/4/2022	12:25 AM	-0.2250441700	46.900	13.001	15.001	0.0000010000	0.0000046454	5.1306707247E-9	0.0000505500	2.4494897428E-8	4.800	26.600
11/4/2022	12:25 AM	-0.2300730900	46.900	13.000	15.000	0.0000010000	0.0000046527	4.5574909020E-9	0.0000506000	3.3881317890E-21	4.800	26.600
11/4/2022	12:26 AM	-0.2351020100	46.900	12.999	15.000	0.0000010000	0.0000046427	8.8523544869E-9	0.0000505500	3.3881317890E-21	4.800	26.600
11/4/2022	12:27 AM	-0.2401309300	46.900	12.999	15.001	0.0000010000	0.0000046427	7.2883211205E-9	0.0000506200	1.2247448714E-8	4.800	26.600
11/4/2022	12:27 AM	-0.2451598500	46.900	13.001	15.000	0.0000010000	0.0000046448	5.2891761971E-9	0.0000505400	1.0000000000E-8	4.800	26.600
11/4/2022	12:28 AM	-0.2501887700	46.900	12.999	15.000	0.0000010000	0.0000046461	7.4009819265E-9	0.0000505600	1.0000000000E-8	4.800	26.600
11/4/2022	12:29 AM	-0.2552176900	46.900	12.998	15.000	0.0000010000	0.0000046445	4.6009798076E-9	0.0000505500	3.3881317890E-21	4.800	26.600
11/4/2022	12:29 AM	-0.2602466100	46.900	13.002	15.000	0.0000010000	0.0000046411	6.2740952496E-9	0.0000506100	1.0000000000E-8	4.800	26.600
11/4/2022	12:30 AM	-0.2652755300	46.900	12.998	15.000	0.0000010000	0.0000046381	6.4308175468E-9	0.0000506000	3.3881317890E-21	4.800	26.600
11/4/2022	12:31 AM	-0.2703044500	46.900	13.000	15.000	0.0000010000	0.0000046338	4.2368442110E-9	0.0000504100	5.3385391260E-8	4.800	26.600
11/4/2022	12:32 AM	-0.2753333700	46.900	13.000	15.001	0.0000010000	0.0000046322	6.2606888172E-9	0.0000504800	2.5495097568E-8	4.800	26.600
11/4/2022	12:32 AM	-0.2803622900	46.900	12.999	15.000	0.0000010000	0.0000046347	5.8080785847E-9	0.0000505700	1.2247448714E-8	4.800	26.600
11/4/2022	12:33 AM	-0.2853912100	46.900	12.999	15.000	0.0000010000	0.0000046322	4.5398188136E-9	0.0000505500	3.3881317890E-21	4.800	26.600
11/4/2022	12:34 AM	-0.2904201300	46.900	12.999	15.000	0.0000010000	0.0000046471	8.7574690893E-9	0.0000502700	7.5166481892E-8	4.800	26.600
11/4/2022	12:34 AM	-0.2954490500	46.900	13.000	15.000	0.0000010000	0.0000046410	5.2620155273E-9	0.0000505500	3.3881317890E-21	4.800	26.600
11/4/2022	12:35 AM	-0.3004779700	46.900	13.000	15.000	0.0000010000	0.0000046463	6.9084680402E-9	0.0000505300	1.2247448714E-8	4.800	26.600
11/4/2022	12:36 AM	-0.1998995700	46.900	12.999	15.000	0.0000010000	0.0000046456	7.4386422840E-9	0.0000506000	2.4494897428E-8	4.800	26.600
11/4/2022	12:36 AM	-0.1005784000	46.900	12.995	15.000	0.0000010000	0.0000046351	5.3886519802E-9	0.0000506000	3.3881317890E-21	4.800	26.600
11/4/2022	12:37 AM	-0.0502892000	46.900	12.993	15.000	0.0000010000	0.0000046326	6.0390827248E-9	0.0000506000	3.3881317890E-21	4.800	26.600
11/4/2022	12:38 AM	-0.0452602800	46.900	12.999	15.000	0.0000010000	0.0000046447	6.1025788451E-9	0.0000506100	1.0000000000E-8	4.800	26.600
11/4/2022	12:39 AM	-0.0402313600	46.900	13.000	15.000	0.0000010000	0.0000046255	7.2696139458E-9	0.0000506000	3.3881317890E-21	4.800	26.600
11/4/2022	12:39 AM	-0.0352024400	46.900	13.000	15.000	0.0000010000	0.0000046351	5.2516302255E-9	0.0000506000	3.3881317890E-21	4.800	26.600
11/4/2022	12:40 AM	-0.0301735200	46.900	12.999	15.000	0.0000010000	0.0000046433	4.8060965906E-9	0.0000506400	1.8708286934E-8	4.800	26.600
11/4/2022	12:41 AM	-0.0251446000	46.900	12.999	15.000	0.0000010000	0.0000046371	5.2221376577E-9	0.0000506000	2.4494897428E-8	4.800	26.600
11/4/2022	12:41 AM	-0.0201156800	46.900	12.999	15.000	0.0000010000	0.0000046303	6.2997096275E-9	0.0000505800	1.2247448714E-8	4.800	26.600
11/4/2022	12:42 AM	-0.0150867600	46.900	13.001	15.000	0.0000010000	0.0000046359	3.6909669196E-9	0.0000506000	3.3881317890E-21	4.800	26.600
11/4/2022	12:43 AM	-0.0100578400	46.900	13.001	15.000	0.0000010000	0.0000046358	8.8736145374E-9	0.0000505300	1.2247448714E-8	4.800	26.600
11/4/2022	12:43 AM	-0.0050289200	46.900	13.000	15.000	0.0000010000	0.0000046302	6.3171122624E-9	0.0000505500	3.3881317890E-21	4.800	26.600
11/4/2022	12:44 AM	0.0000000000	46.900	13.000	15.000	0.0000010000	0.0000046467	7.4293374752E-9	0.0000505900	2.2247448714E-8	4.800	26.600
11/4/2022	12:45 AM	0.0050289200	46.900	12.999	14.999	0.0000010000	0.0000046379	5.0656603453E-9	0.0000505500	3.3881317890E-21	4.800	26.600
11/4/2022	12:45 AM	0.0100578400	46.900	12.999	15.000	0.0000010000	0.0000046367	4.0298535561E-9	0.0000506000	3.3881317890E-21	4.800	26.600
11/4/2022	12:46 AM	0.0150867600	46.900	13.000	15.000	0.0000010000	0.0000046463	4.5173019468E-9	0.0000506000	3.3881317890E-21	4.800	26.600
11/4/2022	12:47 AM	0.0201156800	46.900	12.999	15.000	0.0000010000	0.0000046404	9.4117454903E-9	0.0000504900	2.9154759474E-8	4.800	26.600
11/4/2022	12:47 AM	0.0251446000	46.900	12.999	15.000	0.0000010000	0.0000046330	7.6778641140E-9	0.0000506200	1.2247448714E-8	4.800	26.600
11/4/2022	12:48 AM	0.0301735200	46.900	12.999	15.000	0.0000010000	0.0000046330	4.8214607149E-9	0.0000505600	1.0000000000E-8	4.800	26.600
11/4/2022	12:49 AM	0.0352024400	46.900	12.999	15.000	0.0000010000	0.0000046518	6.5981791020E-9	0.0000506300	1.2247448714E-8	4.800	26.600
11/4/2022	12:49 AM	0.0402313600	46.900	13.000	15.000	0.0000010000	0.0000046455	9.9699999898E-9	0.0000505700	1.2247448714E-8	4.800	26.600
11/4/2022	12:50 AM	0.0452602800	46.900	13.000	15.000	0.0000010000	0.0000046255	6.0025900134E-9	0.0000505800	1.2247448714E-8	4.800	26.600
11/4/2022	12:51 AM	0.0502892000	46.900	12.999	15.000	0.0000010000	0.0000046329	8.4828605717E-9	0.0000505900	1.0000000000E-8	4.800	26.600
11/4/2022	12:51 AM	0.0553181200	46.900	13.000	15.000	0.0000010000	0.0000046445	6.3666953683E-9	0.0000505500	3.3881317890E-21	4.800	26.600
11/4/2022	12:52 AM	0.0603470400	46.900	12.999	15.000	0.0000010000	0.0000046485	5.2137582682E-9	0.0000506000	3.3881317890E-21	4.800	26.600
11/4/2022	12:53 AM	0.0653759600	46.900	12.999	15.000	0.0000010000	0.0000046314	6.0140943874E-9	0.0000505900	1.0000000000E-8	4.800	26.600
11/4/2022	12:53 AM	0.0704048800	46.900	13.001	15.000	0.0000010000	0.0000046461	4.1927959700E-9	0.0000506300	1.2247448714E-8	4.800	26.600
11/4/2022	12:54 AM	0.0754338000	46.900	13.000	15.000	0.0000010000	0.0000046516	8.6360747468E-9	0.0000505800	2.2247448714E-8	4.800	26.600
11/4/2022	12:55 AM	0.0804627200	46.900	12.999	15.000	0.0000010000	0.0000059182	1.0341519976E-8	0.0000506300	2.2247448714E-8	4.800	26.600
11/4/2022	12:55 AM	0.0854916400	46.900	13.000	15.000	0.0000010000	0.0000059246	3.7851161624E-9	0.0000505700	1.2247448714E-8	4.800	26.600
11/4/2022	12:56 AM	0.0905205600	46.900	13.000	15.000	0.0000010000	0.0000059154	6.3934885794E-9	0.0000505800	1.2247448714E-8	4.800	26.600
11/4/2022	12:57 AM	0.0955494800	41.900	12.998	15.000	0.0000010000	0.0000059276	4.1058280199E-9	0.0000505500	3.3881317890E-21	4.800	26.600
11/4/2022	12:57 AM	0.1005784000	41.900	12.999	15.000	0.0000010000	0.0000059277	4.0663565946E-9	0.0000504200	5.3851648071E-8	4.800	26.600
11/4/2022	12:58 AM	0.1056073200	41.900	12.999	15.000	0.0000010000	0.0000059315	5.4551068180E-9	0.0000506000	3.3881317890E-21	4.800	26.600
11/4/2022	12:59 AM	0.1093790100	41.900	12.999	15.000	0.0000010000	0.0000059373	2.4005125269E-9	0.0000506000	3.3881317890E-21	4.800	26.600
11/4/2022	12:59 AM	0.1144079300	41.900	12.999	15.000	0.0000010000	0.0000059537	5.3961888596E-9	0.0000506000	3.3881317890E-21	4.800	26.600
11/4/2022	1:00 AM	0.1194368500	0.900	13.000	15.000	0.0000010000	0.0000059535	6.1183406969E-9	0.0000505800	1.2247448714E-8	4.800	26.600
11/4/2022	1:01 AM	0.1244657700	41.900	13.000	15.000	0.0000010000	0.0000059779	4.2883058940E-9	0.0000506100	1.0000000000E-8	4.800	26.600
11/4/2022	1:01 AM	0.1294946900	41.900	13.000	15.000	0.0000010000	0.0000059854	4.0359258605E-9	0.0000504900	2.9154759474E-8	4.800	26.600
11/4/2022	1:02 AM	0.1345236100	41.900	12.999	15.000	0.0000010000	0.0000059982	2.6861189460E-9	0.0000505300	1.2247448714E-8	4.800	26.600
11/4/2022	1:03 AM	0.1395525300	41.900	13.000	15.000	0.0000010000	0.0000059799	5.7326265902E-9	0.0000505900	2.4494897428E-8	4.800	26.600
11/4/2022	1:04 AM	0.1445814500	41.900	13.000	15.000	0.0000010000	0.0000059949	5.5940543631E-9	0.0000506000	2.0000000000E-8	4.800	26.600
11/4/2022	1:05 AM	0.1496103700	41.900	12.999	15.000	0.0000010000	0.0000059967	8.3995369042E-9	0.0000505900	1.0000000000E-8	4.800	26.600
11/4/2022	1:05 AM	0.1546392900	41.900	13.000	15.000	0.0000010000	0.0000059961	7.3141888959E-9	0.0000506200	1.2247448714E-8	4.800	26.600
11/4/2022	1:06 AM	0.1596682100	41.900	13.000	15.000	0.0000010000	0.0000060003	7.1293345601E-9	0.0000505800	1.2247448714E-8	4.800	26.600
11/4/2022	1:07 AM	0.1646971300	41.900	13.000	15.000	0.0000010000	0.0000059863	9.0181003022E-9	0.0000505800	1.2247448714E-8	4.800	26.600
11/4/2022	1:07 AM	0.1697260500	41.900	13.000	15.000	0.0000010000	0.0000059952	4.5657582099E-9	0.0000506000	3.3881317890E-21	4.800	26.600
11/4/2022	1:08 AM	0.1747549700	41.900	12.999	15.000	0.0000010000	0.0000059958	5.7256988509E-9	0.0000505500	3.3881317890E-21	4.800	26.600
11/4/2022	1:09 AM	0.1797838900	41.900	13.000	15.000	0.0000010000	0.0000059986	5.0243434856E-9	0.0000505900	1.0000000000E-8	4.800	26.600
11/4/2022	1:09 AM	0.1848128100	41.900	13.000	15.000	0.0000010000	0.0000059903	4.2332804282E-9	0.0000506000	3.3881317890E-21	4.800	26.600
11/4/2022	1:10 AM	0.1898417300	41.900	13.001	15.000	0.0000010000	0.0000059869	7.9853683423E-9	0.0000505500	3.3881317890E-21	4.800	26.600
11/4/2022	1:11 AM	0.1948706500	41.900	12.999	14.999	0.0000010000	0.0000059958	5.3650298961E-9	0.0000506300	1.2247448714E-8	4.800	26.600
11/4/2022	1:11 AM	0.1998995700	41.900	13.000	15.000	0.0000010000	0.0000059955	5.6297863925E-9	0.0000506000	3.3881317890E-21	4.800	26.600
11/4/2022	1:12 AM	0.2049284900	41.900	13.001	15.000	0.0000010000	0.0000059937	5.3930483415E-9	0.0000505300	1.2247448714E-8	4.800	26.600
11/4/2022	1:13 AM	0.2099574100	41.900	13.001	15.000	0.0000010000	0.0000059951	5.4014612806E-9	0.0000505800	2.2247448714E-8	4.800	26.600
11/4/2022	1:13 AM	0.2149863300	41.900	12.999	15.000	0.0000010000	0.0000059944	8.6983589941E-9	0.0000505800	1.2247448714E-8	4.800	26.600
11/4/2022	1:14 AM	0.2200152500	41.900	12.999	15.000	0.0000010000	0.0000059949	6.0604799258E-9	0.0000505500	3.3881317890E-21	4.800	26.600
11/4/2022	1:15 AM	0.2250441700	41.900	12.999	15.000	0.0000010000	0.0000059911	2.8401256080E-9	0.0000505500	3.3881317890E-21	4.800	26.600
11/4/2022	1:15 AM	0.2300730900	41.900	12.999	15.000	0.0000010000	0.0000060055	8.1768847082E-9	0.0000506000	3.3881317890E-21	4.800	26.600
11/4/2022	1:16 AM	0.2351020100	41.900	12.999	15.000	0.0000010000	0.0000059933	5.4337009276E-9	0.0000505700	1.2247448714E-8	4.800	26.600
11/4/2022	1:17 AM	0.2401309300	41.900	12.999	15.000	0.0000010000	0.0000059951	5.1492827794E-9	0.0000505800	1.2247448714E-8	4.800	26.600
11/4/2022	1:17 AM	0.2451598500	41.900	13.002	15.000	0.0000010000	0.0000059979	6.2095528873E-9	0.0000506200	1.2247448714E-8	4.800	26.600
11/4/2022	1:18 AM	0.2501887700	41.900	13.000	15.000	0.0000010000	0.0000059946	5.7289469330E-9	0.0000506000	3.3881317890E-21	4.800	26.600
11/4/2022	1:19 AM	0.2552176900	41.900	12.999	15.000	0.0000010000	0.0000059961	4.5677646514E-9	0.0000505900	2.2247448714E-8	4.800	26.600
11/4/2022	1:19 AM	0.2602466100	41.900	12.999	15.000	0.0000010000	0.0000060073	5.6392955057E-9	0.0000505000	2.2360679775E-8	4.800	26.600
11/4/2022	1:20 AM	0.2652755300	41.900	12.999	15.000	0.0000010000	0.0000060069	4.2802482003E-9	0.0000505900	1.0000000000E-8	4.800	26.600
11/4/2022	1:21 AM	0.2703044500	41.900	13.001	15.000	0.0000010000	0.0000060017	2.9746258638E-9	0.0000501300	1.5099181797E-7	4.800	26.600
11/4/2022	1:21 AM	0.2753333700	41.900	13.001	15.000	0.0000010000	0.0000060023	6.7057262476E-9	0.0000505600	1.0000000000E-8	4.800	26.600
11/4/2022	1:22 AM	0.2803622900	0.900	13.001	15.000	0.0000010000	0.0000060026	5.5941177389E-9	0.0000505600	1.0000000000E-8	4.800	26.600
11/4/2022	1:23 AM	0.2853912100	41.900	12.998	15.000	0.0000010000	0.0000059937	3.1927677673E-9	0.0000505800	1.2247448714E-8	4.800	26.600
11/4/2022	1:23 AM	0.2904201300	41.900	12.999	15.000	0.0000010000	0.0000059932	6.1341321320E-9	0.0000506000	3.3881317890E-21	4.800	26.600
11/4/2022	1:24 AM	0.2954490500	41.900	13.000	15.000	0.0000010000	0.0000059860	4.5858998400E-9	0.0000505700	1.2247448714E-8	4.800	26.600
11/4/2022	1:25 AM	0.3004779700	41.900	13.000	15.000	0.0000010000	0.0000059884	1.0621068434E-8	0.0000503200	8.4833147735E-8	4.800	26.600
