! User Name:	Aditya 
! Sample Name:	FGT_CPS_Device 2_FCf290K_P8T
! Sample ID:	FGT/CrPS4
! Date:	5/25/2022	Time:	10:38 AM
! Current Source:	Keithley 224 Current Source
! Voltmeter V1:	Keithley 182 Degital voltmeter
! Voltmeter V2:	Keithley 2182A  NanoVoltmeter
! V1 (volts):	Rxx Device 1
! V2 (volts):	Rxy Device 1
! Max Field (Tesla):0.000000	! Data points (0_maxT:75.000000	! Average Number:5.000000	
! Comments:	FGT/CrPS4 device was made in glove using flaking and dry transfering of flakes. 
! 
! 
! 
! 
Data	Time	Magnetic Field (T)	Helium Level (%)	VTI Temperature (K)	Sample Temparture (K)	Current (A) 	Voltage-1(V)	Std. of V1	Voltage-2 (V)	Std. of V2	VTI  Heater Power (%)	Sample Heater Power (%)
5/25/2022	10:40 AM	0.2501887700	52.000	52.780	54.994	0.0000010000	-0.0000117260	3.9742493306E-9	0.0000260361	4.3011626335E-10	6.700	27.800
5/25/2022	10:41 AM	0.2451598500	55.400	78.000	80.000	0.0000010000	-0.0000117184	5.5327707472E-9	0.0000260354	4.9154759474E-10	14.500	36.400
5/25/2022	10:41 AM	0.2401309300	55.400	78.000	80.000	0.0000010000	-0.0000117095	5.9112389517E-9	0.0000260390	6.6368092477E-10	14.500	36.400
5/25/2022	10:42 AM	0.2351020100	55.400	78.000	80.001	0.0000010000	-0.0000117038	3.2701169340E-9	0.0000260242	1.3717493657E-9	14.500	36.300
5/25/2022	10:43 AM	0.2300730900	55.400	78.000	80.000	0.0000010000	-0.0000117108	4.2831531629E-9	0.0000260407	6.3851648071E-10	14.500	36.400
5/25/2022	10:43 AM	0.2250441700	55.400	78.000	80.000	0.0000010000	-0.0000117020	4.3571227832E-9	0.0000260279	2.9154759474E-10	14.500	36.400
5/25/2022	10:44 AM	0.2200152500	55.400	78.000	80.001	0.0000010000	-0.0000117019	3.6296347876E-9	0.0000260380	3.7742546282E-10	14.500	36.400
5/25/2022	10:45 AM	0.2149863300	55.400	78.000	80.000	0.0000010000	-0.0000116955	1.0774090326E-8	0.0000260620	9.1763500472E-10	14.500	36.400
5/25/2022	10:45 AM	0.2099574100	55.400	78.000	80.000	0.0000010000	-0.0000117215	6.1124905704E-9	0.0000260255	1.2204836823E-9	14.500	36.400
5/25/2022	10:46 AM	0.2049284900	55.400	78.000	80.000	0.0000010000	-0.0000117118	7.1253002928E-9	0.0000260400	3.9154759474E-10	14.500	36.400
5/25/2022	10:47 AM	0.1998995700	55.400	78.000	79.999	0.0000010000	-0.0000117280	6.7911070009E-9	0.0000260414	4.1068966709E-10	14.500	36.400
5/25/2022	10:47 AM	0.1948706500	55.400	78.000	80.000	0.0000010000	-0.0000117119	3.3976740684E-9	0.0000260479	6.6099096785E-10	14.500	36.300
5/25/2022	10:48 AM	0.1898417300	55.400	78.000	80.000	0.0000010000	-0.0000117136	5.5346675305E-9	0.0000260375	1.6940658945E-21	14.500	36.400
5/25/2022	10:49 AM	0.1848128100	55.400	78.000	79.999	0.0000010000	-0.0000117106	5.2053621881E-9	0.0000260446	3.8708286934E-10	14.500	36.400
5/25/2022	10:49 AM	0.1797838900	55.400	78.000	80.000	0.0000010000	-0.0000117351	6.0543519587E-9	0.0000260386	6.8309518948E-10	14.500	36.400
5/25/2022	10:50 AM	0.1747549700	55.400	78.000	80.000	0.0000010000	-0.0000117192	6.7132381643E-9	0.0000260433	8.3006407546E-10	14.500	36.400
5/25/2022	10:51 AM	0.1697260500	55.400	78.000	80.000	0.0000010000	-0.0000117157	4.0388150761E-9	0.0000260507	1.1171366312E-9	14.500	36.400
5/25/2022	10:51 AM	0.1646971300	55.400	78.000	80.000	0.0000010000	-0.0000117132	6.3161183574E-9	0.0000260236	5.8615541191E-10	14.500	36.400
5/25/2022	10:52 AM	0.1596682100	55.400	78.000	80.000	0.0000010000	-0.0000117322	5.9292203550E-9	0.0000260521	5.8823014636E-10	14.500	36.300
5/25/2022	10:53 AM	0.1546392900	55.400	78.000	80.000	0.0000010000	-0.0000117080	6.0739154229E-9	0.0000260425	3.7742546282E-10	14.500	36.400
5/25/2022	10:53 AM	0.1496103700	55.400	78.000	80.000	0.0000010000	-0.0000117084	8.8178238633E-9	0.0000260406	5.4649857042E-10	14.500	36.400
5/25/2022	10:54 AM	0.1445814500	55.400	78.000	80.000	0.0000010000	-0.0000117140	5.2162158629E-9	0.0000260448	3.0955735648E-10	14.500	36.400
5/25/2022	10:55 AM	0.1395525300	55.400	78.000	80.000	0.0000010000	-0.0000117131	5.6100574582E-9	0.0000260463	2.2247448714E-10	14.500	36.400
5/25/2022	10:55 AM	0.1345236100	55.400	78.000	80.000	0.0000010000	-0.0000116952	6.4721081227E-9	0.0000260214	1.1074720840E-9	14.500	36.400
5/25/2022	10:56 AM	0.1294946900	55.400	78.000	79.999	0.0000010000	-0.0000116960	5.4374451272E-9	0.0000260316	1.0276472679E-9	14.500	36.400
5/25/2022	10:57 AM	0.1244657700	55.400	78.000	80.000	0.0000010000	-0.0000117315	6.4726620260E-9	0.0000260500	6.6099096785E-10	14.500	36.400
5/25/2022	10:57 AM	0.1194368500	55.400	78.000	80.000	0.0000010000	-0.0000117072	7.2192960079E-9	0.0000260344	7.5355339059E-10	14.500	36.400
5/25/2022	10:58 AM	0.1144079300	55.400	78.000	80.000	0.0000010000	-0.0000117200	3.8973330510E-9	0.0000260214	1.3047590476E-9	14.500	36.400
5/25/2022	10:58 AM	0.1093790100	55.400	78.000	80.001	0.0000010000	-0.0000116969	6.9556492375E-9	0.0000260293	1.1540368496E-9	14.500	36.300
5/25/2022	10:59 AM	0.1043500900	55.400	78.000	79.999	0.0000010000	-0.0000117011	5.0845515379E-9	0.0000260442	8.9932295550E-10	14.500	36.400
5/25/2022	11:00 AM	0.0993211700	55.400	78.000	80.000	0.0000010000	-0.0000117060	7.1527186467E-9	0.0000260502	4.7863046408E-10	14.500	36.400
5/25/2022	11:00 AM	0.0942922500	55.400	78.000	80.000	0.0000010000	-0.0000117152	4.9256605377E-9	0.0000260701	5.1515439249E-10	14.500	36.400
5/25/2022	11:01 AM	0.0892633300	55.400	78.000	79.999	0.0000010000	-0.0000117125	7.6817525215E-9	0.0000260411	1.8140554983E-9	14.500	36.400
5/25/2022	11:02 AM	0.0842344100	55.400	78.000	80.000	0.0000010000	-0.0000117041	6.2264529498E-9	0.0000260610	6.0620192023E-10	14.500	36.300
5/25/2022	11:02 AM	0.0792054900	55.400	78.000	80.000	0.0000010000	-0.0000117118	5.6425000841E-9	0.0000260503	8.8054356926E-10	14.500	36.400
5/25/2022	11:03 AM	0.0741765700	55.400	78.000	80.000	0.0000010000	-0.0000117244	7.2829334299E-9	0.0000260250	2.2711354910E-9	14.500	36.400
5/25/2022	11:04 AM	0.0691476500	55.400	78.000	80.000	0.0000010000	-0.0000117013	6.6634788565E-9	0.0000260618	1.2247448714E-10	14.500	36.400
5/25/2022	11:04 AM	0.0641187300	55.400	78.000	80.000	0.0000010000	-0.0000117187	5.7257480596E-9	0.0000260473	1.0147301372E-9	14.500	36.400
5/25/2022	11:05 AM	0.0590898100	55.400	78.000	80.000	0.0000010000	-0.0000117104	4.6592528053E-9	0.0000260494	6.3011626335E-10	14.500	36.400
5/25/2022	11:05 AM	0.0540608900	55.400	78.000	80.000	0.0000010000	-0.0000117102	9.3129709897E-9	0.0000260604	1.1857741531E-9	14.500	36.400
5/25/2022	11:06 AM	0.0490319700	55.400	78.000	80.000	0.0000010000	-0.0000117147	4.5181977062E-9	0.0000260489	8.4010949186E-10	14.500	36.400
5/25/2022	11:07 AM	0.0440030500	55.400	78.000	80.000	0.0000010000	-0.0000117150	9.1949496597E-9	0.0000260387	1.3661637486E-9	14.500	36.400
5/25/2022	11:07 AM	0.0389741300	55.400	78.000	80.000	0.0000010000	-0.0000117186	7.6631397546E-9	0.0000260587	3.7416573868E-10	14.500	36.300
5/25/2022	11:08 AM	0.0339452100	55.400	78.000	80.000	0.0000010000	-0.0000117184	4.0660239301E-9	0.0000260619	3.0955735648E-10	14.500	36.300
5/25/2022	11:09 AM	0.0289162900	55.400	78.000	80.001	0.0000010000	-0.0000117056	5.6452002613E-9	0.0000260660	7.8036765891E-10	14.500	36.400
5/25/2022	11:09 AM	0.0238873700	55.400	78.000	80.000	0.0000010000	-0.0000117218	4.6757531787E-9	0.0000260480	1.8311878773E-9	14.500	36.400
5/25/2022	11:10 AM	0.0188584500	55.400	78.000	80.000	0.0000010000	-0.0000117185	4.0292494811E-9	0.0000260747	1.7281917619E-9	14.500	36.400
5/25/2022	11:11 AM	0.0138295300	55.400	78.000	80.001	0.0000010000	-0.0000116903	5.5476245913E-9	0.0000260663	7.7439472766E-10	14.500	36.400
5/25/2022	11:11 AM	0.0088006100	55.400	78.000	80.001	0.0000010000	-0.0000117221	6.5994497106E-9	0.0000260511	4.4203384502E-10	14.500	36.400
5/25/2022	11:12 AM	0.0037716900	55.400	78.000	80.000	0.0000010000	-0.0000116994	6.8507401847E-9	0.0000260409	1.5347540490E-9	14.500	36.400
5/25/2022	11:13 AM	-0.0012572300	55.400	78.000	80.000	0.0000010000	-0.0000117235	5.2067167496E-9	0.0000260675	3.5355339059E-10	14.500	36.400
5/25/2022	11:13 AM	-0.0062861500	55.400	78.000	80.000	0.0000010000	-0.0000117007	6.7069597069E-9	0.0000260515	7.4031242374E-10	14.500	36.400
5/25/2022	11:14 AM	-0.0113150700	55.400	78.000	80.000	0.0000010000	-0.0000117108	6.1470420936E-9	0.0000260532	2.8708286934E-10	14.500	36.400
5/25/2022	11:15 AM	-0.0163439900	55.400	78.000	80.000	0.0000010000	-0.0000117262	6.3011312334E-9	0.0000260450	7.0556967662E-10	14.500	36.300
5/25/2022	11:15 AM	-0.0213729100	55.400	78.000	80.000	0.0000010000	-0.0000117180	7.1704214279E-9	0.0000260536	9.2736184955E-10	14.500	36.400
5/25/2022	11:16 AM	-0.0264018300	53.300	78.000	80.000	0.0000010000	-0.0000117174	5.9443933788E-9	0.0000260581	6.5076379411E-10	14.500	36.400
5/25/2022	11:17 AM	-0.0314307500	53.300	78.000	80.000	0.0000010000	-0.0000117022	6.1469773346E-9	0.0000260456	5.6540887349E-10	14.500	36.400
5/25/2022	11:17 AM	-0.0364596700	53.300	78.000	80.000	0.0000010000	-0.0000117252	5.2506947776E-9	0.0000260606	6.5076379411E-10	14.500	36.400
5/25/2022	11:18 AM	-0.0414885900	53.300	78.000	80.000	0.0000010000	-0.0000117100	6.8791145597E-9	0.0000260472	7.4031242374E-10	14.500	36.400
5/25/2022	11:19 AM	-0.0465175100	53.300	78.000	80.000	0.0000010000	-0.0000116921	6.6223779812E-9	0.0000260636	7.5522851952E-10	14.500	36.400
5/25/2022	11:19 AM	-0.0515464300	53.300	78.000	80.000	0.0000010000	-0.0000117155	1.2376179726E-8	0.0000260361	2.1542065781E-9	14.500	36.400
5/25/2022	11:20 AM	-0.0565753500	53.300	78.000	80.000	0.0000010000	-0.0000117052	6.6754896893E-9	0.0000260798	1.3661637486E-9	14.500	36.400
5/25/2022	11:21 AM	-0.0616042700	53.300	78.000	80.001	0.0000010000	-0.0000117152	5.7992158722E-9	0.0000260674	1.1366882263E-9	14.500	36.300
5/25/2022	11:21 AM	-0.0666331900	53.300	78.000	80.000	0.0000010000	-0.0000116914	7.2264719863E-9	0.0000260508	8.1763500472E-10	14.500	36.300
5/25/2022	11:22 AM	-0.0716621100	53.300	78.000	80.000	0.0000010000	-0.0000117174	5.6199604591E-9	0.0000260638	1.2247448714E-10	14.500	36.300
5/25/2022	11:22 AM	-0.0766910300	53.300	78.000	80.000	0.0000010000	-0.0000117147	4.4573981823E-9	0.0000260574	1.6413868266E-9	14.500	36.400
5/25/2022	11:23 AM	-0.0817199500	53.300	78.000	80.000	0.0000010000	-0.0000117063	4.7648897380E-9	0.0000260575	3.5355339059E-10	14.500	36.400
5/25/2022	11:24 AM	-0.0867488700	53.300	78.000	80.000	0.0000010000	-0.0000117275	6.5248009821E-9	0.0000260579	6.3066409390E-10	14.500	36.300
5/25/2022	11:24 AM	-0.0917777900	53.300	78.000	80.000	0.0000010000	-0.0000117000	8.2645750311E-9	0.0000260651	1.2561514854E-9	14.500	36.300
5/25/2022	11:25 AM	-0.0968067100	53.300	78.000	80.000	0.0000010000	-0.0000117053	6.6316947437E-9	0.0000260503	9.2764726786E-10	14.500	36.400
5/25/2022	11:26 AM	-0.1018356300	53.300	78.000	79.999	0.0000010000	-0.0000117106	7.6777706537E-9	0.0000260578	2.8708286934E-10	14.500	36.400
5/25/2022	11:26 AM	-0.1068645500	53.300	78.000	80.000	0.0000010000	-0.0000117109	5.4995522612E-9	0.0000260624	5.4063625993E-10	14.500	36.400
5/25/2022	11:27 AM	-0.1118934700	53.300	78.000	80.000	0.0000010000	-0.0000117224	6.0024609650E-9	0.0000260451	1.7577010297E-9	14.500	36.400
5/25/2022	11:28 AM	-0.1169223900	53.300	78.000	80.000	0.0000010000	-0.0000117237	6.3695850375E-9	0.0000260669	4.0000000000E-10	14.500	36.300
5/25/2022	11:28 AM	-0.1219513100	53.300	78.000	80.000	0.0000010000	-0.0000117158	6.1893896295E-9	0.0000260170	4.2537996564E-9	14.500	36.300
5/25/2022	11:29 AM	-0.1269802300	53.300	78.000	80.001	0.0000010000	-0.0000117005	7.7071416338E-9	0.0000260788	1.0704286871E-9	14.500	36.400
5/25/2022	11:29 AM	-0.1320091500	53.300	78.000	80.000	0.0000010000	-0.0000117223	1.4309133791E-8	0.0000260393	3.1993290957E-9	14.500	36.400
5/25/2022	11:30 AM	-0.1370380700	53.300	78.000	79.999	0.0000010000	-0.0000117072	8.5756520397E-9	0.0000260631	1.1971788707E-9	14.500	36.400
5/25/2022	11:31 AM	-0.1420669900	53.300	78.000	80.000	0.0000010000	-0.0000117096	7.7068392428E-9	0.0000260481	7.9842630675E-10	14.500	36.400
5/25/2022	11:31 AM	-0.1470959100	53.300	78.000	80.001	0.0000010000	-0.0000117059	4.2540064664E-9	0.0000260572	4.1306485869E-10	14.500	36.400
5/25/2022	11:32 AM	-0.1521248300	53.300	78.000	80.001	0.0000010000	-0.0000117179	8.6957752379E-9	0.0000260575	5.8615541191E-10	14.500	36.400
5/25/2022	11:33 AM	-0.1571537500	53.300	78.000	80.000	0.0000010000	-0.0000128271	5.6410862446E-9	0.0000250598	8.8693175582E-10	14.500	36.400
5/25/2022	11:33 AM	-0.1621826700	53.300	78.000	80.000	0.0000010000	-0.0000127992	4.6176344031E-9	0.0000250783	3.4608128489E-10	14.500	36.400
5/25/2022	11:34 AM	-0.1672115900	53.300	78.000	80.001	0.0000010000	-0.0000128045	6.4395085969E-9	0.0000250576	3.2247448714E-10	14.500	36.400
5/25/2022	11:35 AM	-0.1722405100	53.300	78.000	80.000	0.0000010000	-0.0000128399	8.3831298271E-9	0.0000250675	1.1422783899E-9	14.500	36.300
5/25/2022	11:35 AM	-0.1772694300	53.300	78.000	79.999	0.0000010000	-0.0000128311	5.3579426472E-9	0.0000250715	5.1166727360E-10	14.500	36.400
5/25/2022	11:36 AM	-0.1822983500	53.300	78.000	80.000	0.0000010000	-0.0000128148	5.2147000451E-9	0.0000250700	8.7413930606E-10	14.500	36.400
5/25/2022	11:37 AM	-0.1873272700	53.300	78.000	80.000	0.0000010000	-0.0000128362	6.3102567306E-9	0.0000250870	1.3367318376E-9	14.500	36.400
5/25/2022	11:37 AM	-0.1923561900	53.300	78.000	80.000	0.0000010000	-0.0000127998	8.7725617280E-9	0.0000250759	3.7742546282E-10	14.500	36.300
5/25/2022	11:38 AM	-0.1973851100	53.300	78.000	80.000	0.0000010000	-0.0000128304	5.1714707681E-9	0.0000250745	5.7716018834E-10	14.500	36.300
5/25/2022	11:39 AM	-0.2024140300	53.300	78.000	80.000	0.0000010000	-0.0000128078	5.3724763763E-9	0.0000250481	2.5040549611E-9	14.500	36.300
5/25/2022	11:39 AM	-0.2074429500	53.300	78.000	80.000	0.0000010000	-0.0000127986	5.5862612074E-9	0.0000250820	7.8036765891E-10	14.500	36.400
5/25/2022	11:40 AM	-0.2124718700	53.300	78.000	80.001	0.0000010000	-0.0000128073	4.8913449584E-9	0.0000250669	9.3874768826E-10	14.500	36.400
5/25/2022	11:41 AM	-0.2175007900	53.300	78.000	80.000	0.0000010000	-0.0000128134	3.8965377401E-9	0.0000250845	4.4721359550E-10	14.500	36.400
5/25/2022	11:41 AM	-0.2225297100	53.300	78.000	80.001	0.0000010000	-0.0000128102	6.7013078749E-9	0.0000250670	5.0000000000E-10	14.500	36.400
5/25/2022	11:42 AM	-0.2275586300	53.300	78.000	79.999	0.0000010000	-0.0000128380	5.9664382960E-9	0.0000250753	8.2503868823E-10	14.500	36.400
5/25/2022	11:43 AM	-0.2325875500	53.300	78.000	80.000	0.0000010000	-0.0000127980	4.4314659482E-9	0.0000250784	7.8036765891E-10	14.500	36.400
5/25/2022	11:43 AM	-0.2376164700	53.300	78.000	80.000	0.0000010000	-0.0000128155	6.2526471254E-9	0.0000250504	1.8837458240E-9	14.500	36.400
5/25/2022	11:44 AM	-0.2426453900	53.300	78.000	80.000	0.0000010000	-0.0000127970	1.0280609197E-8	0.0000250514	8.4010949186E-10	14.500	36.300
5/25/2022	11:45 AM	-0.2476743100	53.300	78.000	79.999	0.0000010000	-0.0000128233	4.0282756309E-9	0.0000250605	1.1540368496E-9	14.500	36.400
5/25/2022	11:45 AM	-0.2476743100	53.300	78.000	80.000	0.0000010000	-0.0000128233	3.2977220397E-9	0.0000250196	4.8317520644E-9	14.500	36.400
5/25/2022	11:46 AM	-0.2426453900	53.300	78.000	80.000	0.0000010000	-0.0000128310	8.7681159895E-9	0.0000250617	3.7416573868E-10	14.500	36.300
5/25/2022	11:46 AM	-0.2376164700	53.300	78.000	80.000	0.0000010000	-0.0000128251	9.9877415067E-9	0.0000250716	3.2360679775E-10	14.500	36.300
5/25/2022	11:47 AM	-0.2325875500	53.300	78.000	80.000	0.0000010000	-0.0000128197	7.1775615429E-9	0.0000250858	9.3802257380E-10	14.500	36.400
5/25/2022	11:48 AM	-0.2275586300	53.300	78.000	80.000	0.0000010000	-0.0000128290	4.8806400461E-9	0.0000250634	9.8708286934E-10	14.500	36.400
5/25/2022	11:48 AM	-0.2225297100	53.300	78.000	79.999	0.0000010000	-0.0000128157	5.2235344341E-9	0.0000250719	6.7386127875E-10	14.500	36.400
5/25/2022	11:49 AM	-0.2175007900	53.300	78.000	80.001	0.0000010000	-0.0000128183	4.2117674988E-9	0.0000250756	3.2360679775E-10	14.500	36.300
5/25/2022	11:50 AM	-0.2124718700	53.300	78.000	80.001	0.0000010000	-0.0000128122	7.1545946427E-9	0.0000250789	1.0000000000E-10	14.500	36.300
5/25/2022	11:50 AM	-0.2074429500	53.300	78.000	80.000	0.0000010000	-0.0000128278	3.9223238451E-9	0.0000250570	1.7697221447E-9	14.500	36.400
5/25/2022	11:51 AM	-0.2024140300	53.300	78.000	80.000	0.0000010000	-0.0000127896	7.4186509315E-9	0.0000250730	8.3804616516E-10	14.500	36.400
5/25/2022	11:52 AM	-0.1973851100	53.300	78.000	79.999	0.0000010000	-0.0000128158	3.1145608502E-9	0.0000250627	8.2503868823E-10	14.500	36.400
5/25/2022	11:52 AM	-0.1923561900	53.300	78.000	80.000	0.0000010000	-0.0000128077	9.6295048717E-9	0.0000250408	2.3054283767E-9	14.500	36.400
5/25/2022	11:53 AM	-0.1873272700	53.300	78.000	80.001	0.0000010000	-0.0000128183	3.5889263112E-9	0.0000250649	5.5259075049E-10	14.500	36.400
5/25/2022	11:54 AM	-0.1822983500	53.300	78.000	80.001	0.0000010000	-0.0000128070	9.6930618585E-9	0.0000250459	2.7293361058E-9	14.500	36.400
5/25/2022	11:54 AM	-0.1772694300	53.300	78.000	80.000	0.0000010000	-0.0000128039	4.8589048990E-9	0.0000250776	8.9526339942E-10	14.500	36.400
5/25/2022	11:55 AM	-0.1722405100	53.300	78.000	80.000	0.0000010000	-0.0000128240	5.3412240179E-9	0.0000250375	2.1184869737E-9	14.500	36.400
5/25/2022	11:56 AM	-0.1672115900	53.300	78.000	80.000	0.0000010000	-0.0000128286	1.0337445041E-8	0.0000250688	3.4608128489E-10	14.500	36.400
5/25/2022	11:56 AM	-0.1621826700	53.300	78.000	80.000	0.0000010000	-0.0000128267	6.7158922396E-9	0.0000250681	2.9154759474E-10	14.500	36.300
5/25/2022	11:57 AM	-0.1571537500	53.300	78.000	79.999	0.0000010000	-0.0000128294	7.3102948338E-9	0.0000250762	4.7863046408E-10	14.500	36.400
5/25/2022	11:57 AM	-0.1521248300	53.300	78.000	80.000	0.0000010000	-0.0000128263	4.4857681502E-9	0.0000250592	1.6029863114E-9	14.500	36.400
5/25/2022	11:58 AM	-0.1470959100	53.300	78.000	80.000	0.0000010000	-0.0000128307	4.6996404271E-9	0.0000250766	2.2247448714E-10	14.500	36.400
5/25/2022	11:59 AM	-0.1420669900	53.300	78.000	80.000	0.0000010000	-0.0000128003	4.3458407897E-9	0.0000250648	1.1551907063E-9	14.500	36.400
5/25/2022	11:59 AM	-0.1370380700	53.300	78.000	80.000	0.0000010000	-0.0000128238	7.2028404365E-9	0.0000250763	4.7602787773E-10	14.500	36.400
5/25/2022	12:00 PM	-0.1320091500	53.300	78.010	80.000	0.0000010000	-0.0000128225	4.2573385630E-9	0.0000250517	1.3708606495E-9	14.500	36.400
5/25/2022	12:01 PM	-0.1269802300	53.300	78.000	80.000	0.0000010000	-0.0000128012	5.2917203101E-9	0.0000250658	1.0307695934E-9	14.500	36.400
5/25/2022	12:01 PM	-0.1219513100	53.300	78.000	80.000	0.0000010000	-0.0000128160	6.0770696404E-9	0.0000250472	1.8136279397E-9	14.500	36.400
5/25/2022	12:02 PM	-0.1169223900	53.300	78.000	80.000	0.0000010000	-0.0000128147	5.9314356928E-9	0.0000250808	2.8708286934E-10	14.500	36.400
5/25/2022	12:03 PM	-0.1118934700	53.300	78.000	80.000	0.0000010000	-0.0000128401	6.5204027312E-9	0.0000250527	1.0307695934E-9	14.500	36.400
5/25/2022	12:03 PM	-0.1068645500	53.300	78.000	80.000	0.0000010000	-0.0000128158	6.7831596570E-9	0.0000250874	8.6345534195E-10	14.500	36.400
5/25/2022	12:04 PM	-0.1018356300	53.300	78.000	79.999	0.0000010000	-0.0000128360	5.4672788196E-9	0.0000250579	7.5192024052E-10	14.500	36.400
5/25/2022	12:05 PM	-0.0968067100	53.300	78.000	80.000	0.0000010000	-0.0000128092	6.0065283488E-9	0.0000250757	2.8058837015E-10	14.500	36.400
5/25/2022	12:05 PM	-0.0917777900	53.300	78.000	80.000	0.0000010000	-0.0000128204	3.9069618966E-9	0.0000250627	3.7416573868E-10	14.500	36.400
5/25/2022	12:06 PM	-0.0867488700	53.300	77.990	80.000	0.0000010000	-0.0000128098	7.1978269146E-9	0.0000250604	7.6278691088E-10	14.500	36.400
5/25/2022	12:06 PM	-0.0817199500	53.300	78.000	80.000	0.0000010000	-0.0000128081	5.8314688986E-9	0.0000250556	1.1601003386E-9	14.500	36.400
5/25/2022	12:07 PM	-0.0766910300	53.300	78.000	80.001	0.0000010000	-0.0000128009	2.5499851640E-9	0.0000250346	4.5828646227E-9	14.500	36.400
5/25/2022	12:08 PM	-0.0716621100	53.300	78.000	80.000	0.0000010000	-0.0000127977	8.3781857549E-9	0.0000250718	6.7185085508E-10	14.500	36.400
5/25/2022	12:08 PM	-0.0666331900	53.300	78.000	79.999	0.0000010000	-0.0000127930	8.0824500952E-9	0.0000250627	1.6013168930E-8	14.500	36.400
5/25/2022	12:09 PM	-0.0616042700	53.300	78.000	80.000	0.0000010000	-0.0000128375	4.2409653214E-9	0.0000250643	5.5259075049E-10	14.500	36.400
5/25/2022	12:10 PM	-0.0565753500	53.300	78.000	80.000	0.0000010000	-0.0000128186	3.4476702835E-9	0.0000250833	3.0955735648E-10	14.500	36.300
5/25/2022	12:10 PM	-0.0515464300	53.300	78.000	80.000	0.0000010000	-0.0000128208	4.4533440880E-9	0.0000250829	7.8366965395E-10	14.500	36.300
5/25/2022	12:11 PM	-0.0465175100	53.300	78.000	79.999	0.0000010000	-0.0000128067	4.5347446691E-9	0.0000250496	2.3394544149E-9	14.500	36.400
5/25/2022	12:12 PM	-0.0414885900	53.300	78.000	80.001	0.0000010000	-0.0000128198	3.6419035459E-9	0.0000250214	3.7511627277E-9	14.500	36.300
5/25/2022	12:12 PM	-0.0364596700	53.300	78.000	80.000	0.0000010000	-0.0000128354	7.0284964844E-9	0.0000250636	8.6163530729E-10	14.500	36.400
5/25/2022	12:13 PM	-0.0314307500	53.300	78.000	80.000	0.0000010000	-0.0000128366	9.2335068919E-9	0.0000250781	9.1268221939E-10	14.500	36.400
5/25/2022	12:14 PM	-0.0264018300	53.300	78.000	80.001	0.0000010000	-0.0000128159	4.8316321734E-9	0.0000250780	2.4494897428E-10	14.500	36.400
5/25/2022	12:14 PM	-0.0213729100	53.300	78.000	80.000	0.0000010000	-0.0000128169	4.4535783513E-9	0.0000250658	7.6742346142E-10	14.500	36.400
5/25/2022	12:15 PM	-0.0163439900	53.300	78.000	80.000	0.0000010000	-0.0000128217	6.9987539671E-9	0.0000250606	1.0424886990E-9	14.500	36.400
5/25/2022	12:16 PM	-0.0113150700	51.800	78.000	80.001	0.0000010000	-0.0000127991	7.1292253357E-9	0.0000250605	8.7413930606E-10	14.500	36.300
5/25/2022	12:16 PM	-0.0062861500	51.800	78.000	80.000	0.0000010000	-0.0000128078	6.5854027543E-9	0.0000250688	1.5501317734E-9	14.500	36.300
5/25/2022	12:17 PM	-0.0012572300	51.800	78.000	80.000	0.0000010000	-0.0000128074	3.9898076724E-9	0.0000250766	2.2247448714E-10	14.500	36.400
5/25/2022	12:17 PM	0.0037716900	51.800	78.000	79.999	0.0000010000	-0.0000128140	5.8196882159E-9	0.0000250677	4.6368092477E-10	14.500	36.400
5/25/2022	12:18 PM	0.0088006100	51.800	78.000	80.001	0.0000010000	-0.0000128122	4.7339733845E-9	0.0000250940	5.0990195136E-10	14.500	36.300
5/25/2022	12:19 PM	0.0138295300	51.800	78.000	80.000	0.0000010000	-0.0000128218	6.6517168822E-9	0.0000250799	1.0132114528E-9	14.500	36.400
5/25/2022	12:19 PM	0.0188584500	51.800	78.000	80.001	0.0000010000	-0.0000128310	9.9837737276E-9	0.0000250724	3.7742546282E-10	14.500	36.400
5/25/2022	12:20 PM	0.0238873700	51.800	78.000	80.000	0.0000010000	-0.0000123494	4.6784927325E-9	0.0000253632	3.0000000000E-10	14.500	36.400
5/25/2022	12:21 PM	0.0289162900	51.800	78.000	80.000	0.0000010000	-0.0000120507	6.0328994077E-9	0.0000256664	4.9652296180E-9	14.500	36.400
5/25/2022	12:21 PM	0.0339452100	51.800	78.000	79.999	0.0000010000	-0.0000118774	6.0025587881E-9	0.0000258735	1.5618009472E-9	14.500	36.400
5/25/2022	12:22 PM	0.0389741300	51.800	78.000	80.001	0.0000010000	-0.0000117834	6.8097613190E-9	0.0000259745	9.0829510623E-10	14.500	36.400
5/25/2022	12:23 PM	0.0440030500	51.800	78.000	80.000	0.0000010000	-0.0000117351	7.5672382551E-9	0.0000260329	6.4510098534E-10	14.500	36.300
5/25/2022	12:23 PM	0.0490319700	51.800	78.000	80.000	0.0000010000	-0.0000117278	4.5517633485E-9	0.0000260150	2.2101593740E-9	14.500	36.300
5/25/2022	12:24 PM	0.0540608900	51.800	78.000	80.000	0.0000010000	-0.0000117354	6.9207587158E-9	0.0000260387	5.4649857042E-10	14.500	36.400
5/25/2022	12:24 PM	0.0590898100	51.800	78.000	80.000	0.0000010000	-0.0000117290	3.4098628951E-9	0.0000260537	7.3754220353E-10	14.500	36.400
5/25/2022	12:25 PM	0.0641187300	51.800	78.000	80.000	0.0000010000	-0.0000117246	5.4599064433E-9	0.0000260401	2.9154759474E-10	14.500	36.400
5/25/2022	12:26 PM	0.0691476500	51.800	78.000	80.000	0.0000010000	-0.0000117205	9.3266641934E-9	0.0000260485	2.2360679775E-10	14.500	36.400
5/25/2022	12:26 PM	0.0741765700	51.800	78.000	80.000	0.0000010000	-0.0000117313	5.9536111638E-9	0.0000260414	9.4346783526E-10	14.500	36.400
5/25/2022	12:27 PM	0.0792054900	51.800	78.000	80.000	0.0000010000	-0.0000116921	9.4282083421E-9	0.0000260453	7.6587471448E-10	14.500	36.400
5/25/2022	12:28 PM	0.0842344100	51.800	78.000	80.000	0.0000010000	-0.0000117198	4.5762496864E-9	0.0000260378	1.1376666071E-9	14.500	36.400
5/25/2022	12:28 PM	0.0892633300	51.800	78.000	80.000	0.0000010000	-0.0000116973	4.4722508927E-9	0.0000260682	1.6583793908E-9	14.500	36.300
5/25/2022	12:29 PM	0.0942922500	51.800	78.000	80.001	0.0000010000	-0.0000117176	5.3024049606E-9	0.0000260537	1.6599599251E-9	14.500	36.400
5/25/2022	12:30 PM	0.0993211700	51.800	78.000	80.000	0.0000010000	-0.0000117055	5.8497755143E-9	0.0000260423	2.0627413695E-9	14.500	36.400
5/25/2022	12:30 PM	0.1043500900	51.800	78.000	80.000	0.0000010000	-0.0000116966	3.8233160771E-9	0.0000260568	1.0390821193E-9	14.500	36.400
5/25/2022	12:31 PM	0.1093790100	51.800	78.000	80.000	0.0000010000	-0.0000117006	5.3700748011E-9	0.0000259957	4.9103344942E-9	14.500	36.400
5/25/2022	12:32 PM	0.1144079300	51.800	78.000	80.000	0.0000010000	-0.0000117042	1.1812195628E-8	0.0000260613	8.2739529308E-10	14.500	36.400
5/25/2022	12:32 PM	0.1194368500	51.800	78.000	80.000	0.0000010000	-0.0000117124	5.9533840635E-9	0.0000260448	1.0147301372E-9	14.500	36.300
5/25/2022	12:33 PM	0.1244657700	51.800	78.000	80.000	0.0000010000	-0.0000117050	1.0825267030E-8	0.0000260604	1.4677077168E-9	14.500	36.400
5/25/2022	12:34 PM	0.1294946900	51.800	78.000	80.000	0.0000010000	-0.0000116969	9.4284471902E-9	0.0000260417	8.9707115638E-10	14.500	36.400
5/25/2022	12:34 PM	0.1345236100	51.800	78.000	80.000	0.0000010000	-0.0000117190	1.4048853467E-8	0.0000260317	1.2111412309E-9	14.500	36.400
5/25/2022	12:35 PM	0.1395525300	51.800	78.000	80.000	0.0000010000	-0.0000116923	5.6593396497E-9	0.0000260688	6.3385391260E-10	14.500	36.400
5/25/2022	12:36 PM	0.1445814500	51.800	78.000	80.000	0.0000010000	-0.0000117124	1.3779122502E-8	0.0000260418	7.6278691088E-10	14.500	36.300
5/25/2022	12:36 PM	0.1496103700	51.800	78.000	79.999	0.0000010000	-0.0000117133	5.8084042368E-9	0.0000260473	4.7863046408E-10	14.500	36.400
5/25/2022	12:37 PM	0.1546392900	51.800	78.000	80.000	0.0000010000	-0.0000117052	7.7801473686E-9	0.0000260503	5.5259075049E-10	14.500	36.400
5/25/2022	12:38 PM	0.1596682100	51.800	78.000	80.000	0.0000010000	-0.0000117283	7.0781888417E-9	0.0000260496	1.0000000000E-10	14.500	36.400
5/25/2022	12:38 PM	0.1646971300	51.800	78.000	80.000	0.0000010000	-0.0000117234	8.7342064797E-9	0.0000260475	9.2764726786E-10	14.500	36.400
5/25/2022	12:39 PM	0.1697260500	51.800	78.000	80.000	0.0000010000	-0.0000117013	7.5288449725E-9	0.0000260470	1.4361132551E-9	14.500	36.400
5/25/2022	12:39 PM	0.1747549700	51.800	78.000	80.000	0.0000010000	-0.0000117042	6.1459646419E-9	0.0000260394	1.4685702426E-9	14.500	36.400
5/25/2022	12:40 PM	0.1797838900	51.800	78.000	80.000	0.0000010000	-0.0000117048	1.4386302807E-8	0.0000260494	5.6368092477E-10	14.500	36.400
5/25/2022	12:41 PM	0.1848128100	51.800	78.000	80.001	0.0000010000	-0.0000117258	1.2786700382E-8	0.0000260366	9.9464942098E-10	14.500	36.400
5/25/2022	12:41 PM	0.1898417300	51.800	78.000	80.000	0.0000010000	-0.0000117397	9.0287801758E-9	0.0000260352	7.6811457479E-10	14.500	36.300
5/25/2022	12:42 PM	0.1948706500	51.800	78.000	80.000	0.0000010000	-0.0000117091	1.2934060985E-8	0.0000260498	2.0000000000E-10	14.500	36.300
5/25/2022	12:43 PM	0.1998995700	51.800	78.000	80.001	0.0000010000	-0.0000117247	7.7361416939E-9	0.0000260594	6.6099096785E-10	14.500	36.400
5/25/2022	12:43 PM	0.2049284900	51.800	78.000	80.000	0.0000010000	-0.0000117028	9.7786446868E-9	0.0000260513	2.0000000000E-10	14.500	36.300
5/25/2022	12:44 PM	0.2099574100	51.800	78.000	80.000	0.0000010000	-0.0000117145	1.2562268244E-8	0.0000260449	7.6278691088E-10	14.500	36.400
5/25/2022	12:45 PM	0.2149863300	51.800	78.000	80.000	0.0000010000	-0.0000117040	7.8041810303E-9	0.0000260416	3.2247448714E-10	14.500	36.300
5/25/2022	12:45 PM	0.2200152500	51.800	78.000	80.000	0.0000010000	-0.0000117172	7.3829932926E-9	0.0000260444	6.0777536076E-10	14.500	36.400
5/25/2022	12:46 PM	0.2250441700	51.800	78.000	80.000	0.0000010000	-0.0000117114	5.0193905895E-9	0.0000260457	2.2247448714E-10	14.500	36.400
5/25/2022	12:47 PM	0.2300730900	51.800	78.000	80.000	0.0000010000	-0.0000117052	8.5000296647E-9	0.0000260248	1.6846174486E-9	14.500	36.400
5/25/2022	12:47 PM	0.2351020100	51.800	78.000	80.000	0.0000010000	-0.0000117078	1.1172016666E-8	0.0000260640	9.3385391260E-10	14.500	36.300
5/25/2022	12:48 PM	0.2401309300	51.800	78.000	80.000	0.0000010000	-0.0000117065	5.2322975959E-9	0.0000260384	5.7416573868E-10	14.500	36.400
5/25/2022	12:49 PM	0.2451598500	51.800	78.000	80.001	0.0000010000	-0.0000116856	1.0902784179E-8	0.0000260447	2.0000000000E-10	14.500	36.400
5/25/2022	12:49 PM	0.2501887700	51.800	78.000	80.000	0.0000010000	-0.0000117130	5.7091245745E-9	0.0000260454	1.0820365039E-9	14.500	36.400
5/25/2022	12:50 PM	0.2501887700	51.800	78.000	80.000	0.0000010000	-0.0000116916	7.6335521733E-9	0.0000260563	3.0955735648E-10	14.500	36.300
5/25/2022	12:51 PM	0.2451598500	51.800	78.000	80.000	0.0000010000	-0.0000117156	1.4375335437E-8	0.0000260476	3.0955735648E-10	14.500	36.400
5/25/2022	12:52 PM	0.2401309300	51.800	78.000	80.000	0.0000010000	-0.0000116948	9.1562852862E-9	0.0000260589	5.6368092477E-10	14.500	36.400
5/25/2022	12:52 PM	0.2351020100	51.800	78.000	80.000	0.0000010000	-0.0000116538	6.1495860334E-9	0.0000254294	5.0990195136E-10	14.500	36.400
