! User Name:	Aditya 
! Sample Name:	Device 2_PF 8T wait time 1 hour
! Sample ID:	FGT/CrPS4
! Date:	5/24/2022	Time:	5:55 PM
! Current Source:	Keithley 224 Current Source
! Voltmeter V1:	Keithley 182 Degital voltmeter
! Voltmeter V2:	Keithley 2182A  NanoVoltmeter
! V1 (volts):	Rxx Device 1
! V2 (volts):	Rxy Device 1
! Max Field (Tesla):0.000000	! Data points (0_maxT:75.000000	! Average Number:5.000000	
! Comments:	FGT/CrPS4 device was made in glove using flaking and dry transfering of flakes. 
! 
! 
! 
! 
Data	Time	Magnetic Field (T)	Helium Level (%)	VTI Temperature (K)	Sample Temparture (K)	Current (A) 	Voltage-1(V)	Std. of V1	Voltage-2 (V)	Std. of V2	VTI  Heater Power (%)	Sample Heater Power (%)
5/24/2022	5:57 PM	0.2501887700	52.000	52.780	54.994	0.0000010000	-0.0000090671	3.4060982828E-9	0.0000352606	5.4063625993E-10	6.700	27.800
5/24/2022	5:58 PM	0.2451598500	100.000	78.010	80.001	0.0000010000	-0.0000090580	6.4411544052E-9	0.0000352578	7.6278691088E-10	19.400	37.800
5/24/2022	5:59 PM	0.2401309300	100.000	78.010	80.000	0.0000010000	-0.0000090543	3.7798481423E-9	0.0000352513	5.6968808264E-10	19.400	37.800
5/24/2022	5:59 PM	0.2351020100	100.000	78.010	80.001	0.0000010000	-0.0000090604	6.4651363279E-9	0.0000352677	1.4677078252E-9	19.400	37.800
5/24/2022	6:00 PM	0.2300730900	100.000	78.010	80.000	0.0000010000	-0.0000090497	7.4790347440E-9	0.0000352620	8.0438357199E-10	19.300	37.800
5/24/2022	6:00 PM	0.2250441700	100.000	78.010	80.001	0.0000010000	-0.0000090506	4.3724266016E-9	0.0000352696	1.1998427010E-9	19.300	37.800
5/24/2022	6:01 PM	0.2200152500	100.000	78.010	79.999	0.0000010000	-0.0000090641	5.1852099031E-9	0.0000352631	1.5465376345E-9	19.300	37.800
5/24/2022	6:02 PM	0.2149863300	100.000	78.010	80.000	0.0000010000	-0.0000090368	7.2837158381E-9	0.0000352527	5.6368092478E-10	19.300	37.800
5/24/2022	6:02 PM	0.2099574100	100.000	78.010	80.001	0.0000010000	-0.0000090567	4.1119803602E-9	0.0000352638	3.9633576589E-10	19.300	37.800
5/24/2022	6:03 PM	0.2049284900	100.000	78.010	80.000	0.0000010000	-0.0000090527	3.8641452328E-9	0.0000352750	1.1896410602E-9	19.300	37.700
5/24/2022	6:04 PM	0.1998995700	100.000	78.010	80.001	0.0000010000	-0.0000090649	6.4474928174E-9	0.0000352242	3.8479998203E-9	19.300	37.800
5/24/2022	6:04 PM	0.1948706500	100.000	78.010	80.000	0.0000010000	-0.0000090415	1.0464959057E-8	0.0000352561	2.9154759474E-10	19.200	37.800
5/24/2022	6:05 PM	0.1898417300	100.000	78.010	80.000	0.0000010000	-0.0000090617	6.1520136495E-9	0.0000352528	1.6275263718E-9	19.200	37.700
5/24/2022	6:06 PM	0.1848128100	100.000	78.010	80.001	0.0000010000	-0.0000090381	7.3519936943E-9	0.0000352706	6.4510098534E-10	19.200	37.700
5/24/2022	6:06 PM	0.1797838900	100.000	78.010	79.999	0.0000010000	-0.0000090733	5.3611392196E-9	0.0000352639	7.5522851952E-10	19.200	37.700
5/24/2022	6:07 PM	0.1747549700	100.000	78.010	80.000	0.0000010000	-0.0000090287	6.5438036279E-9	0.0000352810	6.6099096785E-10	19.200	37.700
5/24/2022	6:08 PM	0.1697260500	100.000	78.010	80.000	0.0000010000	-0.0000090661	4.5985317323E-9	0.0000352443	1.8059747542E-8	19.200	37.800
5/24/2022	6:08 PM	0.1646971300	100.000	78.010	79.999	0.0000010000	-0.0000090461	6.8655101676E-9	0.0000352790	7.8579944521E-10	19.200	37.800
5/24/2022	6:09 PM	0.1596682100	100.000	78.010	80.000	0.0000010000	-0.0000090751	4.5152100024E-9	0.0000352068	4.8712265307E-9	19.200	37.700
5/24/2022	6:10 PM	0.1546392900	100.000	78.010	80.000	0.0000010000	-0.0000090483	5.4373866266E-9	0.0000352686	1.0374906967E-9	19.100	37.700
5/24/2022	6:10 PM	0.1496103700	100.000	78.010	80.000	0.0000010000	-0.0000090623	4.4456950479E-9	0.0000352492	8.2048368230E-10	19.100	37.700
5/24/2022	6:11 PM	0.1445814500	100.000	78.010	80.002	0.0000010000	-0.0000090589	6.0043039858E-9	0.0000352698	1.2247448714E-10	19.100	37.700
5/24/2022	6:12 PM	0.1395525300	100.000	78.010	80.000	0.0000010000	-0.0000090318	6.2253702353E-9	0.0000352160	5.2532529307E-9	19.100	37.700
5/24/2022	6:12 PM	0.1345236100	100.000	78.010	80.000	0.0000010000	-0.0000090707	3.5417136179E-9	0.0000352572	9.4844891052E-10	19.100	37.700
5/24/2022	6:13 PM	0.1294946900	100.000	78.010	80.000	0.0000010000	-0.0000090499	4.2404594999E-9	0.0000352682	8.3006407546E-10	19.100	37.700
5/24/2022	6:14 PM	0.1244657700	100.000	78.010	80.000	0.0000010000	-0.0000090664	5.0869354802E-9	0.0000352698	1.0462232803E-9	19.100	37.700
5/24/2022	6:14 PM	0.1194368500	100.000	78.010	80.000	0.0000010000	-0.0000090492	4.9738388135E-9	0.0000352691	1.7359423741E-9	19.100	37.700
5/24/2022	6:15 PM	0.1144079300	100.100	78.010	80.000	0.0000010000	-0.0000090625	4.4958438082E-9	0.0000352797	1.5984790042E-9	19.000	37.700
5/24/2022	6:16 PM	0.1093790100	100.100	78.010	80.000	0.0000010000	-0.0000090577	3.0016623156E-9	0.0000352277	2.4901394525E-9	19.000	37.700
5/24/2022	6:16 PM	0.1043500900	100.100	78.010	80.000	0.0000010000	-0.0000090552	5.5973730810E-9	0.0000352452	1.5968526135E-9	19.000	37.700
5/24/2022	6:17 PM	0.0993211700	100.100	78.010	80.000	0.0000010000	-0.0000090583	5.9824061344E-9	0.0000352544	6.3011626335E-10	19.000	37.700
5/24/2022	6:18 PM	0.0942922500	100.100	78.010	80.000	0.0000010000	-0.0000090541	3.8824182229E-9	0.0000352615	8.4010949186E-10	19.000	37.700
5/24/2022	6:18 PM	0.0892633300	100.100	78.010	80.000	0.0000010000	-0.0000090532	6.1612063978E-9	0.0000352617	3.7416573868E-10	19.000	37.700
5/24/2022	6:19 PM	0.0842344100	100.100	78.010	79.999	0.0000010000	-0.0000090505	3.8331021365E-9	0.0000352796	9.8638791760E-10	19.000	37.600
5/24/2022	6:19 PM	0.0792054900	100.100	78.010	80.000	0.0000010000	-0.0000090607	5.4084107165E-9	0.0000352641	1.7153767103E-9	19.000	37.700
5/24/2022	6:20 PM	0.0741765700	100.100	78.010	80.001	0.0000010000	-0.0000090464	6.4047465719E-9	0.0000352627	2.8058837015E-10	19.000	37.700
5/24/2022	6:21 PM	0.0691476500	100.100	78.010	80.000	0.0000010000	-0.0000090698	1.0024084141E-8	0.0000352753	4.2360679775E-10	19.000	37.700
5/24/2022	6:21 PM	0.0641187300	100.100	78.010	80.000	0.0000010000	-0.0000090360	7.1868247079E-9	0.0000352352	3.5064945533E-9	18.900	37.700
5/24/2022	6:22 PM	0.0590898100	100.100	78.010	80.000	0.0000010000	-0.0000090683	2.9970352357E-9	0.0000352650	1.4481309502E-9	18.900	37.700
5/24/2022	6:23 PM	0.0540608900	100.100	78.010	79.999	0.0000010000	-0.0000090533	5.4963843125E-9	0.0000352682	1.2577635312E-9	18.900	37.700
5/24/2022	6:23 PM	0.0490319700	100.100	78.010	80.001	0.0000010000	-0.0000090570	5.6452499594E-9	0.0000352639	5.7416573868E-10	18.900	37.600
5/24/2022	6:24 PM	0.0440030500	100.100	78.010	80.000	0.0000010000	-0.0000090582	4.7078559895E-9	0.0000352635	2.8708286934E-10	18.900	37.600
5/24/2022	6:25 PM	0.0389741300	100.100	78.010	80.000	0.0000010000	-0.0000090516	4.7140951357E-9	0.0000352652	6.5632839974E-10	18.900	37.700
5/24/2022	6:25 PM	0.0339452100	100.100	78.010	80.000	0.0000010000	-0.0000090537	1.1301665336E-8	0.0000352575	3.2247448714E-10	18.900	37.600
5/24/2022	6:26 PM	0.0289162900	100.100	78.010	79.999	0.0000010000	-0.0000090519	4.8453859057E-9	0.0000352603	8.8881944173E-10	18.900	37.600
5/24/2022	6:26 PM	0.0238873700	100.100	78.010	80.000	0.0000010000	-0.0000090695	3.7946666239E-9	0.0000352367	2.7957625493E-9	18.900	37.600
5/24/2022	6:27 PM	0.0188584500	100.100	78.010	80.000	0.0000010000	-0.0000090654	6.7485579812E-9	0.0000352887	1.3980754986E-9	18.800	37.600
5/24/2022	6:28 PM	0.0138295300	100.100	78.010	80.000	0.0000010000	-0.0000090614	4.9457949534E-9	0.0000352661	6.6571333342E-10	18.800	37.600
5/24/2022	6:28 PM	0.0088006100	100.100	78.010	80.000	0.0000010000	-0.0000090549	5.1702234473E-9	0.0000352568	6.0415229868E-10	18.800	37.600
5/24/2022	6:29 PM	0.0037716900	100.100	78.010	80.000	0.0000010000	-0.0000090717	5.9988813616E-9	0.0000352609	1.2561514854E-9	18.800	37.600
5/24/2022	6:30 PM	-0.0012572300	100.100	78.010	80.001	0.0000010000	-0.0000090715	8.2255121772E-9	0.0000352635	1.5286906174E-9	18.800	37.600
5/24/2022	6:30 PM	-0.0062861500	100.100	78.010	80.001	0.0000010000	-0.0000090451	5.3710401165E-9	0.0000352578	1.2310788817E-9	18.800	37.600
5/24/2022	6:31 PM	-0.0113150700	100.100	78.010	80.001	0.0000010000	-0.0000090587	5.1072865043E-9	0.0000352562	3.9154759474E-10	18.800	37.600
5/24/2022	6:32 PM	-0.0163439900	100.100	78.010	79.999	0.0000010000	-0.0000090670	8.7283112851E-9	0.0000352687	1.1250804095E-9	18.800	37.600
5/24/2022	6:32 PM	-0.0213729100	100.100	78.010	80.001	0.0000010000	-0.0000090628	9.5776733756E-9	0.0000352870	1.4772396478E-9	18.800	37.600
5/24/2022	6:33 PM	-0.0264018300	100.100	78.010	80.000	0.0000010000	-0.0000090489	5.7695574021E-9	0.0000352739	9.1268221939E-10	18.800	37.600
5/24/2022	6:34 PM	-0.0314307500	100.100	78.010	80.000	0.0000010000	-0.0000090644	5.5327364772E-9	0.0000352585	1.7794838453E-9	18.700	37.600
5/24/2022	6:34 PM	-0.0364596700	100.100	78.010	80.000	0.0000010000	-0.0000090549	3.0833240161E-9	0.0000352652	8.9707115638E-10	18.700	37.500
5/24/2022	6:35 PM	-0.0414885900	100.100	78.010	80.001	0.0000010000	-0.0000090629	5.2213527131E-9	0.0000352538	1.3641201571E-9	18.700	37.600
5/24/2022	6:36 PM	-0.0465175100	100.100	78.010	80.000	0.0000010000	-0.0000090625	6.3881826940E-9	0.0000352655	7.4531841939E-10	18.700	37.600
5/24/2022	6:36 PM	-0.0515464300	100.100	78.010	79.999	0.0000010000	-0.0000090601	9.3462447200E-9	0.0000352871	6.3725599419E-10	18.700	37.600
5/24/2022	6:37 PM	-0.0565753500	100.100	78.010	80.000	0.0000010000	-0.0000090491	7.4972692185E-9	0.0000352609	1.1901823123E-9	18.700	37.600
5/24/2022	6:38 PM	-0.0616042700	100.100	78.010	80.000	0.0000010000	-0.0000090580	6.6748066672E-9	0.0000352750	5.8309518948E-10	18.700	37.600
5/24/2022	6:38 PM	-0.0666331900	100.100	78.010	80.001	0.0000010000	-0.0000090494	9.0279086437E-9	0.0000352626	7.3851648071E-10	18.700	37.600
5/24/2022	6:39 PM	-0.0716621100	100.100	78.000	80.000	0.0000010000	-0.0000090581	5.0863172053E-9	0.0000352607	5.6968808264E-10	18.700	37.500
5/24/2022	6:39 PM	-0.0766910300	100.100	78.010	80.000	0.0000010000	-0.0000090656	3.0748770377E-9	0.0000352528	1.1677078252E-9	18.700	37.600
5/24/2022	6:40 PM	-0.0817199500	100.100	78.010	80.000	0.0000010000	-0.0000090576	5.8390997825E-9	0.0000352678	6.3851648071E-10	18.700	37.600
5/24/2022	6:41 PM	-0.0867488700	100.100	78.010	80.001	0.0000010000	-0.0000090804	6.9073236524E-9	0.0000352560	1.4684078243E-9	18.600	37.600
5/24/2022	6:41 PM	-0.0917777900	100.100	78.010	80.000	0.0000010000	-0.0000090428	7.8180903854E-9	0.0000352584	1.1995074486E-9	18.600	37.600
5/24/2022	6:42 PM	-0.0968067100	100.100	78.010	80.000	0.0000010000	-0.0000090667	7.8461503905E-9	0.0000352738	2.8708286934E-10	18.600	37.600
5/24/2022	6:43 PM	-0.1018356300	100.100	78.010	80.001	0.0000010000	-0.0000090579	7.6813892846E-9	0.0000352216	3.3272279126E-9	18.600	37.500
5/24/2022	6:43 PM	-0.1068645500	100.100	78.010	80.001	0.0000010000	-0.0000090756	4.9838282752E-9	0.0000352789	1.0066157946E-9	18.600	37.500
5/24/2022	6:44 PM	-0.1118934700	100.100	78.010	80.000	0.0000010000	-0.0000090765	5.3632876648E-9	0.0000352651	2.2247448714E-10	18.600	37.600
5/24/2022	6:45 PM	-0.1169223900	100.100	78.010	80.000	0.0000010000	-0.0000090516	5.3057572572E-9	0.0000352722	1.0574368385E-9	18.600	37.500
5/24/2022	6:45 PM	-0.1219513100	100.100	78.010	80.000	0.0000010000	-0.0000090651	1.0235826666E-8	0.0000352587	1.1795545314E-9	18.600	37.500
5/24/2022	6:46 PM	-0.1269802300	100.100	78.010	80.001	0.0000010000	-0.0000090392	7.9547714356E-9	0.0000352717	4.1402208188E-10	18.600	37.500
5/24/2022	6:47 PM	-0.1320091500	100.100	78.010	80.001	0.0000010000	-0.0000090652	1.2136339342E-8	0.0000352784	9.0471787406E-10	18.600	37.500
5/24/2022	6:47 PM	-0.1370380700	100.100	78.000	80.000	0.0000010000	-0.0000090563	6.1491986939E-9	0.0000352762	1.0432124137E-9	18.600	37.600
5/24/2022	6:48 PM	-0.1420669900	100.100	78.010	80.000	0.0000010000	-0.0000099166	5.0741197658E-9	0.0000347973	1.2110515400E-9	18.500	37.500
5/24/2022	6:48 PM	-0.1470959100	100.100	78.010	80.000	0.0000010000	-0.0000099259	4.9401152674E-9	0.0000348014	3.2247448714E-10	18.500	37.500
5/24/2022	6:49 PM	-0.1521248300	100.100	78.000	80.000	0.0000010000	-0.0000099323	6.1465476957E-9	0.0000347898	6.9774951497E-10	18.500	37.600
5/24/2022	6:50 PM	-0.1571537500	100.100	78.000	79.999	0.0000010000	-0.0000098997	5.4641682609E-9	0.0000348085	1.8250777524E-9	18.500	37.600
5/24/2022	6:50 PM	-0.1621826700	100.100	78.010	80.000	0.0000010000	-0.0000099177	4.6308206128E-9	0.0000348047	1.1517801214E-9	18.500	37.500
5/24/2022	6:51 PM	-0.1672115900	100.100	78.010	80.000	0.0000010000	-0.0000099151	5.1212454372E-9	0.0000347922	3.5811388301E-10	18.500	37.500
5/24/2022	6:52 PM	-0.1722405100	100.100	78.010	80.001	0.0000010000	-0.0000099400	5.5865599470E-9	0.0000347861	6.6801583437E-10	18.500	37.500
5/24/2022	6:52 PM	-0.1772694300	100.100	78.010	80.000	0.0000010000	-0.0000099235	4.3171808864E-9	0.0000347625	2.3549944568E-9	18.500	37.500
5/24/2022	6:53 PM	-0.1822983500	100.100	78.010	80.000	0.0000010000	-0.0000099301	5.7059096378E-9	0.0000348006	4.9664022582E-10	18.500	37.500
5/24/2022	6:54 PM	-0.1873272700	100.100	78.010	79.999	0.0000010000	-0.0000099193	9.6354261334E-9	0.0000347925	3.9154759474E-10	18.500	37.500
5/24/2022	6:54 PM	-0.1923561900	100.100	78.010	80.001	0.0000010000	-0.0000099212	3.9294190066E-9	0.0000347900	1.0704286871E-9	18.500	37.500
5/24/2022	6:55 PM	-0.1973851100	100.100	78.010	80.001	0.0000010000	-0.0000098992	6.5933266881E-9	0.0000347724	2.2247448714E-10	18.500	37.500
5/24/2022	6:55 PM	-0.2024140300	100.100	78.010	79.999	0.0000010000	-0.0000099279	6.1222156034E-9	0.0000348003	1.9321803595E-9	18.400	37.500
5/24/2022	6:56 PM	-0.2074429500	100.100	78.000	80.000	0.0000010000	-0.0000099228	3.3856719399E-9	0.0000347763	8.2503868823E-10	18.400	37.500
5/24/2022	6:57 PM	-0.2124718700	100.100	78.000	80.000	0.0000010000	-0.0000099080	5.6934040607E-9	0.0000347967	1.2247448714E-10	18.400	37.500
5/24/2022	6:57 PM	-0.2175007900	100.100	78.010	80.000	0.0000010000	-0.0000099139	4.7781719168E-9	0.0000347968	9.4557672626E-10	18.400	37.500
5/24/2022	6:58 PM	-0.2225297100	100.100	78.010	80.000	0.0000010000	-0.0000099304	5.6848485366E-9	0.0000347806	8.5893372442E-10	18.400	37.500
5/24/2022	6:59 PM	-0.2275586300	100.100	78.010	80.000	0.0000010000	-0.0000099041	8.6966882030E-9	0.0000348088	1.6720948856E-9	18.400	37.500
5/24/2022	6:59 PM	-0.2325875500	100.100	78.000	80.000	0.0000010000	-0.0000099337	7.8606776736E-9	0.0000347929	5.3911649916E-10	18.400	37.500
5/24/2022	7:00 PM	-0.2376164700	100.100	78.010	80.001	0.0000010000	-0.0000099165	6.7414512783E-9	0.0000347978	9.3186001849E-10	18.400	37.500
5/24/2022	7:01 PM	-0.2426453900	100.100	78.010	80.000	0.0000010000	-0.0000099216	1.0169733028E-8	0.0000347824	4.3911649916E-10	18.400	37.500
5/24/2022	7:01 PM	-0.2476743100	100.100	78.000	80.000	0.0000010000	-0.0000099192	5.8608752226E-9	0.0000348069	1.6852509748E-9	18.400	37.500
5/24/2022	7:02 PM	-0.2476743100	100.100	78.000	80.000	0.0000010000	-0.0000099076	8.8019530186E-9	0.0000347944	9.0471787406E-10	18.400	37.500
5/24/2022	7:03 PM	-0.2426453900	100.100	78.010	79.999	0.0000010000	-0.0000099178	9.4919241676E-9	0.0000347798	4.1402208188E-10	18.400	37.500
5/24/2022	7:03 PM	-0.2376164700	100.100	78.010	80.000	0.0000010000	-0.0000099323	7.7692400457E-9	0.0000347963	2.5495097568E-10	18.300	37.500
5/24/2022	7:04 PM	-0.2325875500	100.100	78.000	80.000	0.0000010000	-0.0000099136	7.2889521331E-9	0.0000347936	1.0000000000E-10	18.400	37.400
5/24/2022	7:05 PM	-0.2275586300	100.100	78.010	80.000	0.0000010000	-0.0000099200	3.1253107872E-9	0.0000348154	1.9073371079E-9	18.300	37.500
5/24/2022	7:05 PM	-0.2225297100	100.100	78.010	80.000	0.0000010000	-0.0000099394	7.0707177826E-9	0.0000347929	3.0955735648E-10	18.300	37.500
5/24/2022	7:06 PM	-0.2175007900	100.100	78.010	79.999	0.0000010000	-0.0000099256	9.8485069302E-9	0.0000347693	8.5219144716E-10	18.300	37.500
5/24/2022	7:06 PM	-0.2124718700	100.100	78.000	80.000	0.0000010000	-0.0000099284	8.5068667374E-9	0.0000347926	6.2911671436E-10	18.300	37.400
5/24/2022	7:07 PM	-0.2074429500	100.100	78.000	80.000	0.0000010000	-0.0000099176	8.5246711395E-9	0.0000347917	6.9266988975E-10	18.300	37.500
5/24/2022	7:08 PM	-0.2024140300	100.100	78.000	80.000	0.0000010000	-0.0000099332	6.2961672822E-9	0.0000347893	1.2247448714E-10	18.300	37.400
5/24/2022	7:09 PM	-0.1973851100	100.100	78.010	80.001	0.0000010000	-0.0000099287	5.0345401461E-9	0.0000347930	3.2247448714E-10	18.300	37.400
5/24/2022	7:09 PM	-0.1923561900	100.100	78.000	80.000	0.0000010000	-0.0000099049	6.8819495565E-9	0.0000347901	1.4868301982E-9	18.300	37.500
5/24/2022	7:10 PM	-0.1873272700	100.100	78.000	80.000	0.0000010000	-0.0000099273	6.8019027880E-9	0.0000347893	7.0216457118E-10	18.300	37.500
5/24/2022	7:10 PM	-0.1822983500	100.100	78.000	80.000	0.0000010000	-0.0000099148	9.4174582281E-9	0.0000347841	8.6391922149E-10	18.300	37.400
5/24/2022	7:11 PM	-0.1772694300	100.100	78.010	80.001	0.0000010000	-0.0000099189	7.1236996699E-9	0.0000347877	4.7855777343E-10	18.300	37.400
5/24/2022	7:12 PM	-0.1722405100	100.100	78.010	80.000	0.0000010000	-0.0000098991	1.1082497903E-8	0.0000347915	7.6344136152E-10	18.200	37.400
5/24/2022	7:13 PM	-0.1672115900	100.100	78.000	80.000	0.0000010000	-0.0000099284	4.8119761522E-9	0.0000348005	1.3206612742E-9	18.200	37.400
5/24/2022	7:13 PM	-0.1621826700	100.100	78.000	80.000	0.0000010000	-0.0000099128	5.8876762712E-9	0.0000347995	5.8615541191E-10	18.200	37.400
5/24/2022	7:14 PM	-0.1571537500	100.100	78.000	80.000	0.0000010000	-0.0000099242	5.0171001103E-9	0.0000347943	6.2980871798E-10	18.200	37.400
5/24/2022	7:14 PM	-0.1521248300	100.100	78.010	79.999	0.0000010000	-0.0000099078	5.7962133443E-9	0.0000347965	5.0990195136E-10	18.200	37.400
5/24/2022	7:15 PM	-0.1470959100	100.100	78.000	80.000	0.0000010000	-0.0000099460	5.9429292501E-9	0.0000347869	1.4335739038E-9	18.200	37.400
5/24/2022	7:16 PM	-0.1420669900	100.100	78.000	80.000	0.0000010000	-0.0000099253	5.3545021370E-9	0.0000348105	1.4679596916E-9	18.200	37.400
5/24/2022	7:16 PM	-0.1370380700	100.100	78.000	80.000	0.0000010000	-0.0000099215	6.0918855842E-9	0.0000347713	1.7610714480E-9	18.200	37.400
5/24/2022	7:17 PM	-0.1320091500	100.100	78.000	80.000	0.0000010000	-0.0000099239	7.6318528480E-9	0.0000348003	8.7543465798E-10	18.200	37.400
5/24/2022	7:18 PM	-0.1269802300	100.100	78.010	80.000	0.0000010000	-0.0000099326	5.1793324763E-9	0.0000348013	1.3885293806E-9	18.200	37.400
5/24/2022	7:18 PM	-0.1219513100	100.100	78.000	80.000	0.0000010000	-0.0000099205	5.9414384064E-9	0.0000347882	5.8309518948E-10	18.200	37.400
5/24/2022	7:19 PM	-0.1169223900	100.100	78.000	80.000	0.0000010000	-0.0000099289	5.0852924312E-9	0.0000347571	3.0661821296E-9	18.200	37.400
5/24/2022	7:20 PM	-0.1118934700	100.100	78.000	80.001	0.0000010000	-0.0000099192	4.0262794833E-9	0.0000347923	1.0465143440E-9	18.200	37.400
5/24/2022	7:20 PM	-0.1068645500	100.100	78.000	80.000	0.0000010000	-0.0000099216	5.5642818819E-9	0.0000347915	1.5602153467E-9	18.200	37.400
5/24/2022	7:21 PM	-0.1018356300	100.100	78.010	80.000	0.0000010000	-0.0000099266	7.5575915651E-9	0.0000348031	7.6278691088E-10	18.200	37.400
5/24/2022	7:22 PM	-0.0968067100	100.100	78.010	80.000	0.0000010000	-0.0000099273	5.7938785989E-9	0.0000347858	1.0669539803E-9	18.100	37.400
5/24/2022	7:22 PM	-0.0917777900	100.100	78.000	80.000	0.0000010000	-0.0000099200	4.9938859172E-9	0.0000347925	8.6332495807E-10	18.100	37.400
5/24/2022	7:23 PM	-0.0867488700	100.100	78.010	80.000	0.0000010000	-0.0000099116	7.7850282217E-9	0.0000347882	5.3011626335E-10	18.100	37.400
5/24/2022	7:24 PM	-0.0817199500	100.100	78.000	80.000	0.0000010000	-0.0000099230	5.4388983186E-9	0.0000347955	3.8172068076E-10	18.100	37.400
5/24/2022	7:24 PM	-0.0766910300	100.100	78.000	80.001	0.0000010000	-0.0000099360	3.6106813387E-9	0.0000347929	1.7359423741E-9	18.100	37.400
5/24/2022	7:25 PM	-0.0716621100	100.100	78.010	79.999	0.0000010000	-0.0000099146	7.7388926940E-9	0.0000348014	6.0724247288E-10	18.100	37.400
5/24/2022	7:25 PM	-0.0666331900	100.100	78.010	80.000	0.0000010000	-0.0000099173	7.9269212716E-9	0.0000348105	1.5733450386E-9	18.100	37.400
5/24/2022	7:26 PM	-0.0616042700	100.100	78.000	80.000	0.0000010000	-0.0000099236	3.7632646780E-9	0.0000347769	1.1661903790E-9	18.100	37.400
5/24/2022	7:27 PM	-0.0565753500	100.100	78.000	80.000	0.0000010000	-0.0000098916	8.0856744818E-9	0.0000347609	3.0693587815E-9	18.100	37.400
5/24/2022	7:27 PM	-0.0515464300	100.100	78.000	80.000	0.0000010000	-0.0000099300	5.6589464664E-9	0.0000347987	5.6368092478E-10	18.100	37.400
5/24/2022	7:28 PM	-0.0465175100	100.100	78.000	80.000	0.0000010000	-0.0000099285	6.0825724673E-9	0.0000348052	1.2310788817E-9	18.100	37.400
5/24/2022	7:29 PM	-0.0414885900	100.100	78.000	80.001	0.0000010000	-0.0000099283	7.1928557795E-9	0.0000347699	1.5326897865E-9	18.100	37.300
5/24/2022	7:29 PM	-0.0364596700	100.100	78.010	80.000	0.0000010000	-0.0000099232	5.5593967890E-9	0.0000347826	6.6368092477E-10	18.100	37.400
5/24/2022	7:30 PM	-0.0314307500	100.100	78.000	79.999	0.0000010000	-0.0000099323	4.0156616467E-9	0.0000348059	3.2247448714E-10	18.100	37.400
5/24/2022	7:31 PM	-0.0264018300	100.100	78.000	79.999	0.0000010000	-0.0000099274	3.9021175916E-9	0.0000347948	8.1723431537E-10	18.100	37.400
5/24/2022	7:31 PM	-0.0213729100	100.100	78.010	80.000	0.0000010000	-0.0000099167	6.2758839105E-9	0.0000348056	1.3589204019E-9	18.000	37.400
5/24/2022	7:32 PM	-0.0163439900	100.100	78.010	80.000	0.0000010000	-0.0000099235	3.0522490274E-9	0.0000348063	4.6368092477E-10	18.000	37.400
5/24/2022	7:33 PM	-0.0113150700	100.100	78.000	80.000	0.0000010000	-0.0000099238	4.0509985645E-9	0.0000347883	4.4203384502E-10	18.000	37.300
5/24/2022	7:33 PM	-0.0062861500	100.100	78.000	80.001	0.0000010000	-0.0000099011	5.7880459842E-9	0.0000348022	1.2247448714E-10	18.000	37.400
5/24/2022	7:34 PM	-0.0012572300	100.100	78.000	80.000	0.0000010000	-0.0000099282	6.1411102671E-9	0.0000347853	1.1956953618E-9	18.000	37.400
5/24/2022	7:35 PM	0.0037716900	100.100	78.000	80.000	0.0000010000	-0.0000099266	7.9927009437E-9	0.0000347837	9.3851648071E-10	18.000	37.300
5/24/2022	7:35 PM	0.0088006100	100.100	78.000	80.000	0.0000010000	-0.0000099355	7.1877999998E-9	0.0000347828	7.6212327846E-10	18.000	37.400
5/24/2022	7:36 PM	0.0138295300	100.100	78.000	80.000	0.0000010000	-0.0000099317	6.8525053567E-9	0.0000347887	3.7416573868E-10	18.000	37.400
5/24/2022	7:37 PM	0.0188584500	100.100	78.000	80.000	0.0000010000	-0.0000099097	4.2166885662E-9	0.0000348086	1.3063518220E-9	18.000	37.400
5/24/2022	7:37 PM	0.0238873700	100.100	78.000	80.000	0.0000010000	-0.0000095203	6.1350019428E-9	0.0000349276	1.0907813181E-9	18.000	37.300
5/24/2022	7:38 PM	0.0289162900	100.100	78.000	80.000	0.0000010000	-0.0000093043	6.6913716493E-9	0.0000351059	1.3919772427E-9	18.000	37.400
5/24/2022	7:39 PM	0.0339452100	100.100	78.000	80.000	0.0000010000	-0.0000092145	3.1055718973E-9	0.0000351836	2.4494897428E-10	18.000	37.300
5/24/2022	7:39 PM	0.0389741300	100.100	78.000	79.999	0.0000010000	-0.0000091401	5.4071448709E-9	0.0000352234	1.7681353801E-9	18.000	37.300
5/24/2022	7:40 PM	0.0440030500	100.100	78.000	79.999	0.0000010000	-0.0000091051	6.4379784833E-9	0.0000352429	1.1371243210E-9	18.000	37.300
5/24/2022	7:40 PM	0.0490319700	100.100	78.000	80.000	0.0000010000	-0.0000090928	6.0342937534E-9	0.0000352575	1.2153457437E-9	18.000	37.400
5/24/2022	7:41 PM	0.0540608900	100.100	78.000	79.999	0.0000010000	-0.0000090787	4.7322656476E-9	0.0000352427	1.5033898841E-9	18.000	37.300
5/24/2022	7:42 PM	0.0590898100	100.100	78.000	80.000	0.0000010000	-0.0000090852	5.9090722122E-9	0.0000352543	1.6431225894E-9	17.900	37.300
5/24/2022	7:42 PM	0.0641187300	100.100	78.010	80.000	0.0000010000	-0.0000090576	3.8214786331E-9	0.0000352588	9.7628963278E-10	17.900	37.300
5/24/2022	7:43 PM	0.0691476500	100.100	78.010	80.000	0.0000010000	-0.0000090967	7.2120274434E-9	0.0000352595	1.5744228837E-9	17.900	37.300
5/24/2022	7:44 PM	0.0741765700	100.100	78.000	80.000	0.0000010000	-0.0000090636	5.3833561085E-9	0.0000352421	1.2035788718E-9	17.900	37.300
5/24/2022	7:44 PM	0.0792054900	100.100	78.000	80.001	0.0000010000	-0.0000090616	6.2233839957E-9	0.0000352588	8.6368092477E-10	17.900	37.300
5/24/2022	7:45 PM	0.0842344100	100.100	78.000	80.000	0.0000010000	-0.0000090618	6.3259484354E-9	0.0000352569	5.4649857042E-10	17.900	37.300
5/24/2022	7:46 PM	0.0892633300	100.100	78.000	80.000	0.0000010000	-0.0000090839	9.1734292509E-9	0.0000352209	5.3328937544E-9	17.900	37.300
5/24/2022	7:46 PM	0.0942922500	100.100	78.000	79.999	0.0000010000	-0.0000090617	5.0292191197E-9	0.0000352766	1.0915475947E-9	17.900	37.300
5/24/2022	7:47 PM	0.0993211700	100.100	78.000	80.000	0.0000010000	-0.0000090758	4.2767205255E-9	0.0000352527	7.3385391260E-10	17.900	37.300
5/24/2022	7:48 PM	0.1043500900	100.100	78.000	80.000	0.0000010000	-0.0000090616	5.9728785873E-9	0.0000352674	3.2247448714E-10	17.900	37.400
5/24/2022	7:48 PM	0.1093790100	100.100	78.000	80.000	0.0000010000	-0.0000090381	7.6249987405E-9	0.0000352420	2.2135943621E-9	17.900	37.400
5/24/2022	7:49 PM	0.1144079300	100.100	78.000	80.000	0.0000010000	-0.0000090737	8.4262989959E-9	0.0000352629	1.2108748006E-9	17.900	37.300
5/24/2022	7:50 PM	0.1194368500	100.100	78.000	80.001	0.0000010000	-0.0000090616	8.6239168923E-9	0.0000352515	9.3794980865E-10	17.900	37.300
5/24/2022	7:50 PM	0.1244657700	100.100	78.010	80.000	0.0000010000	-0.0000090508	6.4164526965E-9	0.0000352606	7.7017805882E-10	17.900	37.300
5/24/2022	7:51 PM	0.1294946900	100.100	78.010	80.000	0.0000010000	-0.0000090646	6.8173065762E-9	0.0000352675	9.4471840095E-10	17.900	37.300
5/24/2022	7:51 PM	0.1345236100	100.100	78.000	80.000	0.0000010000	-0.0000090645	4.2778583964E-9	0.0000352679	2.8875534692E-9	17.900	37.300
5/24/2022	7:52 PM	0.1395525300	100.100	78.000	80.001	0.0000010000	-0.0000090564	5.0854816394E-9	0.0000352637	1.2216013566E-9	17.800	37.300
5/24/2022	7:53 PM	0.1445814500	100.100	78.000	80.000	0.0000010000	-0.0000090448	4.7705782909E-9	0.0000352588	5.6368092477E-10	17.800	37.300
5/24/2022	7:53 PM	0.1496103700	100.100	78.000	80.000	0.0000010000	-0.0000090489	6.6462062542E-9	0.0000352652	1.0185743559E-9	17.800	37.300
5/24/2022	7:54 PM	0.1546392900	100.100	78.000	80.000	0.0000010000	-0.0000090627	4.9982471953E-9	0.0000352592	1.0307695934E-9	17.800	37.300
5/24/2022	7:55 PM	0.1596682100	100.100	78.000	80.000	0.0000010000	-0.0000090442	4.6652054550E-9	0.0000352392	1.1770329614E-9	17.800	37.300
5/24/2022	7:55 PM	0.1646971300	100.100	78.000	80.000	0.0000010000	-0.0000090532	5.7940268594E-9	0.0000352290	4.2687979714E-9	17.800	37.300
5/24/2022	7:56 PM	0.1697260500	100.100	78.000	79.999	0.0000010000	-0.0000090762	6.7567457501E-9	0.0000352620	7.7631558048E-10	17.800	37.300
5/24/2022	7:57 PM	0.1747549700	100.100	78.000	80.000	0.0000010000	-0.0000090553	7.4985782658E-9	0.0000352236	3.2994057349E-9	17.800	37.200
5/24/2022	7:57 PM	0.1797838900	100.100	78.000	80.000	0.0000010000	-0.0000090623	8.4152202341E-9	0.0000352553	8.9206987131E-10	17.800	37.300
5/24/2022	7:58 PM	0.1848128100	100.100	78.000	80.000	0.0000010000	-0.0000090424	3.8531096772E-9	0.0000352695	1.9396178250E-9	17.800	37.300
5/24/2022	7:59 PM	0.1898417300	100.100	78.000	79.999	0.0000010000	-0.0000090438	7.8400434528E-9	0.0000352628	3.4608128489E-10	17.800	37.300
5/24/2022	7:59 PM	0.1948706500	100.100	78.000	80.000	0.0000010000	-0.0000090678	4.1245475506E-9	0.0000352649	4.4966147775E-10	17.800	37.300
5/24/2022	8:00 PM	0.1998995700	100.100	78.000	80.000	0.0000010000	-0.0000090491	5.6847609249E-9	0.0000352479	1.1407443861E-9	17.800	37.300
5/24/2022	8:01 PM	0.2049284900	100.100	78.000	80.000	0.0000010000	-0.0000090409	5.6587114207E-9	0.0000352552	3.7416573868E-10	17.800	37.300
5/24/2022	8:01 PM	0.2099574100	100.100	78.000	80.000	0.0000010000	-0.0000090472	4.9668782523E-9	0.0000352839	1.8953550931E-9	17.800	37.300
5/24/2022	8:02 PM	0.2149863300	100.100	78.000	79.999	0.0000010000	-0.0000090530	4.8894159552E-9	0.0000352685	4.3197516176E-10	17.800	37.300
5/24/2022	8:03 PM	0.2200152500	100.100	78.010	80.001	0.0000010000	-0.0000090490	4.0875191310E-9	0.0000352668	8.3631818358E-10	17.800	37.300
5/24/2022	8:03 PM	0.2250441700	100.100	78.000	80.000	0.0000010000	-0.0000090580	6.1476880316E-9	0.0000352624	7.3385391260E-10	17.800	37.300
5/24/2022	8:04 PM	0.2300730900	100.100	78.000	80.001	0.0000010000	-0.0000090659	6.1078375424E-9	0.0000352620	3.2247448714E-10	17.700	37.300
5/24/2022	8:05 PM	0.2351020100	100.100	78.000	80.001	0.0000010000	-0.0000090515	6.7823543179E-9	0.0000352564	5.4063625993E-10	17.700	37.300
5/24/2022	8:05 PM	0.2401309300	100.100	78.000	80.000	0.0000010000	-0.0000090666	7.0243667436E-9	0.0000352445	1.3849977244E-9	17.700	37.300
5/24/2022	8:06 PM	0.2451598500	100.100	78.000	79.999	0.0000010000	-0.0000090515	7.0463945347E-9	0.0000352641	3.2247448714E-10	17.700	37.300
5/24/2022	8:07 PM	0.2501887700	100.100	78.000	80.000	0.0000010000	-0.0000090614	4.6124679186E-9	0.0000352710	9.7258598040E-10	17.700	37.300
5/24/2022	8:08 PM	0.2501887700	100.100	78.010	80.000	0.0000010000	-0.0000090700	8.6881277414E-9	0.0000352528	4.1402208188E-10	17.700	37.300
5/24/2022	8:09 PM	0.2451598500	100.100	78.000	80.001	0.0000010000	-0.0000090464	6.6701144023E-9	0.0000352686	1.8708286934E-10	17.700	37.300
5/24/2022	8:09 PM	0.2401309300	100.100	78.000	80.000	0.0000010000	-0.0000090615	4.7503847908E-9	0.0000352410	3.2889709886E-9	17.700	37.300
5/24/2022	8:10 PM	0.2351020100	100.100	78.000	80.000	0.0000010000	-0.0000090483	6.7890039474E-9	0.0000352561	6.6099096785E-10	17.700	37.200
5/24/2022	8:11 PM	0.2300730900	100.100	78.000	80.000	0.0000010000	-0.0000090497	8.0104341888E-9	0.0000352520	1.3953874667E-9	17.700	37.200
5/24/2022	8:11 PM	0.2250441700	100.100	78.000	79.999	0.0000010000	-0.0000090640	4.9799331279E-9	0.0000352667	5.8708286934E-10	17.700	37.300
5/24/2022	8:12 PM	0.2200152500	100.100	78.000	80.000	0.0000010000	-0.0000090423	6.0645239638E-9	0.0000352568	2.0000000000E-10	17.700	37.300
5/24/2022	8:12 PM	0.2149863300	100.100	78.000	80.000	0.0000010000	-0.0000090633	5.7306351438E-9	0.0000352613	9.0687121620E-10	17.700	37.200
5/24/2022	8:13 PM	0.2099574100	100.100	78.010	80.000	0.0000010000	-0.0000090409	7.1591094597E-9	0.0000352509	7.6588924377E-10	17.700	37.300
5/24/2022	8:14 PM	0.2049284900	100.100	78.000	80.000	0.0000010000	-0.0000090649	8.8704743215E-9	0.0000352489	9.3911649916E-10	17.700	37.300
5/24/2022	8:14 PM	0.1998995700	100.100	78.010	80.000	0.0000010000	-0.0000090618	7.6085437031E-9	0.0000352610	1.3226588009E-9	17.700	37.200
5/24/2022	8:15 PM	0.1948706500	97.800	78.000	80.000	0.0000010000	-0.0000090699	7.3569289353E-9	0.0000352332	1.8843764701E-9	17.700	37.300
5/24/2022	8:16 PM	0.1898417300	97.800	78.000	80.000	0.0000010000	-0.0000090501	5.8153380778E-9	0.0000352547	9.3186001849E-10	17.700	37.200
5/24/2022	8:16 PM	0.1848128100	97.800	78.000	80.000	0.0000010000	-0.0000090577	5.3473982681E-9	0.0000352610	3.9154759474E-10	17.700	37.200
5/24/2022	8:17 PM	0.1797838900	97.800	78.000	80.000	0.0000010000	-0.0000090482	6.1053981618E-9	0.0000352570	6.6368092477E-10	17.700	37.300
5/24/2022	8:18 PM	0.1747549700	97.800	78.000	80.000	0.0000010000	-0.0000090722	8.9414582171E-9	0.0000352653	1.2018130065E-9	17.700	37.200
5/24/2022	8:18 PM	0.1697260500	97.800	78.000	80.000	0.0000010000	-0.0000090555	7.7798873304E-9	0.0000352613	6.8728772252E-10	17.700	37.300
5/24/2022	8:19 PM	0.1646971300	97.800	78.000	80.000	0.0000010000	-0.0000090563	9.2704772037E-9	0.0000352650	9.3186001849E-10	17.700	37.200
5/24/2022	8:20 PM	0.1596682100	97.800	78.000	80.001	0.0000010000	-0.0000090385	5.7109297924E-9	0.0000352619	9.3851648071E-10	17.700	37.200
5/24/2022	8:20 PM	0.1546392900	97.800	78.000	80.000	0.0000010000	-0.0000090636	5.5143505576E-9	0.0000352632	3.5495097568E-10	17.700	37.200
5/24/2022	8:21 PM	0.1496103700	97.800	78.000	80.000	0.0000010000	-0.0000090622	5.0248295429E-9	0.0000352775	5.7008771255E-10	17.600	37.200
5/24/2022	8:21 PM	0.1445814500	97.800	78.000	80.001	0.0000010000	-0.0000090704	7.4614061999E-9	0.0000352819	1.6419632633E-9	17.600	37.200
5/24/2022	8:22 PM	0.1395525300	97.800	78.000	80.000	0.0000010000	-0.0000090434	8.3794875677E-9	0.0000352489	9.8638791760E-10	17.600	37.200
5/24/2022	8:23 PM	0.1345236100	97.800	78.000	79.999	0.0000010000	-0.0000090510	7.0821864084E-9	0.0000352555	4.5495097568E-10	17.600	37.300
5/24/2022	8:23 PM	0.1294946900	97.800	78.000	80.001	0.0000010000	-0.0000090647	5.9617722311E-9	0.0000352618	2.2247448714E-10	17.600	37.200
5/24/2022	8:24 PM	0.1244657700	97.800	78.000	80.000	0.0000010000	-0.0000090539	6.7639125306E-9	0.0000352340	2.4006316371E-9	17.600	37.200
5/24/2022	8:25 PM	0.1194368500	97.800	78.000	80.000	0.0000010000	-0.0000090617	7.5025761398E-9	0.0000352766	5.7434164903E-10	17.600	37.200
5/24/2022	8:25 PM	0.1144079300	97.800	78.000	80.000	0.0000010000	-0.0000090493	3.9769943258E-9	0.0000352534	1.2809152401E-9	17.600	37.200
5/24/2022	8:26 PM	0.1093790100	97.800	78.000	80.000	0.0000010000	-0.0000090663	5.7723207533E-9	0.0000352733	1.2607961060E-9	17.600	37.200
5/24/2022	8:27 PM	0.1043500900	97.800	78.000	80.001	0.0000010000	-0.0000090433	2.9721314235E-9	0.0000352643	9.5148893485E-10	17.600	37.200
5/24/2022	8:27 PM	0.0993211700	97.800	78.000	80.000	0.0000010000	-0.0000090643	7.9821166048E-9	0.0000352602	1.1488690047E-9	17.600	37.200
5/24/2022	8:28 PM	0.0942922500	97.800	78.000	79.999	0.0000010000	-0.0000090440	5.5145140563E-9	0.0000352659	7.3385391260E-10	17.600	37.200
5/24/2022	8:29 PM	0.0892633300	97.800	78.000	80.000	0.0000010000	-0.0000090634	4.8213685218E-9	0.0000352768	1.1915475947E-9	17.600	37.200
5/24/2022	8:29 PM	0.0842344100	97.800	78.000	79.999	0.0000010000	-0.0000090672	6.6071144422E-9	0.0000352592	1.0215838363E-9	17.600	37.200
5/24/2022	8:30 PM	0.0792054900	97.800	78.000	80.000	0.0000010000	-0.0000090624	5.2824168615E-9	0.0000352647	3.5811388301E-10	17.600	37.300
5/24/2022	8:31 PM	0.0741765700	97.800	78.000	80.000	0.0000010000	-0.0000090520	8.7793525569E-9	0.0000352609	4.5355339059E-10	17.600	37.200
5/24/2022	8:31 PM	0.0691476500	97.800	78.000	80.000	0.0000010000	-0.0000090510	6.3493015364E-9	0.0000352355	2.1981151912E-9	17.600	37.200
5/24/2022	8:32 PM	0.0641187300	97.800	78.000	80.001	0.0000010000	-0.0000090538	3.4521314354E-9	0.0000352866	1.1812006585E-9	17.600	37.200
5/24/2022	8:33 PM	0.0590898100	97.800	78.010	80.000	0.0000010000	-0.0000090639	7.0074470775E-9	0.0000352517	1.0000000000E-9	17.500	37.200
5/24/2022	8:33 PM	0.0540608900	97.800	78.000	80.000	0.0000010000	-0.0000090520	6.8721735322E-9	0.0000352754	7.3851648071E-10	17.500	37.200
5/24/2022	8:34 PM	0.0490319700	97.800	78.000	80.000	0.0000010000	-0.0000090504	7.7307805593E-9	0.0000352614	6.3011626335E-10	17.500	37.200
5/24/2022	8:34 PM	0.0440030500	97.800	78.000	80.000	0.0000010000	-0.0000090603	5.3722776400E-9	0.0000352590	6.1719913269E-10	17.500	37.200
5/24/2022	8:35 PM	0.0389741300	97.800	78.000	80.000	0.0000010000	-0.0000090642	5.2594660507E-9	0.0000352563	1.0669539803E-9	17.500	37.200
5/24/2022	8:36 PM	0.0339452100	97.800	78.000	80.000	0.0000010000	-0.0000090488	3.8044613312E-9	0.0000352641	3.7742546282E-10	17.500	37.200
5/24/2022	8:36 PM	0.0289162900	97.800	78.000	79.999	0.0000010000	-0.0000090588	6.7864678254E-9	0.0000352665	3.2247448714E-10	17.500	37.200
5/24/2022	8:37 PM	0.0238873700	97.800	78.000	80.001	0.0000010000	-0.0000090541	5.1935527253E-9	0.0000352535	1.8679358718E-9	17.500	37.200
5/24/2022	8:38 PM	0.0188584500	97.800	78.000	80.000	0.0000010000	-0.0000090638	3.8708883989E-9	0.0000352603	4.6368092477E-10	17.500	37.100
5/24/2022	8:38 PM	0.0138295300	97.800	78.000	80.000	0.0000010000	-0.0000090549	3.1632322756E-9	0.0000352580	5.3011626335E-10	17.500	37.200
5/24/2022	8:39 PM	0.0088006100	97.800	78.000	80.001	0.0000010000	-0.0000090525	6.9844533419E-9	0.0000352645	2.4494897428E-10	17.500	37.200
5/24/2022	8:40 PM	0.0037716900	97.800	78.000	80.001	0.0000010000	-0.0000090709	6.5843261288E-9	0.0000352735	3.9154759474E-10	17.500	37.200
5/24/2022	8:40 PM	-0.0012572300	97.800	78.000	80.000	0.0000010000	-0.0000090745	5.2158894911E-9	0.0000352698	1.2913281926E-9	17.500	37.200
5/24/2022	8:41 PM	-0.0062861500	97.800	78.000	80.000	0.0000010000	-0.0000090594	6.5628941452E-9	0.0000352585	8.8350228320E-10	17.500	37.200
5/24/2022	8:42 PM	-0.0113150700	97.800	78.000	80.000	0.0000010000	-0.0000090830	5.6945639670E-9	0.0000352845	1.6519202405E-9	17.500	37.200
5/24/2022	8:42 PM	-0.0163439900	97.800	78.000	80.000	0.0000010000	-0.0000090680	4.0194055720E-9	0.0000352507	7.2771912927E-10	17.500	37.100
5/24/2022	8:43 PM	-0.0213729100	97.800	78.000	80.000	0.0000010000	-0.0000090524	4.2768308272E-9	0.0000352280	3.9780648562E-9	17.500	37.200
5/24/2022	8:43 PM	-0.0264018300	97.800	78.000	80.001	0.0000010000	-0.0000090573	8.2662785188E-9	0.0000352683	5.5355339059E-10	17.500	37.200
5/24/2022	8:44 PM	-0.0314307500	97.800	78.000	80.000	0.0000010000	-0.0000090495	5.8713092450E-9	0.0000352436	2.1626787407E-9	17.500	37.200
5/24/2022	8:45 PM	-0.0364596700	97.800	78.000	80.000	0.0000010000	-0.0000090578	5.6310373594E-9	0.0000352531	9.1032982688E-10	17.500	37.200
5/24/2022	8:45 PM	-0.0414885900	97.800	78.000	80.000	0.0000010000	-0.0000090411	6.0206497591E-9	0.0000352697	1.9088935550E-9	17.500	37.200
5/24/2022	8:46 PM	-0.0465175100	97.800	78.000	80.000	0.0000010000	-0.0000090620	7.1195268888E-9	0.0000352681	2.2247448714E-10	17.500	37.100
5/24/2022	8:47 PM	-0.0515464300	97.800	78.000	80.000	0.0000010000	-0.0000090474	5.2222022802E-9	0.0000352604	1.3455480917E-9	17.500	37.100
5/24/2022	8:47 PM	-0.0565753500	97.800	78.000	80.000	0.0000010000	-0.0000090487	6.7742279184E-9	0.0000352773	4.6368092477E-10	17.400	37.200
5/24/2022	8:48 PM	-0.0616042700	97.800	78.000	80.000	0.0000010000	-0.0000090559	4.5450926816E-9	0.0000352654	3.5495097568E-10	17.400	37.200
5/24/2022	8:49 PM	-0.0666331900	97.800	78.000	80.000	0.0000010000	-0.0000090587	5.8847223157E-9	0.0000352669	7.7416573868E-10	17.400	37.200
5/24/2022	8:49 PM	-0.0716621100	97.800	78.000	80.000	0.0000010000	-0.0000090466	7.2087765143E-9	0.0000352561	7.7017805882E-10	17.400	37.200
5/24/2022	8:50 PM	-0.0766910300	97.800	78.000	80.000	0.0000010000	-0.0000090553	3.6216115871E-9	0.0000352650	6.1719913269E-10	17.400	37.200
5/24/2022	8:50 PM	-0.0817199500	97.800	78.000	80.000	0.0000010000	-0.0000090516	4.1878184430E-9	0.0000352551	1.5443445211E-9	17.400	37.100
5/24/2022	8:51 PM	-0.0867488700	97.800	78.000	80.000	0.0000010000	-0.0000090597	4.3078102966E-9	0.0000352747	1.2247448714E-10	17.400	37.200
5/24/2022	8:52 PM	-0.0917777900	97.800	78.000	80.000	0.0000010000	-0.0000090639	7.1454530850E-9	0.0000352794	7.7017805882E-10	17.400	37.200
5/24/2022	8:52 PM	-0.0968067100	97.800	78.000	79.999	0.0000010000	-0.0000090539	5.8301279051E-9	0.0000352613	1.2247448714E-10	17.400	37.200
5/24/2022	8:53 PM	-0.1018356300	97.800	78.000	80.000	0.0000010000	-0.0000090481	3.2188841731E-9	0.0000352780	7.8036765891E-10	17.400	37.100
5/24/2022	8:54 PM	-0.1068645500	97.800	78.000	80.001	0.0000010000	-0.0000090530	4.7268309211E-9	0.0000352689	3.7742546282E-10	17.400	37.200
5/24/2022	8:54 PM	-0.1118934700	97.800	78.000	80.000	0.0000010000	-0.0000090693	5.2098702058E-9	0.0000352696	1.2154753215E-9	17.400	37.100
5/24/2022	8:55 PM	-0.1169223900	97.800	78.000	80.000	0.0000010000	-0.0000090774	6.1357455906E-9	0.0000352708	2.8058837015E-10	17.400	37.200
5/24/2022	8:56 PM	-0.1219513100	97.800	78.000	80.000	0.0000010000	-0.0000090551	4.6672563884E-9	0.0000352680	8.7413930606E-10	17.400	37.100
5/24/2022	8:56 PM	-0.1269802300	97.800	78.000	80.000	0.0000010000	-0.0000090597	3.9065134220E-9	0.0000352709	8.6163530729E-10	17.400	37.200
5/24/2022	8:57 PM	-0.1320091500	0.900	78.000	79.999	0.0000010000	-0.0000090622	4.1624559564E-9	0.0000352832	1.1070229163E-9	17.400	37.200
5/24/2022	8:58 PM	-0.1370380700	97.800	78.000	80.000	0.0000010000	-0.0000090630	4.7955666503E-9	0.0000352650	1.1401754251E-9	17.400	37.100
5/24/2022	8:58 PM	-0.1420669900	97.800	78.000	80.000	0.0000010000	-0.0000090508	4.3598975741E-9	0.0000352697	2.2247448714E-10	17.400	37.200
5/24/2022	8:59 PM	-0.1470959100	97.800	78.000	80.001	0.0000010000	-0.0000096610	1.0148529344E-7	0.0000349215	6.1413124873E-8	17.400	37.200
5/24/2022	9:00 PM	-0.1521248300	97.800	78.000	80.000	0.0000010000	-0.0000099283	4.9282140221E-9	0.0000348026	3.8708286934E-10	17.400	37.100
5/24/2022	9:00 PM	-0.1571537500	97.800	78.000	80.000	0.0000010000	-0.0000099273	4.2415610069E-9	0.0000347862	1.3938179790E-9	17.400	37.200
5/24/2022	9:01 PM	-0.1621826700	97.800	78.000	80.000	0.0000010000	-0.0000099326	5.0694308468E-9	0.0000348013	8.2958126833E-10	17.400	37.200
5/24/2022	9:02 PM	-0.1672115900	97.800	78.000	80.000	0.0000010000	-0.0000099126	1.0735643883E-8	0.0000347761	2.4377971891E-9	17.400	37.200
5/24/2022	9:02 PM	-0.1722405100	97.800	78.000	80.000	0.0000010000	-0.0000099001	6.2232387098E-9	0.0000347858	5.9777253643E-10	17.300	37.100
5/24/2022	9:03 PM	-0.1772694300	97.800	78.000	80.000	0.0000010000	-0.0000099291	5.2501329106E-9	0.0000347809	1.0915475947E-9	17.300	37.100
5/24/2022	9:04 PM	-0.1822983500	97.800	78.000	80.000	0.0000010000	-0.0000099103	7.2763890185E-9	0.0000347965	6.6099096785E-10	17.300	37.100
5/24/2022	9:04 PM	-0.1873272700	97.800	78.000	80.001	0.0000010000	-0.0000099286	6.6598727177E-9	0.0000347810	1.7738908286E-9	17.300	37.100
5/24/2022	9:05 PM	-0.1923561900	97.800	78.000	79.999	0.0000010000	-0.0000099072	5.1364435463E-9	0.0000347704	9.5726092816E-10	17.300	37.200
5/24/2022	9:06 PM	-0.1973851100	97.800	78.000	80.000	0.0000010000	-0.0000099177	3.7191199332E-9	0.0000347999	1.4036009488E-9	17.300	37.100
5/24/2022	9:06 PM	-0.2024140300	97.800	78.000	80.000	0.0000010000	-0.0000099276	5.3865856772E-9	0.0000347855	8.3804616516E-10	17.300	37.100
5/24/2022	9:07 PM	-0.2074429500	97.800	78.000	80.000	0.0000010000	-0.0000099117	6.4654485628E-9	0.0000347909	1.8320947892E-9	17.300	37.100
5/24/2022	9:08 PM	-0.2124718700	97.800	78.000	80.000	0.0000010000	-0.0000099156	4.9506134658E-9	0.0000347899	1.0091825995E-9	17.300	37.100
5/24/2022	9:08 PM	-0.2175007900	97.800	78.000	80.002	0.0000010000	-0.0000099333	5.6159300173E-9	0.0000347813	6.8506723903E-10	17.300	37.100
5/24/2022	9:09 PM	-0.2225297100	97.800	78.000	79.999	0.0000010000	-0.0000099237	6.7989002891E-9	0.0000347951	1.0632188733E-9	17.300	37.200
5/24/2022	9:10 PM	-0.2275586300	97.800	78.000	80.000	0.0000010000	-0.0000099208	4.6578261510E-9	0.0000347910	1.6085434304E-9	17.300	37.100
5/24/2022	9:10 PM	-0.2325875500	97.800	78.000	80.000	0.0000010000	-0.0000099301	6.6137128056E-9	0.0000347844	4.1402208188E-10	17.300	37.100
5/24/2022	9:11 PM	-0.2376164700	97.800	78.000	79.999	0.0000010000	-0.0000099028	7.4391744175E-9	0.0000347921	4.5355339059E-10	17.300	37.100
5/24/2022	9:11 PM	-0.2426453900	97.800	78.000	80.001	0.0000010000	-0.0000099213	6.5935288271E-9	0.0000347919	1.0636809248E-9	17.300	37.100
5/24/2022	9:12 PM	-0.2476743100	97.800	78.000	80.000	0.0000010000	-0.0000099098	7.0863122537E-9	0.0000348050	9.8929710972E-10	17.300	37.100
5/24/2022	9:13 PM	-0.2476743100	97.800	78.000	80.000	0.0000010000	-0.0000099174	8.5035375248E-9	0.0000347906	6.2048368230E-10	17.300	37.100
5/24/2022	9:13 PM	-0.2426453900	97.800	78.000	80.000	0.0000010000	-0.0000099165	4.2260904537E-9	0.0000347873	5.5259075049E-10	17.300	37.100
5/24/2022	9:14 PM	-0.2376164700	97.800	78.000	80.001	0.0000010000	-0.0000099246	5.7589616872E-9	0.0000348056	1.3554377489E-9	17.300	37.100
5/24/2022	9:15 PM	-0.2325875500	97.800	78.000	79.999	0.0000010000	-0.0000099173	6.3870007734E-9	0.0000347802	5.2247448714E-10	17.300	37.100
5/24/2022	9:15 PM	-0.2275586300	92.400	78.000	80.000	0.0000010000	-0.0000099231	5.5525026519E-9	0.0000347924	1.0132114528E-9	17.300	37.100
5/24/2022	9:16 PM	-0.2225297100	92.400	78.000	80.001	0.0000010000	-0.0000099235	5.0151782764E-9	0.0000348041	7.8366965394E-10	17.300	37.100
5/24/2022	9:17 PM	-0.2175007900	92.400	78.000	80.000	0.0000010000	-0.0000099350	5.3209232717E-9	0.0000347944	7.5522851952E-10	17.300	37.100
5/24/2022	9:17 PM	-0.2124718700	92.400	78.000	80.000	0.0000010000	-0.0000099177	5.8953282818E-9	0.0000347995	5.2867640737E-10	17.300	37.100
5/24/2022	9:18 PM	-0.2074429500	92.400	78.000	80.000	0.0000010000	-0.0000099344	2.9412303447E-9	0.0000347774	1.2747548784E-9	17.300	37.100
5/24/2022	9:19 PM	-0.2024140300	92.400	78.000	80.001	0.0000010000	-0.0000099220	6.1633543263E-9	0.0000347777	6.0990195136E-10	17.200	37.100
5/24/2022	9:19 PM	-0.1973851100	92.400	78.000	80.000	0.0000010000	-0.0000099383	4.3397135386E-9	0.0000347918	1.2247448714E-10	17.200	37.100
5/24/2022	9:20 PM	-0.1923561900	92.400	78.000	80.001	0.0000010000	-0.0000099258	9.2523477554E-9	0.0000347879	6.3066409390E-10	17.200	37.100
5/24/2022	9:20 PM	-0.1873272700	92.400	78.000	79.999	0.0000010000	-0.0000099253	7.5864239758E-9	0.0000348068	9.6397017595E-10	17.200	37.100
5/24/2022	9:21 PM	-0.1822983500	92.400	78.000	79.999	0.0000010000	-0.0000099141	7.0608000310E-9	0.0000347894	8.0428200203E-10	17.200	37.100
5/24/2022	9:22 PM	-0.1772694300	92.400	78.000	80.000	0.0000010000	-0.0000099238	8.0668758521E-9	0.0000347735	1.4789818034E-9	17.200	37.100
5/24/2022	9:22 PM	-0.1722405100	92.400	78.000	80.000	0.0000010000	-0.0000099197	5.7987229993E-9	0.0000348001	4.8476798574E-10	17.200	37.100
5/24/2022	9:23 PM	-0.1672115900	92.400	78.000	80.000	0.0000010000	-0.0000099293	4.4075792888E-9	0.0000347675	3.2526330439E-9	17.200	37.100
5/24/2022	9:24 PM	-0.1621826700	92.400	78.000	80.000	0.0000010000	-0.0000099199	7.2401929353E-9	0.0000347645	1.6819457565E-9	17.200	37.100
5/24/2022	9:24 PM	-0.1571537500	92.400	78.000	79.999	0.0000010000	-0.0000099090	4.9144957590E-9	0.0000347883	8.1763500472E-10	17.200	37.100
5/24/2022	9:25 PM	-0.1521248300	92.400	78.000	80.000	0.0000010000	-0.0000099360	6.5919842749E-9	0.0000348082	1.0300537619E-9	17.200	37.100
5/24/2022	9:26 PM	-0.1470959100	92.400	78.000	80.000	0.0000010000	-0.0000099156	7.1976707346E-9	0.0000347876	1.1905713948E-9	17.200	37.100
5/24/2022	9:26 PM	-0.1420669900	92.400	78.000	80.000	0.0000010000	-0.0000099258	4.3717301995E-9	0.0000347956	8.7206632036E-10	17.200	37.100
5/24/2022	9:27 PM	-0.1370380700	92.400	78.000	79.999	0.0000010000	-0.0000099220	5.1109677298E-9	0.0000348084	1.1171366312E-9	17.200	37.100
5/24/2022	9:28 PM	-0.1320091500	92.400	78.000	80.000	0.0000010000	-0.0000099188	4.4310761596E-9	0.0000347837	4.1402208188E-10	17.200	37.000
5/24/2022	9:28 PM	-0.1269802300	92.400	78.000	80.000	0.0000010000	-0.0000099183	9.7127939164E-9	0.0000347854	1.2517786465E-9	17.200	37.100
5/24/2022	9:29 PM	-0.1219513100	92.400	78.000	80.001	0.0000010000	-0.0000099290	5.2840416781E-9	0.0000347778	1.3700877125E-9	17.200	37.100
5/24/2022	9:30 PM	-0.1169223900	92.400	78.000	80.000	0.0000010000	-0.0000099376	5.6908914642E-9	0.0000347967	5.3851648071E-10	17.200	37.100
5/24/2022	9:30 PM	-0.1118934700	92.400	78.000	79.999	0.0000010000	-0.0000099189	4.2005066854E-9	0.0000347883	9.3664858008E-10	17.200	37.100
5/24/2022	9:31 PM	-0.1068645500	92.400	78.000	80.000	0.0000010000	-0.0000099324	7.2057433201E-9	0.0000347921	9.7008771255E-10	17.200	37.100
5/24/2022	9:31 PM	-0.1018356300	92.400	78.000	80.001	0.0000010000	-0.0000099152	4.6963659744E-9	0.0000347899	3.5495097568E-10	17.200	37.100
5/24/2022	9:32 PM	-0.0968067100	92.400	78.000	80.000	0.0000010000	-0.0000099171	3.9534051873E-9	0.0000347652	3.8573574607E-9	17.200	37.100
5/24/2022	9:33 PM	-0.0917777900	92.400	78.000	80.000	0.0000010000	-0.0000099369	5.7433093418E-9	0.0000347873	5.8708286934E-10	17.200	37.100
5/24/2022	9:33 PM	-0.0867488700	92.400	78.000	80.000	0.0000010000	-0.0000099252	7.9891782188E-9	0.0000348011	7.0837478349E-10	17.200	37.100
5/24/2022	9:34 PM	-0.0817199500	92.400	78.000	80.000	0.0000010000	-0.0000099219	2.9446289049E-9	0.0000348130	1.3809599628E-9	17.200	37.100
5/24/2022	9:35 PM	-0.0766910300	92.400	78.000	80.000	0.0000010000	-0.0000099117	5.2586971017E-9	0.0000347791	6.9641941386E-10	17.100	37.100
5/24/2022	9:35 PM	-0.0716621100	92.400	78.000	80.000	0.0000010000	-0.0000099263	7.4219190144E-9	0.0000347989	5.6124860802E-10	17.100	37.100
5/24/2022	9:36 PM	-0.0666331900	92.400	78.000	80.000	0.0000010000	-0.0000099253	8.6269547831E-9	0.0000347917	2.0000000000E-10	17.100	37.100
5/24/2022	9:37 PM	-0.0616042700	92.400	78.000	80.000	0.0000010000	-0.0000099142	6.6004055335E-9	0.0000347814	4.9664022582E-10	17.100	37.100
5/24/2022	9:38 PM	-0.0565753500	92.400	78.000	80.000	0.0000010000	-0.0000099199	5.5066760793E-9	0.0000347895	7.0710678119E-10	17.100	37.100
5/24/2022	9:38 PM	-0.0515464300	92.400	78.000	79.999	0.0000010000	-0.0000099172	8.3556780859E-9	0.0000347930	8.4833147735E-10	17.100	37.100
5/24/2022	9:39 PM	-0.0465175100	92.400	78.000	79.999	0.0000010000	-0.0000099293	1.0581485836E-8	0.0000347972	4.7602787773E-10	17.100	37.100
5/24/2022	9:40 PM	-0.0414885900	92.400	78.000	80.000	0.0000010000	-0.0000099118	5.8755083210E-9	0.0000348008	5.5355339059E-10	17.100	37.100
5/24/2022	9:40 PM	-0.0364596700	92.400	78.000	80.000	0.0000010000	-0.0000099212	5.3273428562E-9	0.0000347891	8.2048368230E-10	17.100	37.100
5/24/2022	9:41 PM	-0.0314307500	92.400	78.000	79.999	0.0000010000	-0.0000099253	5.7862435064E-9	0.0000347982	8.2540150734E-10	17.100	37.100
5/24/2022	9:41 PM	-0.0264018300	92.400	78.000	80.000	0.0000010000	-0.0000099171	5.6101799672E-9	0.0000348189	2.0186308147E-9	17.100	37.100
5/24/2022	9:42 PM	-0.0213729100	92.400	78.000	80.000	0.0000010000	-0.0000099329	6.9533137989E-9	0.0000347894	8.9182788550E-10	17.100	37.100
5/24/2022	9:43 PM	-0.0163439900	92.400	78.000	80.000	0.0000010000	-0.0000099142	4.9332448115E-9	0.0000347900	9.3385391260E-10	17.100	37.100
5/24/2022	9:44 PM	-0.0113150700	92.400	78.000	80.000	0.0000010000	-0.0000099265	5.1839842952E-9	0.0000347836	1.8926752749E-9	17.100	37.000
5/24/2022	9:44 PM	-0.0062861500	92.400	78.000	80.000	0.0000010000	-0.0000099364	5.5083652657E-9	0.0000347772	8.2739529308E-10	17.100	37.100
5/24/2022	9:45 PM	-0.0012572300	92.400	78.000	80.000	0.0000010000	-0.0000099208	5.9625228198E-9	0.0000348038	3.9154759474E-10	17.100	37.100
5/24/2022	9:46 PM	0.0037716900	92.400	78.000	80.000	0.0000010000	-0.0000099270	4.1069242768E-9	0.0000347892	6.9774951497E-10	17.100	37.100
5/24/2022	9:46 PM	0.0088006100	92.400	78.000	80.000	0.0000010000	-0.0000099213	5.7649936658E-9	0.0000347697	2.4040627971E-9	17.100	37.000
5/24/2022	9:47 PM	0.0138295300	92.400	78.000	80.000	0.0000010000	-0.0000099318	3.9354978122E-9	0.0000347830	1.0147301372E-9	17.100	37.100
5/24/2022	9:48 PM	0.0188584500	92.400	78.000	79.999	0.0000010000	-0.0000098946	6.1658226313E-9	0.0000347952	5.4649857042E-10	17.100	37.100
5/24/2022	9:48 PM	0.0238873700	92.400	78.000	80.000	0.0000010000	-0.0000096111	1.2980429795E-8	0.0000348963	7.5677643628E-10	17.100	37.100
5/24/2022	9:49 PM	0.0289162900	92.400	78.000	80.000	0.0000010000	-0.0000092739	4.7876659975E-9	0.0000351181	2.1620822926E-9	17.100	37.000
5/24/2022	9:50 PM	0.0339452100	92.400	78.000	80.000	0.0000010000	-0.0000092048	3.9509954103E-9	0.0000351873	1.1540368496E-9	17.100	37.000
5/24/2022	9:50 PM	0.0389741300	92.400	78.000	80.000	0.0000010000	-0.0000091208	9.0747133604E-9	0.0000352363	1.5124474049E-9	17.100	37.100
5/24/2022	9:51 PM	0.0440030500	92.400	78.000	80.000	0.0000010000	-0.0000091115	3.4009177923E-9	0.0000352471	7.1328223783E-10	17.100	37.100
5/24/2022	9:52 PM	0.0490319700	92.400	78.000	80.000	0.0000010000	-0.0000090869	5.7357342070E-9	0.0000352572	6.2179480778E-10	17.100	37.000
5/24/2022	9:52 PM	0.0540608900	92.400	78.000	80.000	0.0000010000	-0.0000090979	7.1013812046E-9	0.0000352468	4.7416573868E-10	17.100	37.100
5/24/2022	9:53 PM	0.0590898100	92.400	78.000	80.000	0.0000010000	-0.0000090886	4.7010312789E-9	0.0000352487	9.3186001849E-10	17.100	37.000
5/24/2022	9:54 PM	0.0641187300	92.400	78.000	80.000	0.0000010000	-0.0000090613	3.9666998544E-9	0.0000352717	7.6923276251E-10	17.100	37.000
5/24/2022	9:54 PM	0.0691476500	92.400	78.000	80.000	0.0000010000	-0.0000090789	4.9125657637E-9	0.0000352648	3.0955735648E-10	17.100	37.100
5/24/2022	9:55 PM	0.0741765700	92.400	78.000	80.000	0.0000010000	-0.0000090692	6.1830294411E-9	0.0000352486	6.7008771255E-10	17.000	37.000
5/24/2022	9:55 PM	0.0792054900	92.400	78.000	80.000	0.0000010000	-0.0000090719	3.8163841493E-9	0.0000352719	5.4063625993E-10	17.000	37.000
5/24/2022	9:56 PM	0.0842344100	92.400	78.000	80.000	0.0000010000	-0.0000090718	4.7657996088E-9	0.0000352608	7.8633009466E-10	17.000	37.000
5/24/2022	9:57 PM	0.0892633300	92.400	78.000	80.001	0.0000010000	-0.0000090574	6.4075796167E-9	0.0000352396	2.0186861702E-9	17.000	37.000
5/24/2022	9:57 PM	0.0942922500	92.400	78.000	80.000	0.0000010000	-0.0000090601	6.1002629203E-9	0.0000352499	3.0000000000E-10	17.000	37.100
5/24/2022	9:58 PM	0.0993211700	92.400	78.000	80.000	0.0000010000	-0.0000090608	5.8821143807E-9	0.0000352521	1.6200806203E-9	17.000	37.000
5/24/2022	9:59 PM	0.1043500900	92.400	78.000	80.001	0.0000010000	-0.0000090768	2.5410889320E-9	0.0000352500	9.0829510623E-10	17.000	37.000
5/24/2022	9:59 PM	0.1093790100	92.400	78.000	80.000	0.0000010000	-0.0000090665	5.2678889076E-9	0.0000352519	8.4010949186E-10	17.000	37.000
5/24/2022	10:00 PM	0.1144079300	92.400	78.000	80.001	0.0000010000	-0.0000090640	5.3453919751E-9	0.0000352592	5.5355339059E-10	17.000	37.000
5/24/2022	10:01 PM	0.1194368500	92.400	78.000	79.999	0.0000010000	-0.0000090753	2.6061424730E-9	0.0000352217	3.2737835146E-9	17.000	37.000
5/24/2022	10:01 PM	0.1244657700	92.400	78.000	79.999	0.0000010000	-0.0000090634	5.9191923854E-9	0.0000352724	1.3809599628E-9	17.000	37.100
5/24/2022	10:02 PM	0.1294946900	92.400	78.000	80.001	0.0000010000	-0.0000090649	4.6773070572E-9	0.0000352726	8.4031242374E-10	17.000	37.000
5/24/2022	10:02 PM	0.1345236100	92.400	78.000	80.000	0.0000010000	-0.0000090553	6.9414270398E-9	0.0000352593	5.8476798574E-10	17.000	37.000
5/24/2022	10:03 PM	0.1395525300	92.400	78.000	80.001	0.0000010000	-0.0000090757	5.9639985375E-9	0.0000352651	4.9154759474E-10	17.000	37.000
5/24/2022	10:04 PM	0.1445814500	92.400	78.000	80.000	0.0000010000	-0.0000090486	1.0280943983E-8	0.0000352623	2.2247448714E-10	17.000	37.000
5/24/2022	10:04 PM	0.1496103700	92.400	78.000	80.000	0.0000010000	-0.0000090657	7.1368617713E-9	0.0000352722	9.1203127704E-10	17.000	37.000
5/24/2022	10:05 PM	0.1546392900	92.400	78.000	80.000	0.0000010000	-0.0000090586	6.0200199559E-9	0.0000352456	1.8259432811E-8	17.000	37.000
5/24/2022	10:06 PM	0.1596682100	92.400	78.000	80.000	0.0000010000	-0.0000090508	3.3476918088E-9	0.0000352507	1.0711883953E-9	17.000	37.000
5/24/2022	10:06 PM	0.1646971300	92.400	78.000	80.001	0.0000010000	-0.0000090607	5.2964314927E-9	0.0000352505	2.1938110164E-9	17.000	37.000
5/24/2022	10:07 PM	0.1697260500	92.400	78.000	80.000	0.0000010000	-0.0000090539	7.3256167520E-9	0.0000352649	2.9154759474E-10	17.000	37.000
5/24/2022	10:08 PM	0.1747549700	92.400	78.000	80.000	0.0000010000	-0.0000090501	5.6043087297E-9	0.0000352637	2.5495097568E-10	17.000	37.000
5/24/2022	10:08 PM	0.1797838900	92.400	78.000	80.000	0.0000010000	-0.0000090669	4.0017465400E-9	0.0000352739	1.0894284674E-9	17.000	37.000
5/24/2022	10:09 PM	0.1848128100	92.400	78.000	79.999	0.0000010000	-0.0000090589	7.6255723476E-9	0.0000352651	5.1515439249E-10	17.000	37.000
5/24/2022	10:10 PM	0.1898417300	92.400	78.000	79.999	0.0000010000	-0.0000090608	3.7071795722E-9	0.0000352613	4.4203384502E-10	17.000	37.000
5/24/2022	10:10 PM	0.1948706500	92.400	78.000	80.001	0.0000010000	-0.0000090547	7.2988671209E-9	0.0000352735	9.8790714372E-10	17.000	37.000
5/24/2022	10:11 PM	0.1998995700	92.400	78.000	80.000	0.0000010000	-0.0000090527	6.9997290762E-9	0.0000352620	1.1824601482E-9	17.000	37.000
5/24/2022	10:12 PM	0.2049284900	92.400	78.000	80.000	0.0000010000	-0.0000090487	5.3920103791E-9	0.0000352641	1.0000000000E-10	17.000	37.000
5/24/2022	10:12 PM	0.2099574100	92.400	78.000	80.000	0.0000010000	-0.0000090587	4.2073054598E-9	0.0000352655	3.2247448714E-10	17.000	37.000
5/24/2022	10:13 PM	0.2149863300	92.400	78.000	80.000	0.0000010000	-0.0000090431	6.5197554291E-9	0.0000352783	1.7104032780E-9	17.000	37.000
5/24/2022	10:14 PM	0.2200152500	92.400	78.000	80.000	0.0000010000	-0.0000090534	7.3460970158E-9	0.0000352542	8.6023252670E-10	17.000	37.000
5/24/2022	10:14 PM	0.2250441700	92.400	78.000	80.000	0.0000010000	-0.0000090605	4.6470846460E-9	0.0000352751	1.2990196787E-9	16.900	37.000
5/24/2022	10:15 PM	0.2300730900	88.300	78.000	80.001	0.0000010000	-0.0000090454	5.2663394545E-9	0.0000352444	1.1872268878E-9	17.000	37.000
5/24/2022	10:16 PM	0.2351020100	88.300	78.000	80.000	0.0000010000	-0.0000090514	4.9838788049E-9	0.0000352696	8.4010949186E-10	16.900	37.000
5/24/2022	10:16 PM	0.2401309300	88.300	78.000	80.000	0.0000010000	-0.0000090468	2.6149059942E-9	0.0000352510	8.2739529308E-10	17.000	37.000
5/24/2022	10:17 PM	0.2451598500	88.300	78.000	80.001	0.0000010000	-0.0000090580	4.3222875695E-9	0.0000352202	4.4261521687E-9	16.900	37.000
5/24/2022	10:17 PM	0.2501887700	88.300	78.000	80.000	0.0000010000	-0.0000090531	4.2699010554E-9	0.0000352692	1.4679596916E-9	17.000	37.000
5/24/2022	10:18 PM	0.2501887700	88.300	78.000	80.000	0.0000010000	-0.0000090588	8.0445368431E-9	0.0000352662	8.1723431537E-10	16.900	37.000
5/24/2022	10:19 PM	0.2451598500	88.300	78.000	80.000	0.0000010000	-0.0000090777	4.5158573302E-9	0.0000352461	8.5893372442E-10	16.900	37.000
5/24/2022	10:20 PM	0.2401309300	88.300	78.000	80.000	0.0000010000	-0.0000090604	8.5975580023E-9	0.0000352636	9.2247448714E-10	16.900	37.000
5/24/2022	10:21 PM	0.2351020100	88.300	78.000	79.999	0.0000010000	-0.0000090431	6.5953348249E-9	0.0000352618	6.7434164903E-10	16.900	37.000
5/24/2022	10:21 PM	0.2300730900	88.300	78.000	80.000	0.0000010000	-0.0000090669	7.0000782630E-9	0.0000352563	7.5522851952E-10	16.900	37.000
5/24/2022	10:22 PM	0.2250441700	88.300	78.000	79.999	0.0000010000	-0.0000090553	3.6338100507E-9	0.0000352587	6.5076379411E-10	16.900	37.000
5/24/2022	10:23 PM	0.2200152500	88.300	78.000	80.000	0.0000010000	-0.0000090535	5.7660378341E-9	0.0000352695	5.0000000000E-10	16.900	37.000
5/24/2022	10:23 PM	0.2149863300	88.300	78.000	80.000	0.0000010000	-0.0000090588	6.2858708574E-9	0.0000352737	1.0132114528E-9	16.900	37.000
5/24/2022	10:24 PM	0.2099574100	88.300	78.000	80.000	0.0000010000	-0.0000090628	8.8776314287E-9	0.0000352583	9.4425345123E-10	16.900	37.000
5/24/2022	10:25 PM	0.2049284900	88.300	78.000	80.000	0.0000010000	-0.0000090602	6.3233621769E-9	0.0000352667	6.5076379411E-10	16.900	37.000
5/24/2022	10:25 PM	0.1998995700	88.300	78.000	80.000	0.0000010000	-0.0000090667	4.5250937426E-9	0.0000352687	5.6124860802E-10	16.900	37.000
5/24/2022	10:26 PM	0.1948706500	88.300	78.000	80.000	0.0000010000	-0.0000090576	5.2775398783E-9	0.0000352470	4.4721359550E-10	16.900	37.000
5/24/2022	10:26 PM	0.1898417300	88.300	78.000	79.999	0.0000010000	-0.0000090608	7.7246457253E-9	0.0000352765	3.9154759474E-10	16.900	37.000
5/24/2022	10:27 PM	0.1848128100	88.300	78.000	80.000	0.0000010000	-0.0000090522	4.4365457028E-9	0.0000352638	3.5811388301E-10	16.900	37.000
5/24/2022	10:28 PM	0.1797838900	88.300	78.000	80.000	0.0000010000	-0.0000090632	7.8335840583E-9	0.0000352681	5.4649857042E-10	16.900	37.000
5/24/2022	10:28 PM	0.1747549700	88.300	78.000	80.000	0.0000010000	-0.0000090609	6.6247396886E-9	0.0000352568	2.0166868666E-9	16.900	37.000
5/24/2022	10:29 PM	0.1697260500	88.300	78.000	80.000	0.0000010000	-0.0000090430	6.2560259188E-9	0.0000352705	9.7969771927E-10	16.900	37.000
5/24/2022	10:30 PM	0.1646971300	88.300	78.010	80.001	0.0000010000	-0.0000090438	8.7732169328E-9	0.0000352804	6.2360679775E-10	16.900	37.000
5/24/2022	10:30 PM	0.1596682100	88.300	78.000	80.000	0.0000010000	-0.0000090586	4.4459866638E-9	0.0000352701	3.8708286934E-10	16.900	37.000
5/24/2022	10:31 PM	0.1546392900	88.300	78.000	80.000	0.0000010000	-0.0000090519	5.8436092653E-9	0.0000352786	1.7469479421E-9	16.900	37.000
5/24/2022	10:32 PM	0.1496103700	88.300	78.000	80.001	0.0000010000	-0.0000090569	3.3538449438E-9	0.0000352646	5.1515439249E-10	16.900	37.000
5/24/2022	10:32 PM	0.1445814500	88.300	78.000	80.000	0.0000010000	-0.0000090512	6.6855589620E-9	0.0000352609	4.1402208188E-10	16.900	37.000
5/24/2022	10:33 PM	0.1395525300	0.900	78.000	80.000	0.0000010000	-0.0000090492	8.7375863506E-9	0.0000352711	4.5495097568E-10	16.900	37.000
5/24/2022	10:34 PM	0.1345236100	0.900	78.000	80.000	0.0000010000	-0.0000090560	4.2226961444E-9	0.0000352681	1.4133460268E-9	16.900	37.000
5/24/2022	10:34 PM	0.1294946900	88.300	78.000	79.999	0.0000010000	-0.0000090472	6.2123432415E-9	0.0000352529	1.2724039228E-9	16.900	37.000
5/24/2022	10:35 PM	0.1244657700	88.300	78.000	80.000	0.0000010000	-0.0000090503	5.3467534233E-9	0.0000352609	4.5355339059E-10	16.900	37.000
5/24/2022	10:35 PM	0.1194368500	88.300	78.000	80.000	0.0000010000	-0.0000090644	5.5009623696E-9	0.0000352525	1.2322919809E-9	16.900	37.000
5/24/2022	10:36 PM	0.1144079300	88.300	78.000	80.000	0.0000010000	-0.0000090795	6.8700764264E-9	0.0000352735	3.9154759474E-10	16.900	37.000
5/24/2022	10:37 PM	0.1093790100	88.300	78.000	80.001	0.0000010000	-0.0000090604	6.3621528716E-9	0.0000352608	6.5076379411E-10	16.800	36.900
5/24/2022	10:37 PM	0.1043500900	88.300	78.000	80.000	0.0000010000	-0.0000090501	5.1131242830E-9	0.0000352565	1.5478455318E-9	16.800	36.900
5/24/2022	10:38 PM	0.0993211700	88.300	78.000	80.000	0.0000010000	-0.0000090572	8.0577298319E-9	0.0000352658	1.0091825995E-9	16.800	37.000
5/24/2022	10:39 PM	0.0942922500	88.300	78.000	80.000	0.0000010000	-0.0000090493	4.1863392942E-9	0.0000352433	2.6335552805E-9	16.800	37.000
5/24/2022	10:39 PM	0.0892633300	88.300	78.000	79.999	0.0000010000	-0.0000090517	5.8473391216E-9	0.0000352628	1.6881915075E-9	16.800	36.900
5/24/2022	10:40 PM	0.0842344100	88.300	78.000	80.001	0.0000010000	-0.0000090679	7.6243124335E-9	0.0000352091	4.4415685399E-9	16.800	37.000
5/24/2022	10:41 PM	0.0792054900	88.300	78.000	79.999	0.0000010000	-0.0000090556	6.8260052397E-9	0.0000352660	2.8708286934E-10	16.800	37.000
5/24/2022	10:41 PM	0.0741765700	88.300	78.000	80.000	0.0000010000	-0.0000090553	6.2756131080E-9	0.0000352440	1.6975166437E-9	16.800	36.900
5/24/2022	10:42 PM	0.0691476500	88.300	78.000	80.000	0.0000010000	-0.0000090534	9.9164176305E-9	0.0000352726	8.3804616516E-10	16.800	37.000
5/24/2022	10:43 PM	0.0641187300	88.300	78.000	79.999	0.0000010000	-0.0000090552	6.3810876655E-9	0.0000352526	1.1643511839E-9	16.800	37.000
5/24/2022	10:43 PM	0.0590898100	88.300	78.000	80.000	0.0000010000	-0.0000090540	5.6846781264E-9	0.0000352683	6.1719913269E-10	16.800	36.900
5/24/2022	10:44 PM	0.0540608900	88.300	78.000	80.001	0.0000010000	-0.0000090502	6.2543735840E-9	0.0000352407	2.1857418140E-9	16.800	36.900
5/24/2022	10:44 PM	0.0490319700	88.300	78.000	80.001	0.0000010000	-0.0000090600	3.4408545365E-9	0.0000352504	6.9774951497E-10	16.800	36.900
5/24/2022	10:45 PM	0.0440030500	88.300	78.000	80.001	0.0000010000	-0.0000090563	4.0219664480E-9	0.0000352508	2.2247448714E-10	16.800	37.000
5/24/2022	10:46 PM	0.0389741300	88.300	78.000	80.000	0.0000010000	-0.0000090695	4.1146532979E-9	0.0000352808	1.5124619095E-9	16.800	36.900
5/24/2022	10:47 PM	0.0339452100	88.300	78.000	79.999	0.0000010000	-0.0000090585	2.1827318982E-9	0.0000352541	7.8102496759E-10	16.800	37.000
5/24/2022	10:47 PM	0.0289162900	88.300	78.000	80.000	0.0000010000	-0.0000090651	4.4720755540E-9	0.0000352813	7.4295816944E-10	16.800	36.900
5/24/2022	10:48 PM	0.0238873700	88.300	78.000	80.000	0.0000010000	-0.0000090504	5.7765750480E-9	0.0000352548	1.0168783487E-9	16.800	37.000
5/24/2022	10:48 PM	0.0188584500	88.300	78.000	79.999	0.0000010000	-0.0000090662	6.4016320330E-9	0.0000352787	1.1951178667E-9	16.800	37.000
5/24/2022	10:49 PM	0.0138295300	88.300	78.000	80.000	0.0000010000	-0.0000090706	4.7539945329E-9	0.0000352431	2.4134135920E-9	16.800	36.900
5/24/2022	10:50 PM	0.0088006100	88.300	78.000	80.001	0.0000010000	-0.0000090486	6.1067965154E-9	0.0000352609	1.2677078252E-9	16.800	36.900
5/24/2022	10:50 PM	0.0037716900	88.300	78.000	80.000	0.0000010000	-0.0000090668	7.3002650381E-9	0.0000352572	1.0307695934E-9	16.800	37.000
5/24/2022	10:51 PM	-0.0012572300	88.300	78.000	80.000	0.0000010000	-0.0000090441	7.3965515486E-9	0.0000352672	1.3601003170E-9	16.800	36.900
5/24/2022	10:52 PM	-0.0062861500	88.300	78.000	80.000	0.0000010000	-0.0000090598	4.9565531526E-9	0.0000352579	9.3851648071E-10	16.800	36.900
5/24/2022	10:52 PM	-0.0113150700	88.300	78.000	80.000	0.0000010000	-0.0000090609	3.8943956418E-9	0.0000352365	1.0186218983E-9	16.800	36.900
5/24/2022	10:53 PM	-0.0163439900	88.300	78.000	80.000	0.0000010000	-0.0000090524	3.5123002773E-9	0.0000352776	1.1945549533E-9	16.800	36.900
5/24/2022	10:54 PM	-0.0213729100	88.300	78.000	80.000	0.0000010000	-0.0000090604	7.1574372318E-9	0.0000352829	1.3474192049E-9	16.800	36.900
5/24/2022	10:54 PM	-0.0264018300	88.300	78.000	80.001	0.0000010000	-0.0000090601	7.1424492232E-9	0.0000352737	7.5166481892E-10	16.800	37.000
5/24/2022	10:55 PM	-0.0314307500	88.300	78.000	80.000	0.0000010000	-0.0000090581	5.6139091947E-9	0.0000352725	6.5897105616E-10	16.800	37.000
5/24/2022	10:55 PM	-0.0364596700	0.900	78.000	79.999	0.0000010000	-0.0000090611	6.0997826627E-9	0.0000352879	4.3011626335E-10	16.800	36.900
5/24/2022	10:56 PM	-0.0414885900	88.300	78.000	80.000	0.0000010000	-0.0000090448	6.6849051891E-9	0.0000352600	1.2840192568E-9	16.800	37.000
5/24/2022	10:57 PM	-0.0465175100	88.300	78.000	80.000	0.0000010000	-0.0000090597	3.7017166232E-9	0.0000352609	6.8506723903E-10	16.800	36.900
5/24/2022	10:58 PM	-0.0515464300	88.300	78.000	80.000	0.0000010000	-0.0000090524	5.7628777657E-9	0.0000352724	3.8708286934E-10	16.800	36.900
5/24/2022	10:58 PM	-0.0565753500	88.300	78.000	80.001	0.0000010000	-0.0000090654	6.4625037892E-9	0.0000352581	4.1068966709E-10	16.700	36.900
5/24/2022	10:59 PM	-0.0616042700	88.300	78.000	80.000	0.0000010000	-0.0000090550	5.9018029310E-9	0.0000352836	9.7464278423E-10	16.700	36.900
5/24/2022	10:59 PM	-0.0666331900	88.300	78.000	80.000	0.0000010000	-0.0000090468	5.8026697888E-9	0.0000352640	6.6099096785E-10	16.700	36.900
5/24/2022	11:00 PM	-0.0716621100	88.300	78.000	79.999	0.0000010000	-0.0000090526	3.6244700280E-9	0.0000352762	6.9154759474E-10	16.700	37.000
5/24/2022	11:01 PM	-0.0766910300	88.300	78.000	80.000	0.0000010000	-0.0000090654	5.0484495733E-9	0.0000352628	5.8708286934E-10	16.700	37.000
5/24/2022	11:01 PM	-0.0817199500	88.300	78.000	79.999	0.0000010000	-0.0000090526	6.3129865404E-9	0.0000352719	7.6368092477E-10	16.700	36.900
5/24/2022	11:02 PM	-0.0867488700	88.300	78.000	80.000	0.0000010000	-0.0000090565	7.6285644769E-9	0.0000352628	4.7863046408E-10	16.700	36.900
5/24/2022	11:03 PM	-0.0917777900	88.300	78.000	80.000	0.0000010000	-0.0000090613	5.9848744513E-9	0.0000352673	8.7464278423E-10	16.700	36.900
5/24/2022	11:03 PM	-0.0968067100	88.300	78.000	79.999	0.0000010000	-0.0000090502	5.4415962844E-9	0.0000352678	3.0955735648E-10	16.700	36.900
5/24/2022	11:04 PM	-0.1018356300	88.300	78.000	80.001	0.0000010000	-0.0000090603	5.4087458421E-9	0.0000352836	1.1368220677E-9	16.700	36.900
5/24/2022	11:05 PM	-0.1068645500	88.300	78.000	80.000	0.0000010000	-0.0000090475	3.6970198923E-9	0.0000352830	1.2577635312E-9	16.700	36.900
5/24/2022	11:05 PM	-0.1118934700	88.300	78.000	80.000	0.0000010000	-0.0000090725	4.8931189501E-9	0.0000352740	9.3186001849E-10	16.700	36.900
5/24/2022	11:06 PM	-0.1169223900	88.300	78.000	80.000	0.0000010000	-0.0000090595	4.4145920705E-9	0.0000352818	1.0711883953E-9	16.700	36.900
5/24/2022	11:07 PM	-0.1219513100	88.300	78.000	79.999	0.0000010000	-0.0000090544	5.3772333277E-9	0.0000352539	7.6278691088E-10	16.700	36.900
5/24/2022	11:07 PM	-0.1269802300	88.300	78.000	80.001	0.0000010000	-0.0000090447	6.5075224696E-9	0.0000352376	3.6194598532E-9	16.700	36.900
5/24/2022	11:08 PM	-0.1320091500	88.300	78.000	80.000	0.0000010000	-0.0000090600	4.2407548251E-9	0.0000352738	3.0000000000E-10	16.700	36.900
5/24/2022	11:08 PM	-0.1370380700	88.300	78.000	80.000	0.0000010000	-0.0000095748	9.0008439679E-8	0.0000350216	1.6913097177E-8	16.700	36.900
5/24/2022	11:09 PM	-0.1420669900	88.300	78.000	80.000	0.0000010000	-0.0000099163	5.4500918440E-9	0.0000347851	6.8309518948E-10	16.700	36.900
5/24/2022	11:10 PM	-0.1470959100	88.300	78.000	80.000	0.0000010000	-0.0000099217	5.8610526045E-9	0.0000347964	3.0000000000E-10	16.700	36.900
