! User Name:	Aditya_Kumar
! Sample Name:	FGT_CPS_FCf120K M8T
! Sample ID:	FGT_CPS_4C
! Date:	10/26/2022	Time:	9:13 PM
! Current Source:	Keithley 224 Current Source
! Voltmeter V1:	Keithley 182 Degital voltmeter
! Voltmeter V2:	Keithley 2182A  NanoVoltmeter
! V1 (volts):	Vxy
! V2 (volts):	Vxx
! Max Field (Tesla):0.600000	! Data points (0_maxT:460.000000	! Average Number:5.000000	
! Comments:	Device was fabricated inside glove box.
! 
! 
! 
! 
! 
Data	Time	Magnetic Field (T)	Helium Level (%)	VTI Temperature (K)	Sample Temparture (K)	Current (A) 	Voltage-1(V)	Std. of V1	Voltage-2 (V)	Std. of V2	VTI  Heater Power (%)	Sample Heater Power (%)
10/26/2022	9:15 PM	-0.3004779700	74.100	2.999	4.999	0.0000010000	0.0000047881	5.1483476377E-9	0.0000507200	2.2247448714E-8	2.400	13.600
10/26/2022	9:16 PM	-0.1998995700	38.700	28.010	30.003	0.0000010000	0.0000047857	4.9514932150E-9	0.0000506200	2.5495097568E-8	5.700	38.300
10/26/2022	9:17 PM	-0.1005784000	38.700	28.010	30.001	0.0000010000	0.0000047940	6.0714633670E-9	0.0000507100	1.0000000000E-8	5.700	38.200
10/26/2022	9:18 PM	0.0000000000	38.700	28.010	30.000	0.0000010000	0.0000047972	4.8055725860E-9	0.0000507500	1.6940658945E-21	5.700	38.200
10/26/2022	9:18 PM	0.0502892000	38.700	28.010	30.000	0.0000010000	0.0000047968	6.7171336733E-9	0.0000499600	2.3420076857E-7	5.700	38.200
10/26/2022	9:19 PM	0.1005784000	38.700	28.010	30.000	0.0000010000	0.0000047943	2.9707514476E-9	0.0000507000	1.6940658945E-21	5.700	38.300
10/26/2022	9:20 PM	0.1056073200	38.700	28.010	30.000	0.0000010000	0.0000061038	8.8413964716E-9	0.0000507100	1.0000000000E-8	5.700	38.300
10/26/2022	9:20 PM	0.1093790100	38.700	28.010	30.000	0.0000010000	0.0000061005	8.0205680825E-9	0.0000506900	2.2247448714E-8	5.700	38.300
10/26/2022	9:21 PM	0.1144079300	38.700	28.010	30.000	0.0000010000	0.0000061124	4.7335048537E-9	0.0000507000	2.4494897428E-8	5.600	38.300
10/26/2022	9:22 PM	0.1194368500	38.700	28.010	30.000	0.0000010000	0.0000061126	5.2062619973E-9	0.0000506800	1.2247448714E-8	5.600	38.300
10/26/2022	9:23 PM	0.1244657700	38.700	28.000	30.000	0.0000010000	0.0000061085	3.5756946919E-9	0.0000507200	2.2247448714E-8	5.600	38.300
10/26/2022	9:23 PM	0.1294946900	38.200	28.000	30.000	0.0000010000	0.0000061060	3.8907506275E-9	0.0000507500	1.6940658945E-21	5.600	38.300
10/26/2022	9:24 PM	0.1345236100	38.200	28.000	30.000	0.0000010000	0.0000061124	4.2260128742E-9	0.0000506600	1.0000000000E-8	5.600	38.300
10/26/2022	9:25 PM	0.1395525300	38.200	28.000	30.000	0.0000010000	0.0000061123	5.8182024210E-9	0.0000507300	1.2247448714E-8	5.600	38.300
10/26/2022	9:25 PM	0.1445814500	38.200	28.000	30.000	0.0000010000	0.0000061064	4.3211425909E-9	0.0000507500	1.6940658945E-21	5.600	38.300
10/26/2022	9:26 PM	0.1496103700	38.200	28.000	30.000	0.0000010000	0.0000061126	6.5701008332E-9	0.0000507000	1.6940658945E-21	5.600	38.300
10/26/2022	9:27 PM	0.1546392900	38.200	28.000	30.000	0.0000010000	0.0000061084	6.0962740956E-9	0.0000507000	1.6940658945E-21	5.600	38.300
10/26/2022	9:27 PM	0.1596682100	38.200	28.000	30.000	0.0000010000	0.0000061164	6.2586295223E-9	0.0000507400	1.0000000000E-8	5.600	38.300
10/26/2022	9:28 PM	0.1646971300	38.200	28.000	30.000	0.0000010000	0.0000061167	3.2466209857E-9	0.0000507100	1.0000000000E-8	5.600	38.300
10/26/2022	9:29 PM	0.1697260500	38.200	28.000	30.000	0.0000010000	0.0000061087	6.1376204876E-9	0.0000507200	1.2247448714E-8	5.600	38.300
10/26/2022	9:29 PM	0.1747549700	38.200	28.000	30.000	0.0000010000	0.0000061121	4.6353534453E-9	0.0000506800	1.2247448714E-8	5.600	38.300
10/26/2022	9:30 PM	0.1797838900	38.200	28.000	30.000	0.0000010000	0.0000061203	6.9684394302E-9	0.0000507400	1.0000000000E-8	5.600	38.300
10/26/2022	9:31 PM	0.1848128100	38.200	28.000	30.000	0.0000010000	0.0000061118	3.1381793838E-9	0.0000506900	1.0000000000E-8	5.600	38.300
10/26/2022	9:31 PM	0.1898417300	38.200	28.000	30.000	0.0000010000	0.0000061099	4.0662161213E-9	0.0000506600	1.0000000000E-8	5.600	38.300
10/26/2022	9:32 PM	0.1948706500	38.200	28.000	30.000	0.0000010000	0.0000061176	8.8466876677E-9	0.0000506200	4.1402208188E-8	5.600	38.300
10/26/2022	9:33 PM	0.1998995700	38.200	28.000	30.000	0.0000010000	0.0000061173	6.3715710338E-9	0.0000507400	1.0000000000E-8	5.600	38.300
10/26/2022	9:33 PM	0.2049284900	38.200	28.000	30.000	0.0000010000	0.0000061235	9.2412148577E-9	0.0000507500	1.6940658945E-21	5.600	38.300
10/26/2022	9:34 PM	0.2099574100	38.200	28.000	30.000	0.0000010000	0.0000061220	4.9829207625E-9	0.0000507200	2.0000000000E-8	5.600	38.300
10/26/2022	9:35 PM	0.2149863300	38.200	28.000	30.000	0.0000010000	0.0000061204	5.4340093616E-9	0.0000506400	1.0000000000E-8	5.600	38.300
10/26/2022	9:35 PM	0.2200152500	38.200	28.000	30.000	0.0000010000	0.0000061215	7.1332464112E-9	0.0000507500	1.6940658945E-21	5.600	38.300
10/26/2022	9:36 PM	0.2250441700	38.200	28.000	29.999	0.0000010000	0.0000061170	7.5124184939E-9	0.0000506600	1.0000000000E-8	5.600	38.300
10/26/2022	9:37 PM	0.2300730900	38.200	28.000	30.000	0.0000010000	0.0000061123	5.7060898822E-9	0.0000506900	1.0000000000E-8	5.600	38.300
10/26/2022	9:37 PM	0.2351020100	38.200	28.000	30.000	0.0000010000	0.0000061287	4.9396854374E-9	0.0000507300	1.2247448714E-8	5.600	38.300
10/26/2022	9:38 PM	0.2401309300	38.200	28.000	30.001	0.0000010000	0.0000061231	7.3131396110E-9	0.0000507400	1.0000000000E-8	5.600	38.300
10/26/2022	9:39 PM	0.2451598500	38.200	28.000	30.000	0.0000010000	0.0000061321	6.4043532307E-9	0.0000507200	1.2247448714E-8	5.600	38.300
10/26/2022	9:39 PM	0.2501887700	38.200	28.000	30.000	0.0000010000	0.0000061187	5.8872793279E-9	0.0000507200	2.2247448714E-8	5.600	38.200
10/26/2022	9:40 PM	0.2552176900	38.200	28.000	30.000	0.0000010000	0.0000061248	5.5183810521E-9	0.0000507000	1.6940658945E-21	5.600	38.300
10/26/2022	9:41 PM	0.2602466100	38.200	28.000	30.000	0.0000010000	0.0000061256	5.2544929879E-9	0.0000507100	1.0000000000E-8	5.600	38.300
10/26/2022	9:41 PM	0.2652755300	38.200	28.000	30.000	0.0000010000	0.0000061263	5.8767520386E-9	0.0000505200	7.6278691088E-8	5.600	38.300
10/26/2022	9:42 PM	0.2703044500	38.200	28.000	30.000	0.0000010000	0.0000061217	4.4447337065E-9	0.0000507000	1.6940658945E-21	5.600	38.300
10/26/2022	9:43 PM	0.2753333700	38.200	28.000	30.000	0.0000010000	0.0000061267	6.6391688032E-9	0.0000502100	1.3910427743E-7	5.600	38.300
10/26/2022	9:43 PM	0.2803622900	38.200	28.000	30.000	0.0000010000	0.0000061147	5.8749402360E-9	0.0000507000	1.6940658945E-21	5.600	38.300
10/26/2022	9:44 PM	0.2853912100	38.200	28.000	30.000	0.0000010000	0.0000061075	4.0781284464E-9	0.0000507500	1.6940658945E-21	5.600	38.300
10/26/2022	9:45 PM	0.2904201300	38.200	28.000	30.000	0.0000010000	0.0000061170	5.8568735164E-9	0.0000507300	1.2247448714E-8	5.500	38.300
10/26/2022	9:45 PM	0.2954490500	38.200	28.000	30.000	0.0000010000	0.0000061232	6.4368900245E-9	0.0000507100	2.2247448714E-8	5.500	38.200
10/26/2022	9:46 PM	0.3004779700	38.200	28.000	30.000	0.0000010000	0.0000061286	5.1167162847E-9	0.0000506800	2.0000000000E-8	5.500	38.200
10/26/2022	9:47 PM	0.1998995700	38.200	28.000	30.000	0.0000010000	0.0000061228	4.2187540589E-9	0.0000505600	5.0620192023E-8	5.500	38.300
10/26/2022	9:48 PM	0.1005784000	38.200	28.000	30.000	0.0000010000	0.0000061218	6.7863243102E-9	0.0000507000	1.6940658945E-21	5.500	38.200
10/26/2022	9:48 PM	0.0502892000	38.200	28.000	30.000	0.0000010000	0.0000061218	5.7534572764E-9	0.0000507200	1.2247448714E-8	5.500	38.300
10/26/2022	9:49 PM	0.0452602800	38.200	28.000	30.000	0.0000010000	0.0000061294	7.5875323849E-9	0.0000507000	1.6940658945E-21	5.500	38.300
10/26/2022	9:50 PM	0.0402313600	38.200	28.000	30.000	0.0000010000	0.0000061248	4.2641586708E-9	0.0000507000	1.6940658945E-21	5.500	38.300
10/26/2022	9:50 PM	0.0352024400	38.200	28.000	30.000	0.0000010000	0.0000061219	6.4607811642E-9	0.0000507000	1.6940658945E-21	5.500	38.300
10/26/2022	9:51 PM	0.0301735200	38.200	28.000	30.000	0.0000010000	0.0000061265	6.4499647411E-9	0.0000507000	1.6940658945E-21	5.500	38.200
10/26/2022	9:52 PM	0.0251446000	38.200	28.000	30.000	0.0000010000	0.0000061212	4.0232906788E-9	0.0000507100	1.0000000000E-8	5.500	38.300
10/26/2022	9:52 PM	0.0201156800	38.200	28.000	30.001	0.0000010000	0.0000061145	4.2673656187E-9	0.0000507300	1.2247448714E-8	5.500	38.300
10/26/2022	9:53 PM	0.0150867600	38.200	28.000	30.000	0.0000010000	0.0000061137	8.2663433582E-9	0.0000507400	1.0000000000E-8	5.500	38.200
10/26/2022	9:54 PM	0.0100578400	38.200	28.000	30.000	0.0000010000	0.0000061239	3.0503015922E-9	0.0000504800	6.9256219969E-8	5.500	38.200
10/26/2022	9:54 PM	0.0050289200	38.200	28.000	30.000	0.0000010000	0.0000061269	6.2808630954E-9	0.0000506300	1.2247448714E-8	5.500	38.200
10/26/2022	9:55 PM	0.0000000000	38.200	28.000	30.000	0.0000010000	0.0000061126	5.1015894986E-9	0.0000504100	7.4833147735E-8	5.500	38.300
10/26/2022	9:56 PM	-0.0050289200	38.200	28.000	30.000	0.0000010000	0.0000061247	4.1826129723E-9	0.0000506700	1.2247448714E-8	5.500	38.200
10/26/2022	9:56 PM	-0.0100578400	38.200	28.000	30.000	0.0000010000	0.0000061260	5.0834601585E-9	0.0000506500	1.6940658945E-21	5.500	38.200
10/26/2022	9:57 PM	-0.0150867600	38.200	28.000	30.000	0.0000010000	0.0000061200	4.8896973995E-9	0.0000507100	1.0000000000E-8	5.500	38.200
10/26/2022	9:58 PM	-0.0201156800	38.200	28.000	30.000	0.0000010000	0.0000061273	6.1706152070E-9	0.0000507200	1.2247448714E-8	5.500	38.200
10/26/2022	9:58 PM	-0.0251446000	38.200	28.000	30.000	0.0000010000	0.0000061241	6.7393343014E-9	0.0000507000	1.6940658945E-21	5.500	38.200
10/26/2022	9:59 PM	-0.0301735200	38.200	28.000	30.000	0.0000010000	0.0000061267	7.8431514437E-9	0.0000507200	1.2247448714E-8	5.500	38.200
10/26/2022	10:00 PM	-0.0352024400	38.200	28.000	30.000	0.0000010000	0.0000061203	4.0058122046E-9	0.0000506700	1.2247448714E-8	5.500	38.200
10/26/2022	10:00 PM	-0.0402313600	38.200	28.000	30.000	0.0000010000	0.0000061312	5.5310968712E-9	0.0000505900	2.9154759474E-8	5.500	38.200
10/26/2022	10:01 PM	-0.0452602800	38.200	28.000	30.000	0.0000010000	0.0000061250	5.7713705803E-9	0.0000507600	2.2247448714E-8	5.500	38.200
10/26/2022	10:02 PM	-0.0502892000	38.200	28.000	30.000	0.0000010000	0.0000061291	1.6186562863E-9	0.0000507000	1.6940658945E-21	5.400	38.200
10/26/2022	10:02 PM	-0.0553181200	38.200	28.000	30.000	0.0000010000	0.0000061198	9.3302927785E-9	0.0000507100	2.4494897428E-8	5.400	38.200
10/26/2022	10:03 PM	-0.0603470400	38.200	28.000	30.000	0.0000010000	0.0000061155	5.7950480766E-9	0.0000507100	1.0000000000E-8	5.400	38.200
10/26/2022	10:04 PM	-0.0653759600	38.200	28.000	29.999	0.0000010000	0.0000061240	5.7998993525E-9	0.0000506900	1.0000000000E-8	5.400	38.200
10/26/2022	10:04 PM	-0.0704048800	38.200	28.000	30.000	0.0000010000	0.0000061334	6.4683351313E-9	0.0000506800	1.2247448714E-8	5.400	38.200
10/26/2022	10:05 PM	-0.0754338000	38.200	28.000	30.000	0.0000010000	0.0000061256	1.9825603423E-9	0.0000507200	2.0000000000E-8	5.400	38.200
10/26/2022	10:06 PM	-0.0804627200	38.200	28.000	30.000	0.0000010000	0.0000061309	5.5184384264E-9	0.0000507100	1.0000000000E-8	5.400	38.200
10/26/2022	10:07 PM	-0.0854916400	38.200	28.000	30.000	0.0000010000	0.0000053312	1.3505396614E-7	0.0000507000	1.6940658945E-21	5.400	38.200
10/26/2022	10:07 PM	-0.0905205600	38.200	28.000	30.000	0.0000010000	0.0000048081	5.5615249328E-9	0.0000507000	1.6940658945E-21	5.400	38.200
10/26/2022	10:08 PM	-0.0955494800	38.200	28.000	30.000	0.0000010000	0.0000047951	4.3376310513E-9	0.0000504900	6.4031242374E-8	5.400	38.200
10/26/2022	10:09 PM	-0.1005784000	38.200	28.000	30.000	0.0000010000	0.0000048066	5.3551446137E-9	0.0000507100	1.0000000000E-8	5.400	38.200
10/26/2022	10:09 PM	-0.1056073200	38.200	28.000	30.001	0.0000010000	0.0000048061	7.6441643328E-9	0.0000506500	1.6940658945E-21	5.400	38.200
10/26/2022	10:10 PM	-0.1093790100	38.200	28.000	30.000	0.0000010000	0.0000048104	6.1136037961E-9	0.0000506800	1.2247448714E-8	5.400	38.200
