! User Name:	Aditya 
! Sample Name:	FGT_CPS_Device 2_FCf290K_P8T
! Sample ID:	FGT/CrPS4
! Date:	5/25/2022	Time:	4:53 PM
! Current Source:	Keithley 224 Current Source
! Voltmeter V1:	Keithley 182 Degital voltmeter
! Voltmeter V2:	Keithley 2182A  NanoVoltmeter
! V1 (volts):	Rxx Device 1
! V2 (volts):	Rxy Device 1
! Max Field (Tesla):0.000000	! Data points (0_maxT:75.000000	! Average Number:5.000000	
! Comments:	FGT/CrPS4 device was made in glove using flaking and dry transfering of flakes. 
! 
! 
! 
! 
Data	Time	Magnetic Field (T)	Helium Level (%)	VTI Temperature (K)	Sample Temparture (K)	Current (A) 	Voltage-1(V)	Std. of V1	Voltage-2 (V)	Std. of V2	VTI  Heater Power (%)	Sample Heater Power (%)
5/25/2022	4:55 PM	0.1005784000	52.000	52.780	54.994	0.0000010000	-0.0000123041	3.5191040678E-9	0.0000231047	9.1203127704E-10	6.700	27.800
5/25/2022	4:56 PM	0.0955494800	41.100	98.010	99.999	0.0000010000	-0.0000123085	9.9925313165E-9	0.0000231122	8.9206987131E-10	14.800	38.400
5/25/2022	4:56 PM	0.0905205600	41.100	98.000	99.999	0.0000010000	-0.0000123089	6.0758261139E-9	0.0000230926	4.4966147775E-10	14.800	38.400
5/25/2022	4:57 PM	0.0854916400	41.100	98.010	99.999	0.0000010000	-0.0000123053	5.5808073761E-9	0.0000231060	4.9664022582E-10	14.800	38.400
5/25/2022	4:58 PM	0.0804627200	41.100	98.010	100.000	0.0000010000	-0.0000123135	6.2116744329E-9	0.0000230701	2.0013430746E-9	14.800	38.400
5/25/2022	4:58 PM	0.0754338000	41.100	98.010	99.999	0.0000010000	-0.0000123070	4.2647693434E-9	0.0000230901	7.8880488828E-10	14.800	38.400
5/25/2022	4:59 PM	0.0704048800	41.100	98.010	100.000	0.0000010000	-0.0000123122	7.7055056803E-9	0.0000230949	6.8506723903E-10	14.800	38.500
5/25/2022	5:00 PM	0.0653759600	41.100	98.010	100.000	0.0000010000	-0.0000122947	7.0704815754E-9	0.0000230909	1.1039416252E-9	14.700	38.400
5/25/2022	5:00 PM	0.0603470400	41.100	98.010	100.000	0.0000010000	-0.0000123172	4.3405872461E-9	0.0000230726	1.2110515400E-9	14.700	38.500
5/25/2022	5:01 PM	0.0553181200	41.100	98.010	100.000	0.0000010000	-0.0000123034	8.1585425592E-9	0.0000230971	3.0955735648E-10	14.700	38.400
5/25/2022	5:02 PM	0.0502892000	41.100	98.010	100.000	0.0000010000	-0.0000123167	4.3698959323E-9	0.0000230732	1.2847679857E-9	14.700	38.400
5/25/2022	5:02 PM	0.0452602800	41.100	98.010	99.999	0.0000010000	-0.0000123076	3.9787791269E-9	0.0000230849	3.5495097568E-10	14.700	38.500
5/25/2022	5:03 PM	0.0402313600	41.100	98.010	100.000	0.0000010000	-0.0000123119	7.0118696961E-9	0.0000230701	1.4149090930E-9	14.700	38.500
5/25/2022	5:04 PM	0.0352024400	41.100	98.010	99.998	0.0000010000	-0.0000123133	5.1991162735E-9	0.0000231019	1.6276472679E-9	14.700	38.500
5/25/2022	5:04 PM	0.0301735200	41.100	98.010	100.000	0.0000010000	-0.0000123168	5.2524137671E-9	0.0000230851	2.9154759474E-10	14.700	38.500
5/25/2022	5:05 PM	0.0251446000	41.100	98.010	99.999	0.0000010000	-0.0000123128	5.6429897626E-9	0.0000230901	5.6368092477E-10	14.600	38.500
5/25/2022	5:06 PM	0.0201156800	41.100	98.010	100.000	0.0000010000	-0.0000122959	7.5365120132E-9	0.0000231221	1.1812006585E-9	14.600	38.500
5/25/2022	5:06 PM	0.0150867600	41.100	98.010	100.000	0.0000010000	-0.0000123164	3.3692275053E-9	0.0000230918	3.5495097568E-10	14.600	38.500
5/25/2022	5:07 PM	0.0100578400	41.100	98.010	100.000	0.0000010000	-0.0000123053	4.7151039392E-9	0.0000230857	1.2549509757E-9	14.600	38.500
5/25/2022	5:08 PM	0.0050289200	41.100	98.010	100.000	0.0000010000	-0.0000123074	5.7797300484E-9	0.0000230835	8.3597923345E-10	14.600	38.500
5/25/2022	5:08 PM	0.0000000000	41.100	98.010	100.000	0.0000010000	-0.0000123212	2.7598088196E-9	0.0000230990	7.2093678194E-10	14.600	38.600
5/25/2022	5:09 PM	-0.0050289200	41.100	98.010	100.000	0.0000010000	-0.0000123037	8.3966984657E-9	0.0000230881	9.9247166206E-10	14.600	38.600
5/25/2022	5:10 PM	-0.0100578400	41.100	98.010	100.000	0.0000010000	-0.0000123208	5.1058153195E-9	0.0000230940	4.0000000000E-10	14.600	38.600
5/25/2022	5:10 PM	-0.0150867600	41.100	98.010	99.999	0.0000010000	-0.0000123094	5.1603163593E-9	0.0000230890	1.0112939289E-9	14.600	38.600
5/25/2022	5:11 PM	-0.0201156800	41.100	98.010	100.000	0.0000010000	-0.0000123055	9.9156791928E-9	0.0000230478	1.8827736030E-9	14.600	38.600
5/25/2022	5:11 PM	-0.0251446000	41.100	98.010	100.000	0.0000010000	-0.0000123246	7.4536947765E-9	0.0000231096	3.2360679775E-10	14.500	38.600
5/25/2022	5:12 PM	-0.0301735200	41.100	98.010	100.000	0.0000010000	-0.0000123163	3.8224788961E-9	0.0000230894	1.6868267677E-9	14.500	38.600
5/25/2022	5:13 PM	-0.0352024400	41.100	98.010	100.000	0.0000010000	-0.0000123048	6.3126380675E-9	0.0000231102	3.5495097568E-10	14.500	38.600
5/25/2022	5:13 PM	-0.0402313600	41.100	98.010	100.000	0.0000010000	-0.0000123139	6.7205293858E-9	0.0000231100	7.4031242374E-10	14.500	38.600
5/25/2022	5:14 PM	-0.0452602800	41.100	98.010	100.000	0.0000010000	-0.0000123128	5.9976281248E-9	0.0000230924	2.2247448714E-10	14.500	38.600
5/25/2022	5:15 PM	-0.0502892000	41.100	98.010	100.000	0.0000010000	-0.0000123178	3.2668369375E-9	0.0000230824	8.3804616516E-10	14.500	38.500
5/25/2022	5:15 PM	-0.0553181200	41.100	98.010	99.999	0.0000010000	-0.0000123271	5.1464887365E-9	0.0000230776	7.3851648071E-10	14.500	38.700
5/25/2022	5:16 PM	-0.0603470400	42.000	98.010	99.999	0.0000010000	-0.0000123010	5.4366782022E-9	0.0000231066	5.7416573868E-10	14.500	38.600
5/25/2022	5:17 PM	-0.0653759600	42.000	98.010	100.000	0.0000010000	-0.0000123072	7.2018916013E-9	0.0000230889	5.5259075049E-10	14.500	38.600
5/25/2022	5:17 PM	-0.0704048800	42.000	98.000	100.000	0.0000010000	-0.0000123127	5.2125203561E-9	0.0000231077	4.7602787773E-10	14.500	38.600
5/25/2022	5:18 PM	-0.0754338000	42.000	98.000	100.000	0.0000010000	-0.0000123120	3.1306360635E-9	0.0000231019	1.7870469179E-9	14.500	38.600
5/25/2022	5:18 PM	-0.0804627200	42.000	98.000	100.000	0.0000010000	-0.0000123008	7.7143449378E-9	0.0000231085	1.0839741694E-9	14.500	38.600
5/25/2022	5:19 PM	-0.0854916400	42.000	98.010	100.000	0.0000010000	-0.0000133823	8.4900750475E-9	0.0000220099	3.7742546282E-10	14.400	38.600
5/25/2022	5:20 PM	-0.0905205600	42.000	98.010	100.000	0.0000010000	-0.0000134037	5.6952175604E-9	0.0000220258	9.5012175500E-10	14.400	38.600
5/25/2022	5:20 PM	-0.0955494800	42.000	98.000	100.000	0.0000010000	-0.0000133903	4.6872282646E-9	0.0000220089	5.6368092478E-10	14.400	38.600
5/25/2022	5:21 PM	-0.1005784000	42.000	98.010	100.000	0.0000010000	-0.0000134035	8.3616826647E-9	0.0000220031	6.4510098534E-10	14.400	38.600
5/25/2022	5:22 PM	-0.1005784000	42.000	98.010	100.000	0.0000010000	-0.0000134020	6.4512040111E-9	0.0000220271	4.1402208188E-10	14.400	38.700
5/25/2022	5:22 PM	-0.0955494800	42.000	98.000	100.000	0.0000010000	-0.0000134012	6.7626092799E-9	0.0000219952	7.3911649916E-10	14.400	38.700
5/25/2022	5:23 PM	-0.0905205600	42.000	98.010	99.999	0.0000010000	-0.0000133808	6.0294809335E-9	0.0000220098	9.1547532151E-10	14.400	38.700
5/25/2022	5:24 PM	-0.0854916400	42.000	98.010	100.000	0.0000010000	-0.0000134018	5.8256617066E-9	0.0000219952	1.3849977244E-9	14.400	38.700
5/25/2022	5:24 PM	-0.0804627200	42.000	98.010	100.000	0.0000010000	-0.0000134058	5.9320989814E-9	0.0000220095	7.8036765891E-10	14.400	38.700
5/25/2022	5:25 PM	-0.0754338000	42.000	98.000	99.999	0.0000010000	-0.0000134224	1.0730872589E-8	0.0000220084	6.2048368230E-10	14.400	38.700
5/25/2022	5:26 PM	-0.0704048800	42.000	98.010	100.000	0.0000010000	-0.0000134012	8.8053927902E-9	0.0000220200	3.5355339059E-10	14.400	38.700
5/25/2022	5:26 PM	-0.0653759600	42.000	98.010	100.000	0.0000010000	-0.0000133999	7.9827963700E-9	0.0000220077	5.8309518948E-10	14.400	38.700
5/25/2022	5:27 PM	-0.0603470400	42.000	98.010	100.000	0.0000010000	-0.0000133749	7.7774701305E-9	0.0000220170	1.0147301372E-9	14.300	38.600
5/25/2022	5:27 PM	-0.0553181200	42.000	98.010	100.000	0.0000010000	-0.0000133816	6.1996643881E-9	0.0000220295	5.2867640737E-10	14.300	38.700
5/25/2022	5:28 PM	-0.0502892000	42.000	98.000	100.000	0.0000010000	-0.0000133946	1.3589634306E-8	0.0000220244	4.5495097568E-10	14.300	38.700
5/25/2022	5:29 PM	-0.0452602800	42.000	98.010	100.000	0.0000010000	-0.0000134068	6.4280407415E-9	0.0000219892	2.7768932153E-9	14.300	38.700
5/25/2022	5:29 PM	-0.0402313600	42.000	98.000	100.000	0.0000010000	-0.0000133885	7.0879396974E-9	0.0000220004	1.3007301942E-9	14.300	38.700
5/25/2022	5:30 PM	-0.0352024400	42.000	98.010	100.000	0.0000010000	-0.0000133963	9.5048124324E-9	0.0000220145	5.8615541191E-10	14.300	38.700
5/25/2022	5:31 PM	-0.0301735200	42.000	98.010	100.000	0.0000010000	-0.0000133903	7.5140468461E-9	0.0000220170	6.9154759474E-10	14.300	38.700
5/25/2022	5:31 PM	-0.0251446000	42.000	98.010	100.000	0.0000010000	-0.0000133963	5.5406348507E-9	0.0000220297	6.7185085508E-10	14.300	38.700
5/25/2022	5:32 PM	-0.0201156800	42.000	98.000	100.000	0.0000010000	-0.0000133747	5.9021435049E-9	0.0000220199	6.4510098534E-10	14.300	38.700
5/25/2022	5:33 PM	-0.0150867600	42.000	98.010	100.000	0.0000010000	-0.0000133769	6.8151643223E-9	0.0000220011	1.5459885647E-9	14.300	38.600
5/25/2022	5:33 PM	-0.0100578400	42.000	98.010	100.000	0.0000010000	-0.0000133975	6.2815546243E-9	0.0000220299	8.1763500472E-10	14.300	38.700
5/25/2022	5:34 PM	-0.0050289200	42.000	98.000	99.999	0.0000010000	-0.0000133851	4.4189778986E-9	0.0000220185	6.2911671436E-10	14.300	38.700
5/25/2022	5:35 PM	0.0000000000	42.000	98.010	99.999	0.0000010000	-0.0000133955	5.4902821276E-9	0.0000220173	5.6368092477E-10	14.200	38.700
5/25/2022	5:35 PM	0.0050289200	42.000	98.010	100.000	0.0000010000	-0.0000133900	7.1278266932E-9	0.0000220105	9.5738604717E-10	14.200	38.700
5/25/2022	5:36 PM	0.0100578400	42.000	98.010	99.998	0.0000010000	-0.0000133825	7.0160161703E-9	0.0000220430	1.4685702426E-9	14.200	38.700
5/25/2022	5:36 PM	0.0150867600	42.000	98.000	100.000	0.0000010000	-0.0000133681	6.8362463728E-9	0.0000220220	8.8190908485E-10	14.200	38.600
5/25/2022	5:37 PM	0.0201156800	42.000	98.000	100.000	0.0000010000	-0.0000128895	6.2660978761E-9	0.0000223845	1.2245228722E-9	14.200	38.700
5/25/2022	5:38 PM	0.0251446000	42.000	98.010	100.000	0.0000010000	-0.0000126127	6.3687631627E-9	0.0000227470	2.4494897428E-10	14.200	38.800
5/25/2022	5:38 PM	0.0301735200	42.000	98.010	100.000	0.0000010000	-0.0000125159	4.8352191890E-9	0.0000229283	1.3424287749E-9	14.200	38.700
5/25/2022	5:39 PM	0.0352024400	42.000	98.000	99.999	0.0000010000	-0.0000124430	8.3573749029E-9	0.0000229819	6.0777536076E-10	14.200	38.700
5/25/2022	5:40 PM	0.0402313600	42.000	98.000	99.999	0.0000010000	-0.0000123821	9.4305506682E-9	0.0000230178	6.1478150705E-10	14.200	38.700
5/25/2022	5:40 PM	0.0452602800	42.000	98.010	99.999	0.0000010000	-0.0000123587	5.4233996202E-9	0.0000230365	1.1741663363E-9	14.200	38.700
5/25/2022	5:41 PM	0.0502892000	42.000	98.010	99.999	0.0000010000	-0.0000123567	7.6914836855E-9	0.0000230477	8.6899195419E-10	14.200	38.700
5/25/2022	5:42 PM	0.0553181200	42.000	98.010	99.999	0.0000010000	-0.0000123510	6.4819496618E-9	0.0000230363	1.9183149979E-9	14.200	38.800
5/25/2022	5:42 PM	0.0603470400	42.000	98.000	100.000	0.0000010000	-0.0000123421	4.3349002980E-9	0.0000230521	9.1827593375E-10	14.100	38.800
5/25/2022	5:43 PM	0.0653759600	42.000	98.000	100.000	0.0000010000	-0.0000123343	6.2143207243E-9	0.0000230668	4.7602787773E-10	14.100	38.700
5/25/2022	5:44 PM	0.0704048800	42.000	98.010	100.000	0.0000010000	-0.0000123351	7.0196488740E-9	0.0000230784	2.2247448714E-10	14.100	38.800
5/25/2022	5:44 PM	0.0754338000	42.000	98.010	100.000	0.0000010000	-0.0000123244	4.7368688832E-9	0.0000230614	7.8036765891E-10	14.100	38.700
5/25/2022	5:45 PM	0.0804627200	42.000	98.000	99.999	0.0000010000	-0.0000123418	7.2118385890E-9	0.0000230872	6.6332495807E-10	14.100	38.800
5/25/2022	5:46 PM	0.0854916400	42.000	98.000	100.000	0.0000010000	-0.0000123409	4.0858264682E-9	0.0000230776	4.1402208188E-10	14.100	38.700
5/25/2022	5:46 PM	0.0905205600	42.000	98.010	99.999	0.0000010000	-0.0000123223	4.9871665430E-9	0.0000230770	1.0054736311E-9	14.100	38.800
5/25/2022	5:47 PM	0.0955494800	42.000	98.010	100.000	0.0000010000	-0.0000123247	4.0588343864E-9	0.0000230646	1.4677077168E-9	14.100	38.800
5/25/2022	5:48 PM	0.1005784000	42.000	98.000	99.999	0.0000010000	-0.0000123202	5.5728807721E-9	0.0000230875	6.6099096785E-10	14.100	38.800
