! User Name:	Aditya 
! Sample Name:	FGT_CPS_Device 2_FCf290K_P8T
! Sample ID:	FGT/CrPS4
! Date:	5/26/2022	Time:	6:45 PM
! Current Source:	Keithley 224 Current Source
! Voltmeter V1:	Keithley 182 Degital voltmeter
! Voltmeter V2:	Keithley 2182A  NanoVoltmeter
! V1 (volts):	Rxx Device 1
! V2 (volts):	Rxy Device 1
! Max Field (Tesla):0.000000	! Data points (0_maxT:75.000000	! Average Number:5.000000	
! Comments:	FGT/CrPS4 device was made in glove using flaking and dry transfering of flakes. 
! 
! 
! 
! 
Data	Time	Magnetic Field (T)	Helium Level (%)	VTI Temperature (K)	Sample Temparture (K)	Current (A) 	Voltage-1(V)	Std. of V1	Voltage-2 (V)	Std. of V2	VTI  Heater Power (%)	Sample Heater Power (%)
5/26/2022	6:47 PM	0.3495099400	52.000	52.780	54.994	0.0000010000	-0.0000116607	6.0532953697E-9	0.0000264316	4.3011626335E-10	6.700	27.800
5/26/2022	6:48 PM	0.3444810200	100.200	58.000	59.999	0.0000010000	-0.0000116411	4.8817179662E-9	0.0000264485	2.8708286934E-10	11.900	31.900
5/26/2022	6:49 PM	0.3394521000	100.200	58.000	60.000	0.0000010000	-0.0000116282	7.7678474551E-9	0.0000264503	8.3006407546E-10	11.900	31.900
5/26/2022	6:49 PM	0.3344231800	100.200	58.000	60.000	0.0000010000	-0.0000116472	5.5226873529E-9	0.0000264324	8.9418965053E-10	11.900	31.900
5/26/2022	6:50 PM	0.3293942600	100.200	58.000	59.999	0.0000010000	-0.0000116519	2.7113648641E-9	0.0000264235	9.9466993710E-10	11.900	32.000
5/26/2022	6:51 PM	0.3243653400	100.200	58.000	60.000	0.0000010000	-0.0000116377	2.4875620768E-9	0.0000264347	1.0759023111E-9	11.900	32.000
5/26/2022	6:51 PM	0.3193364200	100.200	58.000	60.000	0.0000010000	-0.0000116519	6.0019294471E-9	0.0000264297	1.1712833353E-9	11.900	32.000
5/26/2022	6:52 PM	0.3143075000	100.200	58.000	60.000	0.0000010000	-0.0000116374	4.8874463347E-9	0.0000264442	6.3011626335E-10	11.900	32.000
5/26/2022	6:53 PM	0.3092785800	100.200	58.000	59.999	0.0000010000	-0.0000116507	5.4169750028E-9	0.0000264299	1.3403564429E-9	11.900	32.000
5/26/2022	6:53 PM	0.3042496600	100.200	58.000	60.000	0.0000010000	-0.0000116254	5.7727739869E-9	0.0000264415	4.4721359550E-10	11.900	32.000
5/26/2022	6:54 PM	0.2992207400	100.200	58.000	59.999	0.0000010000	-0.0000116464	5.2445514061E-9	0.0000264290	7.9369451030E-10	11.900	32.100
5/26/2022	6:55 PM	0.2941918200	100.200	58.000	59.999	0.0000010000	-0.0000116384	9.8081894255E-9	0.0000264643	1.5620499352E-9	11.900	32.100
5/26/2022	6:55 PM	0.2891629000	100.200	58.000	60.000	0.0000010000	-0.0000116286	7.7742479620E-9	0.0000264141	2.8122700184E-9	11.900	32.100
5/26/2022	6:56 PM	0.2841339800	100.200	58.000	60.000	0.0000010000	-0.0000116480	6.1161327985E-9	0.0000264335	7.0710678119E-10	11.900	32.100
5/26/2022	6:56 PM	0.2791050600	100.200	58.000	60.000	0.0000010000	-0.0000116319	5.7472314676E-9	0.0000264425	1.2874376733E-9	11.900	32.100
5/26/2022	6:57 PM	0.2740761400	100.200	58.000	60.000	0.0000010000	-0.0000116390	4.7627531749E-9	0.0000264451	3.0955735648E-10	11.900	32.100
5/26/2022	6:58 PM	0.2690472200	100.200	58.000	60.000	0.0000010000	-0.0000116289	6.4194288435E-9	0.0000264399	1.3355892406E-9	11.900	32.100
5/26/2022	6:58 PM	0.2640183000	100.200	58.000	60.000	0.0000010000	-0.0000116451	5.9860050411E-9	0.0000264505	7.4031242374E-10	11.900	32.100
5/26/2022	6:59 PM	0.2589893800	100.200	58.000	60.000	0.0000010000	-0.0000116358	4.6183299318E-9	0.0000264368	1.1655859670E-9	11.900	32.200
5/26/2022	7:00 PM	0.2539604600	100.200	58.000	60.000	0.0000010000	-0.0000116347	5.4040759895E-9	0.0000264585	6.6368092477E-10	11.900	32.200
5/26/2022	7:00 PM	0.2489315400	100.200	58.000	60.000	0.0000010000	-0.0000116267	4.7863658716E-9	0.0000264382	6.5632839974E-10	11.900	32.200
5/26/2022	7:01 PM	0.2439026200	100.200	58.000	60.000	0.0000010000	-0.0000116412	6.9413361363E-9	0.0000264424	4.5495097568E-10	11.900	32.200
5/26/2022	7:02 PM	0.2388737000	100.200	58.000	60.000	0.0000010000	-0.0000116341	7.6292875218E-9	0.0000264360	7.2048368230E-10	11.900	32.200
5/26/2022	7:02 PM	0.2338447800	100.200	58.000	60.000	0.0000010000	-0.0000116360	9.8056013951E-9	0.0000264383	1.1039933485E-9	11.900	32.200
5/26/2022	7:03 PM	0.2288158600	100.200	58.000	60.000	0.0000010000	-0.0000116120	8.2504373041E-9	0.0000264076	3.4036744850E-9	11.900	32.200
5/26/2022	7:04 PM	0.2237869400	100.200	58.000	60.000	0.0000010000	-0.0000116413	1.2245146300E-8	0.0000264435	9.3186001849E-10	11.900	32.300
5/26/2022	7:04 PM	0.2187580200	100.200	58.000	60.000	0.0000010000	-0.0000116438	8.3367153314E-9	0.0000264390	7.2093678194E-10	11.900	32.300
5/26/2022	7:05 PM	0.2137291000	100.200	58.000	60.000	0.0000010000	-0.0000116488	1.5081171918E-8	0.0000264360	9.1268221939E-10	11.900	32.200
5/26/2022	7:05 PM	0.2087001800	100.200	58.000	59.999	0.0000010000	-0.0000116382	4.9166936661E-9	0.0000264287	8.9932295550E-10	11.900	32.300
5/26/2022	7:06 PM	0.2036712600	100.200	58.000	59.999	0.0000010000	-0.0000116455	9.7016870757E-9	0.0000264500	3.9154759474E-10	11.900	32.300
5/26/2022	7:07 PM	0.1986423400	100.200	58.000	60.000	0.0000010000	-0.0000116238	9.1743315146E-9	0.0000264410	9.2736184955E-10	11.900	32.300
5/26/2022	7:07 PM	0.1936134200	100.200	58.000	60.000	0.0000010000	-0.0000116301	7.9397522932E-9	0.0000264514	6.4510098534E-10	11.900	32.300
5/26/2022	7:08 PM	0.1885845000	100.200	58.000	60.000	0.0000010000	-0.0000116348	1.0882276942E-8	0.0000264054	4.2497381051E-9	11.900	32.300
5/26/2022	7:09 PM	0.1835555800	100.200	58.000	59.999	0.0000010000	-0.0000116366	6.8672309523E-9	0.0000264193	1.7703293088E-9	11.900	32.300
5/26/2022	7:09 PM	0.1785266600	100.200	58.000	60.000	0.0000010000	-0.0000116258	8.1293504219E-9	0.0000264446	1.7153767103E-9	11.900	32.300
5/26/2022	7:10 PM	0.1734977400	100.200	58.000	60.000	0.0000010000	-0.0000116495	4.5984924323E-9	0.0000264291	1.0002039759E-9	11.900	32.300
5/26/2022	7:11 PM	0.1684688200	100.200	58.000	60.000	0.0000010000	-0.0000116422	3.3723951859E-9	0.0000264355	8.0076698609E-10	11.900	32.300
5/26/2022	7:11 PM	0.1634399000	100.200	58.000	60.000	0.0000010000	-0.0000116591	6.8582004118E-9	0.0000264406	8.2048368230E-10	11.900	32.300
5/26/2022	7:12 PM	0.1584109800	100.200	58.000	60.000	0.0000010000	-0.0000116420	3.9825008839E-9	0.0000264383	8.9526339942E-10	11.900	32.300
5/26/2022	7:13 PM	0.1533820600	100.200	58.000	60.000	0.0000010000	-0.0000116457	7.5072544348E-9	0.0000264391	4.3011626335E-10	11.900	32.400
5/26/2022	7:13 PM	0.1483531400	100.200	58.000	60.000	0.0000010000	-0.0000116433	3.7776736688E-9	0.0000264447	2.8708286934E-10	11.900	32.400
5/26/2022	7:14 PM	0.1433242200	100.200	58.000	60.000	0.0000010000	-0.0000116494	4.7817910864E-9	0.0000263999	4.1647510734E-9	11.900	32.400
5/26/2022	7:14 PM	0.1382953000	100.200	58.000	60.000	0.0000010000	-0.0000116450	4.9536446079E-9	0.0000264400	4.7863046408E-10	11.900	32.400
5/26/2022	7:15 PM	0.1332663800	100.200	58.000	59.999	0.0000010000	-0.0000116609	5.4503115217E-9	0.0000264368	8.4850738770E-10	11.900	32.400
5/26/2022	7:16 PM	0.1282374600	100.200	58.000	60.000	0.0000010000	-0.0000116394	7.2611099753E-9	0.0000264375	5.8476798574E-10	11.900	32.400
5/26/2022	7:16 PM	0.1232085400	100.200	58.000	60.000	0.0000010000	-0.0000116426	8.1454855820E-9	0.0000264580	1.1726039400E-9	11.900	32.400
5/26/2022	7:17 PM	0.1181796200	100.200	58.000	60.000	0.0000010000	-0.0000116493	8.4744070322E-9	0.0000264465	3.9154759474E-10	11.900	32.400
5/26/2022	7:18 PM	0.1131507000	100.200	58.000	60.000	0.0000010000	-0.0000116347	5.2805142797E-9	0.0000264312	7.2559935005E-10	11.900	32.400
5/26/2022	7:18 PM	0.1081217800	100.200	58.000	60.000	0.0000010000	-0.0000116284	5.5232908596E-9	0.0000264201	1.5077441436E-9	11.900	32.400
5/26/2022	7:19 PM	0.1005784000	100.200	58.000	60.000	0.0000010000	-0.0000116460	3.7464220804E-9	0.0000264426	1.5765803390E-9	11.900	32.400
5/26/2022	7:20 PM	0.0502892000	100.200	58.000	60.000	0.0000010000	-0.0000116511	6.5094355434E-9	0.0000264292	9.5012175500E-10	11.900	32.400
5/26/2022	7:20 PM	0.0000000000	100.200	58.000	60.000	0.0000010000	-0.0000116275	4.0237663374E-9	0.0000264416	8.1763500472E-10	11.900	32.400
5/26/2022	7:21 PM	-0.0502892000	100.200	58.000	60.000	0.0000010000	-0.0000116534	8.4901242186E-9	0.0000264607	4.7416573868E-10	11.900	32.400
5/26/2022	7:22 PM	-0.1005784000	100.200	58.000	60.000	0.0000010000	-0.0000116400	6.2169362381E-9	0.0000264423	1.1191948626E-9	11.900	32.400
5/26/2022	7:22 PM	-0.1081217800	100.200	58.000	60.000	0.0000010000	-0.0000116507	2.6376195452E-9	0.0000264488	3.7416573868E-10	11.900	32.500
5/26/2022	7:23 PM	-0.1131507000	100.200	58.000	60.000	0.0000010000	-0.0000116402	6.9559053619E-9	0.0000264397	9.7358920452E-10	11.900	32.500
5/26/2022	7:24 PM	-0.1181796200	100.200	58.000	60.000	0.0000010000	-0.0000116408	7.2192250517E-9	0.0000264602	4.7416573868E-10	11.900	32.500
5/26/2022	7:24 PM	-0.1232085400	100.200	58.000	59.999	0.0000010000	-0.0000116478	7.7677484209E-9	0.0000264292	2.6539360608E-9	11.900	32.500
5/26/2022	7:25 PM	-0.1282374600	100.200	58.000	59.999	0.0000010000	-0.0000116725	8.0033319935E-9	0.0000264395	8.3784666345E-10	11.900	32.500
5/26/2022	7:26 PM	-0.1332663800	100.200	58.000	60.000	0.0000010000	-0.0000116460	6.9123863441E-9	0.0000264334	7.7859756531E-10	11.900	32.500
5/26/2022	7:26 PM	-0.1382953000	100.200	58.000	60.000	0.0000010000	-0.0000116466	6.7109794395E-9	0.0000264333	6.2980871798E-10	11.900	32.500
5/26/2022	7:27 PM	-0.1433242200	100.200	58.000	60.000	0.0000010000	-0.0000116266	5.6283573080E-9	0.0000264402	8.3143694192E-10	11.900	32.500
5/26/2022	7:27 PM	-0.1483531400	100.200	58.000	59.999	0.0000010000	-0.0000116396	8.1768854181E-9	0.0000264310	3.9154759474E-10	11.900	32.500
5/26/2022	7:28 PM	-0.1533820600	100.200	58.000	60.000	0.0000010000	-0.0000116389	5.1585885314E-9	0.0000264493	3.9154759474E-10	11.900	32.500
5/26/2022	7:29 PM	-0.1584109800	100.200	58.000	60.000	0.0000010000	-0.0000116256	1.0328175307E-8	0.0000264458	9.8638791760E-10	11.900	32.500
5/26/2022	7:29 PM	-0.1634399000	96.400	58.000	59.999	0.0000010000	-0.0000116488	8.2342842791E-9	0.0000264497	8.4031242374E-10	11.900	32.500
5/26/2022	7:30 PM	-0.1684688200	96.400	58.000	60.000	0.0000010000	-0.0000116321	7.9635393409E-9	0.0000264530	5.2867640737E-10	11.900	32.500
5/26/2022	7:31 PM	-0.1734977400	96.400	58.000	60.000	0.0000010000	-0.0000116406	6.5682649997E-9	0.0000264662	9.2764726786E-10	11.900	32.500
5/26/2022	7:31 PM	-0.1785266600	96.400	58.000	60.000	0.0000010000	-0.0000116466	9.7122736209E-9	0.0000264234	3.4809471001E-9	11.900	32.500
5/26/2022	7:32 PM	-0.1835555800	96.400	58.000	60.000	0.0000010000	-0.0000116546	5.0677161466E-9	0.0000264408	4.7602787773E-10	11.900	32.500
5/26/2022	7:33 PM	-0.1885845000	96.400	58.000	60.000	0.0000010000	-0.0000116586	4.5587804332E-9	0.0000264445	7.2093678194E-10	11.900	32.500
5/26/2022	7:33 PM	-0.1936134200	96.400	58.000	60.000	0.0000010000	-0.0000116565	6.7831979594E-9	0.0000264451	5.0620192023E-10	11.900	32.500
5/26/2022	7:34 PM	-0.1986423400	96.400	58.000	60.000	0.0000010000	-0.0000116328	5.4138291292E-9	0.0000264486	9.8638791760E-10	11.900	32.500
5/26/2022	7:35 PM	-0.2036712600	96.400	58.000	60.000	0.0000010000	-0.0000116401	6.4395522688E-9	0.0000264376	7.3143694192E-10	11.900	32.600
5/26/2022	7:35 PM	-0.2087001800	96.400	58.000	60.000	0.0000010000	-0.0000116654	7.7265613220E-9	0.0000264436	4.3911649916E-10	11.900	32.500
5/26/2022	7:36 PM	-0.2137291000	96.400	58.000	60.000	0.0000010000	-0.0000116524	7.6060654544E-9	0.0000264598	9.1851981126E-10	12.000	32.500
5/26/2022	7:36 PM	-0.2187580200	96.400	58.000	60.000	0.0000010000	-0.0000116398	3.8071151334E-9	0.0000264256	1.5452822726E-9	11.900	32.600
5/26/2022	7:37 PM	-0.2237869400	96.400	58.000	60.000	0.0000010000	-0.0000116338	7.5221567145E-9	0.0000264403	1.5714090755E-8	11.900	32.600
5/26/2022	7:38 PM	-0.2288158600	96.400	58.000	60.000	0.0000010000	-0.0000116380	1.3708509174E-8	0.0000264402	6.3851648071E-10	12.000	32.600
5/26/2022	7:38 PM	-0.2338447800	96.400	58.000	59.999	0.0000010000	-0.0000116363	4.9645083367E-9	0.0000264419	1.8320947892E-9	12.000	32.600
5/26/2022	7:39 PM	-0.2388737000	96.400	58.000	60.000	0.0000010000	-0.0000116462	8.3331932744E-9	0.0000264435	7.2166385809E-10	12.000	32.600
5/26/2022	7:40 PM	-0.2439026200	96.400	58.000	60.000	0.0000010000	-0.0000128054	8.6462633165E-9	0.0000254088	1.1376666071E-9	12.000	32.600
5/26/2022	7:40 PM	-0.2489315400	96.400	58.000	60.000	0.0000010000	-0.0000127878	1.1043316975E-8	0.0000254266	2.2247448714E-10	12.000	32.600
5/26/2022	7:41 PM	-0.2539604600	96.400	58.000	60.000	0.0000010000	-0.0000128056	6.4896000575E-9	0.0000254063	1.2409673646E-9	12.000	32.600
5/26/2022	7:42 PM	-0.2589893800	96.400	58.000	60.000	0.0000010000	-0.0000127849	7.1817475922E-9	0.0000254358	1.4247417859E-9	12.000	32.600
5/26/2022	7:42 PM	-0.2640183000	96.400	58.000	60.000	0.0000010000	-0.0000128176	6.6820262569E-9	0.0000253998	1.9827010473E-9	12.000	32.600
5/26/2022	7:43 PM	-0.2690472200	96.400	58.000	60.000	0.0000010000	-0.0000128131	7.2397017570E-9	0.0000254159	5.4649857042E-10	12.000	32.600
5/26/2022	7:43 PM	-0.2740761400	96.400	58.000	60.000	0.0000010000	-0.0000127883	1.1070719052E-8	0.0000254371	4.1402208188E-10	12.000	32.600
5/26/2022	7:44 PM	-0.2791050600	96.400	58.000	60.000	0.0000010000	-0.0000128066	5.7912757129E-9	0.0000254337	1.0403124237E-9	12.000	32.600
5/26/2022	7:45 PM	-0.2841339800	96.400	58.000	60.000	0.0000010000	-0.0000128045	9.0855910067E-9	0.0000254053	1.6390495759E-9	12.000	32.600
5/26/2022	7:45 PM	-0.2891629000	96.400	58.000	60.000	0.0000010000	-0.0000128100	7.0412683972E-9	0.0000254157	1.0924716621E-9	12.000	32.600
5/26/2022	7:46 PM	-0.2941918200	96.400	58.000	60.000	0.0000010000	-0.0000128051	1.0708623312E-8	0.0000254157	8.3143694192E-10	12.000	32.600
5/26/2022	7:47 PM	-0.2992207400	96.400	58.000	60.000	0.0000010000	-0.0000128198	9.2050067268E-9	0.0000254238	1.4519202405E-9	12.000	32.600
5/26/2022	7:47 PM	-0.3042496600	96.400	58.000	60.000	0.0000010000	-0.0000128128	9.7854618321E-9	0.0000254327	5.3851648071E-10	12.000	32.600
5/26/2022	7:48 PM	-0.3092785800	96.400	58.000	60.000	0.0000010000	-0.0000128032	7.6970229103E-9	0.0000254240	3.8172068076E-10	12.000	32.600
5/26/2022	7:49 PM	-0.3143075000	96.400	58.000	60.000	0.0000010000	-0.0000128121	9.4756827745E-9	0.0000254209	1.0000000000E-10	12.000	32.600
5/26/2022	7:49 PM	-0.3193364200	96.400	58.000	60.000	0.0000010000	-0.0000128127	9.6847753750E-9	0.0000254173	2.8708286934E-10	12.000	32.600
5/26/2022	7:50 PM	-0.3243653400	96.400	58.000	60.000	0.0000010000	-0.0000127997	1.1018337678E-8	0.0000254211	1.3660630834E-9	12.000	32.600
5/26/2022	7:51 PM	-0.3293942600	96.400	58.000	60.000	0.0000010000	-0.0000128165	7.1418844027E-9	0.0000254160	1.4684078243E-9	12.000	32.600
5/26/2022	7:51 PM	-0.3344231800	96.400	58.000	60.001	0.0000010000	-0.0000128044	8.3632019182E-9	0.0000254287	3.0955735648E-10	12.000	32.600
5/26/2022	7:52 PM	-0.3394521000	96.400	58.000	60.000	0.0000010000	-0.0000128053	9.4208875040E-9	0.0000254067	5.9328478957E-10	12.000	32.600
5/26/2022	7:53 PM	-0.3444810200	96.400	58.000	60.000	0.0000010000	-0.0000127814	8.5475818707E-9	0.0000254305	5.8615541191E-10	12.000	32.600
5/26/2022	7:53 PM	-0.3495099400	96.400	58.000	60.000	0.0000010000	-0.0000127835	7.1939351715E-9	0.0000254330	4.0000000000E-10	12.000	32.700
5/26/2022	7:54 PM	-0.3495099400	96.400	58.000	60.000	0.0000010000	-0.0000128249	6.7782520903E-9	0.0000253976	1.9895532343E-9	12.000	32.600
5/26/2022	7:54 PM	-0.3444810200	96.400	58.000	60.000	0.0000010000	-0.0000127834	1.0832046273E-8	0.0000254269	7.8880488828E-10	12.000	32.600
5/26/2022	7:55 PM	-0.3394521000	96.400	58.000	60.000	0.0000010000	-0.0000128038	6.7460990489E-9	0.0000254108	9.1203127704E-10	12.000	32.600
5/26/2022	7:56 PM	-0.3344231800	96.400	58.000	60.000	0.0000010000	-0.0000127960	9.0655067424E-9	0.0000254149	1.4443499257E-9	12.000	32.600
5/26/2022	7:56 PM	-0.3293942600	96.400	58.000	60.000	0.0000010000	-0.0000128030	6.2503187473E-9	0.0000254180	6.6115289591E-10	12.000	32.600
5/26/2022	7:57 PM	-0.3243653400	96.400	58.000	60.000	0.0000010000	-0.0000127876	4.5445745826E-9	0.0000254219	3.5495097568E-10	12.000	32.600
5/26/2022	7:58 PM	-0.3193364200	96.400	58.000	59.999	0.0000010000	-0.0000128144	9.9010833570E-9	0.0000253701	4.5143221740E-9	12.000	32.700
5/26/2022	7:58 PM	-0.3143075000	96.400	58.000	60.000	0.0000010000	-0.0000128012	8.4129740783E-9	0.0000254268	7.2771912927E-10	12.000	32.600
5/26/2022	7:59 PM	-0.3092785800	96.400	58.000	60.000	0.0000010000	-0.0000127928	6.0297892985E-9	0.0000254149	1.0885770529E-9	12.000	32.600
5/26/2022	8:00 PM	-0.3042496600	96.400	58.000	60.000	0.0000010000	-0.0000128231	5.7946475629E-9	0.0000254409	1.2663329408E-9	12.000	32.600
5/26/2022	8:00 PM	-0.2992207400	96.400	58.000	60.000	0.0000010000	-0.0000127908	7.2359541633E-9	0.0000254240	5.7416573868E-10	12.000	32.700
5/26/2022	8:01 PM	-0.2941918200	96.400	58.000	60.000	0.0000010000	-0.0000128125	7.5743186185E-9	0.0000254256	4.7416573868E-10	12.000	32.600
5/26/2022	8:02 PM	-0.2891629000	96.400	58.000	60.000	0.0000010000	-0.0000127888	5.6421575804E-9	0.0000254222	7.7362538165E-10	12.000	32.700
5/26/2022	8:02 PM	-0.2841339800	96.400	58.000	60.000	0.0000010000	-0.0000127996	8.5325827253E-9	0.0000254318	4.3911649916E-10	12.000	32.700
5/26/2022	8:03 PM	-0.2791050600	96.400	58.000	60.000	0.0000010000	-0.0000127886	7.0511581066E-9	0.0000253735	4.5805347146E-9	12.000	32.600
5/26/2022	8:04 PM	-0.2740761400	96.400	58.000	60.000	0.0000010000	-0.0000128008	5.0749513902E-9	0.0000254303	2.2247448714E-10	12.000	32.600
5/26/2022	8:04 PM	-0.2690472200	96.400	58.000	60.000	0.0000010000	-0.0000128133	8.2744051466E-9	0.0000254118	5.3851648071E-10	12.000	32.600
5/26/2022	8:05 PM	-0.2640183000	96.400	58.000	60.000	0.0000010000	-0.0000128010	4.8060773467E-9	0.0000254144	1.7349351573E-9	12.000	32.600
5/26/2022	8:05 PM	-0.2589893800	96.400	58.000	60.000	0.0000010000	-0.0000128185	8.6130966637E-9	0.0000254315	1.4273359224E-9	12.000	32.700
5/26/2022	8:06 PM	-0.2539604600	96.400	58.000	59.999	0.0000010000	-0.0000127959	7.3604428229E-9	0.0000254286	5.1515439249E-10	12.000	32.700
5/26/2022	8:07 PM	-0.2489315400	96.400	58.000	60.000	0.0000010000	-0.0000128159	8.6656767233E-9	0.0000254337	2.0000000000E-10	12.000	32.700
5/26/2022	8:07 PM	-0.2439026200	96.400	58.000	60.000	0.0000010000	-0.0000127949	1.0185293843E-8	0.0000254187	4.1402208188E-10	12.000	32.700
5/26/2022	8:08 PM	-0.2388737000	96.400	58.000	60.000	0.0000010000	-0.0000128151	5.6382763501E-9	0.0000254421	6.2911671436E-10	12.000	32.700
5/26/2022	8:09 PM	-0.2338447800	96.400	58.000	60.000	0.0000010000	-0.0000127946	8.6548773481E-9	0.0000254294	7.8036765891E-10	12.000	32.700
5/26/2022	8:09 PM	-0.2288158600	96.400	58.000	60.000	0.0000010000	-0.0000128147	1.1637328142E-8	0.0000254232	5.9328478957E-10	12.000	32.700
5/26/2022	8:10 PM	-0.2237869400	96.400	58.000	60.000	0.0000010000	-0.0000127963	7.9742831499E-9	0.0000253818	3.7318015335E-9	12.000	32.700
5/26/2022	8:11 PM	-0.2187580200	96.400	58.000	60.000	0.0000010000	-0.0000128213	7.9993730857E-9	0.0000254394	1.0276472679E-9	12.000	32.700
5/26/2022	8:11 PM	-0.2137291000	96.400	58.000	60.000	0.0000010000	-0.0000128198	1.2364015274E-8	0.0000254189	5.7416573868E-10	12.000	32.700
5/26/2022	8:12 PM	-0.2087001800	96.400	58.000	60.000	0.0000010000	-0.0000128033	7.3920842173E-9	0.0000254078	1.1191948626E-9	12.000	32.700
5/26/2022	8:12 PM	-0.2036712600	96.400	58.000	60.000	0.0000010000	-0.0000128278	9.2913298690E-9	0.0000254262	2.0183651989E-9	12.000	32.700
5/26/2022	8:13 PM	-0.1986423400	96.400	58.000	60.000	0.0000010000	-0.0000128014	9.1030801237E-9	0.0000254287	1.5830951895E-9	12.000	32.700
5/26/2022	8:14 PM	-0.1936134200	96.400	58.000	60.001	0.0000010000	-0.0000128150	5.4147597384E-9	0.0000254200	7.0710678119E-10	12.000	32.700
5/26/2022	8:14 PM	-0.1885845000	96.400	58.000	60.000	0.0000010000	-0.0000128077	8.1588860338E-9	0.0000254409	6.4510098534E-10	12.000	32.700
5/26/2022	8:15 PM	-0.1835555800	96.400	58.000	60.000	0.0000010000	-0.0000127865	8.9084942196E-9	0.0000254259	6.6142451836E-10	12.000	32.700
5/26/2022	8:16 PM	-0.1785266600	96.400	58.000	60.001	0.0000010000	-0.0000127846	8.9161286615E-9	0.0000254133	9.7358287613E-10	12.000	32.700
5/26/2022	8:16 PM	-0.1734977400	96.400	58.000	60.000	0.0000010000	-0.0000128073	7.5841912561E-9	0.0000254170	7.8309518948E-10	12.000	32.700
5/26/2022	8:17 PM	-0.1684688200	96.400	58.000	60.000	0.0000010000	-0.0000127979	7.6845267794E-9	0.0000254183	9.8573007621E-10	12.000	32.700
5/26/2022	8:18 PM	-0.1634399000	96.400	58.000	60.000	0.0000010000	-0.0000128042	6.8224762014E-9	0.0000254222	3.9154759474E-10	12.000	32.700
5/26/2022	8:18 PM	-0.1584109800	96.400	58.000	60.000	0.0000010000	-0.0000128028	7.4098202938E-9	0.0000254148	9.7628963278E-10	12.000	32.700
5/26/2022	8:19 PM	-0.1533820600	96.400	58.000	60.000	0.0000010000	-0.0000128160	6.8947552084E-9	0.0000254207	4.1306485869E-10	12.000	32.700
5/26/2022	8:20 PM	-0.1483531400	96.400	58.000	60.000	0.0000010000	-0.0000127959	7.5808706714E-9	0.0000254218	1.5659289225E-8	12.000	32.700
5/26/2022	8:20 PM	-0.1433242200	96.400	58.000	60.000	0.0000010000	-0.0000128072	4.6479339001E-9	0.0000254273	2.0000000000E-10	12.000	32.700
5/26/2022	8:21 PM	-0.1382953000	96.400	58.000	60.000	0.0000010000	-0.0000127895	5.8351255961E-9	0.0000254151	9.1475766852E-10	12.000	32.700
5/26/2022	8:21 PM	-0.1332663800	96.400	58.000	60.000	0.0000010000	-0.0000127895	1.0396191333E-8	0.0000254355	3.5355339059E-10	12.000	32.700
5/26/2022	8:22 PM	-0.1282374600	96.400	58.000	60.000	0.0000010000	-0.0000128197	7.5960645934E-9	0.0000254121	8.7543465798E-10	12.000	32.700
5/26/2022	8:23 PM	-0.1232085400	96.400	58.000	60.000	0.0000010000	-0.0000128076	1.1701232984E-8	0.0000254440	1.0021974055E-9	12.000	32.700
5/26/2022	8:23 PM	-0.1181796200	96.400	58.000	60.000	0.0000010000	-0.0000127997	1.3651484699E-8	0.0000254165	8.4010949186E-10	12.000	32.700
5/26/2022	8:24 PM	-0.1131507000	96.400	58.000	60.000	0.0000010000	-0.0000128093	8.9888494295E-9	0.0000253920	2.6772267989E-9	12.000	32.700
5/26/2022	8:25 PM	-0.1081217800	96.400	58.000	60.000	0.0000010000	-0.0000127957	7.7779754980E-9	0.0000254250	7.0000000000E-10	12.000	32.700
5/26/2022	8:25 PM	-0.1005784000	0.900	58.000	60.000	0.0000010000	-0.0000128058	7.1456493556E-9	0.0000254393	1.0704286871E-9	12.000	32.700
5/26/2022	8:26 PM	-0.0502892000	96.400	58.000	60.000	0.0000010000	-0.0000127914	7.0543734299E-9	0.0000254321	3.8708286934E-10	12.000	32.700
5/26/2022	8:27 PM	0.0000000000	96.400	58.000	60.000	0.0000010000	-0.0000128159	8.4729692267E-9	0.0000254241	9.2247448714E-10	12.000	32.700
5/26/2022	8:27 PM	0.0502892000	96.400	58.000	60.000	0.0000010000	-0.0000128198	4.7051390404E-9	0.0000254177	8.7574888773E-10	12.000	32.700
5/26/2022	8:28 PM	0.1005784000	96.400	58.000	59.999	0.0000010000	-0.0000128005	4.8570829323E-9	0.0000254470	7.8036765891E-10	12.000	32.700
5/26/2022	8:29 PM	0.1081217800	96.400	58.000	60.000	0.0000010000	-0.0000128041	5.2848721968E-9	0.0000253883	3.3430296370E-9	12.000	32.700
5/26/2022	8:29 PM	0.1131507000	91.000	58.000	60.000	0.0000010000	-0.0000127958	5.1588459510E-9	0.0000254398	8.5695646824E-10	12.000	32.700
5/26/2022	8:30 PM	0.1181796200	91.000	58.000	60.000	0.0000010000	-0.0000127997	9.8850037470E-9	0.0000254201	9.5012175500E-10	12.000	32.700
5/26/2022	8:31 PM	0.1232085400	91.000	58.000	60.000	0.0000010000	-0.0000127882	5.7247378220E-9	0.0000254499	1.0678631752E-9	12.000	32.700
5/26/2022	8:31 PM	0.1282374600	91.000	58.000	60.000	0.0000010000	-0.0000128135	7.0246149955E-9	0.0000254284	7.6278691088E-10	12.000	32.700
5/26/2022	8:32 PM	0.1332663800	91.000	58.000	60.000	0.0000010000	-0.0000128061	5.7354136415E-9	0.0000254339	7.5717058189E-10	12.000	32.700
5/26/2022	8:33 PM	0.1382953000	91.000	58.000	60.000	0.0000010000	-0.0000128051	7.1611286036E-9	0.0000254213	1.6037971125E-9	12.000	32.700
5/26/2022	8:33 PM	0.1433242200	91.000	58.000	60.000	0.0000010000	-0.0000127955	8.3738366563E-9	0.0000254415	7.4031242374E-10	12.000	32.700
5/26/2022	8:34 PM	0.1483531400	91.000	58.000	60.000	0.0000010000	-0.0000127988	5.0197396913E-9	0.0000254307	3.6742346142E-10	12.000	32.700
5/26/2022	8:35 PM	0.1533820600	91.000	58.000	59.999	0.0000010000	-0.0000127997	6.2581665454E-9	0.0000254405	2.2360679775E-10	12.000	32.700
5/26/2022	8:35 PM	0.1584109800	91.000	58.000	60.000	0.0000010000	-0.0000128263	6.7494388098E-9	0.0000254285	3.7742546282E-10	12.000	32.700
5/26/2022	8:36 PM	0.1634399000	91.000	58.000	60.000	0.0000010000	-0.0000128014	6.3097819494E-9	0.0000254522	1.5448966848E-9	12.000	32.700
5/26/2022	8:37 PM	0.1684688200	91.000	58.000	60.001	0.0000010000	-0.0000128086	4.6367977726E-9	0.0000254255	7.0556967662E-10	12.000	32.700
5/26/2022	8:37 PM	0.1734977400	91.000	58.000	60.001	0.0000010000	-0.0000128075	7.3734973705E-9	0.0000254181	1.6459937500E-9	12.000	32.700
5/26/2022	8:38 PM	0.1785266600	91.000	58.000	60.000	0.0000010000	-0.0000116478	4.3471747340E-9	0.0000264283	8.0428200203E-10	12.000	32.700
5/26/2022	8:39 PM	0.1835555800	91.000	58.000	60.000	0.0000010000	-0.0000116376	9.3840973570E-9	0.0000264208	1.1811873996E-9	12.000	32.700
5/26/2022	8:39 PM	0.1885845000	91.000	58.000	60.000	0.0000010000	-0.0000116448	5.3114445617E-9	0.0000264368	8.9526339942E-10	12.000	32.700
5/26/2022	8:40 PM	0.1936134200	91.000	58.000	60.000	0.0000010000	-0.0000116381	6.0445551438E-9	0.0000264342	7.4295816944E-10	12.000	32.700
5/26/2022	8:40 PM	0.1986423400	91.000	58.000	60.000	0.0000010000	-0.0000116508	7.2517171668E-9	0.0000264396	3.0955735648E-10	12.000	32.800
5/26/2022	8:41 PM	0.2036712600	91.000	58.000	60.000	0.0000010000	-0.0000116343	5.8035792567E-9	0.0000264277	1.0588626580E-9	12.000	32.700
5/26/2022	8:42 PM	0.2087001800	91.000	58.000	60.000	0.0000010000	-0.0000116467	6.3913277778E-9	0.0000264435	1.0770329614E-9	12.000	32.700
5/26/2022	8:42 PM	0.2137291000	91.000	58.000	60.000	0.0000010000	-0.0000116475	3.3618116866E-9	0.0000264354	5.4063625993E-10	12.000	32.700
5/26/2022	8:43 PM	0.2187580200	91.000	58.000	60.000	0.0000010000	-0.0000116411	4.8485215039E-9	0.0000264328	1.1904367212E-9	12.000	32.800
5/26/2022	8:44 PM	0.2237869400	91.000	58.000	60.000	0.0000010000	-0.0000116342	7.9377927522E-9	0.0000264524	1.2913281926E-9	12.000	32.700
5/26/2022	8:45 PM	0.2288158600	91.000	58.000	60.000	0.0000010000	-0.0000116276	8.7052450902E-9	0.0000264419	4.4203384502E-10	12.000	32.700
5/26/2022	8:45 PM	0.2338447800	91.000	58.000	60.000	0.0000010000	-0.0000116481	6.7636709404E-9	0.0000264509	3.5495097568E-10	12.000	32.700
5/26/2022	8:46 PM	0.2388737000	91.000	58.000	60.000	0.0000010000	-0.0000116216	6.9720331646E-9	0.0000264064	3.3907086201E-9	12.000	32.800
5/26/2022	8:47 PM	0.2439026200	91.000	58.000	60.000	0.0000010000	-0.0000116553	6.7052939646E-9	0.0000264341	7.5355339059E-10	12.000	32.800
5/26/2022	8:47 PM	0.2489315400	91.000	58.000	60.000	0.0000010000	-0.0000116324	7.4100665490E-9	0.0000264474	1.7385176710E-9	12.000	32.800
5/26/2022	8:48 PM	0.2539604600	91.000	58.000	59.999	0.0000010000	-0.0000116418	4.8318432243E-9	0.0000264476	2.5811388301E-10	12.000	32.700
5/26/2022	8:49 PM	0.2589893800	91.000	58.000	60.000	0.0000010000	-0.0000116330	6.8146807928E-9	0.0000264374	6.3851648071E-10	12.000	32.800
5/26/2022	8:49 PM	0.2640183000	91.000	58.000	60.000	0.0000010000	-0.0000116430	7.4814712996E-9	0.0000264429	1.0000000000E-10	12.000	32.700
5/26/2022	8:50 PM	0.2690472200	91.000	58.000	60.000	0.0000010000	-0.0000116563	9.1799433417E-9	0.0000264452	1.5452822726E-9	12.000	32.700
5/26/2022	8:51 PM	0.2740761400	91.000	58.000	60.000	0.0000010000	-0.0000116252	4.6675420685E-9	0.0000264442	6.8506723903E-10	12.000	32.700
5/26/2022	8:51 PM	0.2791050600	91.000	58.000	60.000	0.0000010000	-0.0000116518	9.3449282767E-9	0.0000264345	6.5897105616E-10	12.000	32.700
5/26/2022	8:52 PM	0.2841339800	91.000	58.000	60.000	0.0000010000	-0.0000116289	7.3801628569E-9	0.0000264433	4.7863046408E-10	12.000	32.700
5/26/2022	8:52 PM	0.2891629000	91.000	58.000	60.000	0.0000010000	-0.0000116272	8.2170792061E-9	0.0000264331	7.5355339059E-10	12.000	32.700
5/26/2022	8:53 PM	0.2941918200	91.000	58.000	59.999	0.0000010000	-0.0000116392	6.4672808291E-9	0.0000264334	8.3006407546E-10	12.000	32.800
5/26/2022	8:54 PM	0.2992207400	91.000	58.000	60.000	0.0000010000	-0.0000116192	6.1401175135E-9	0.0000264378	2.5495097568E-10	12.000	32.800
5/26/2022	8:54 PM	0.3042496600	91.000	58.000	60.000	0.0000010000	-0.0000116509	5.1444779325E-9	0.0000264457	8.3006407546E-10	12.100	32.700
5/26/2022	8:55 PM	0.3092785800	91.000	58.000	60.000	0.0000010000	-0.0000116251	6.1645158249E-9	0.0000264044	2.6907367619E-9	12.100	32.700
5/26/2022	8:56 PM	0.3143075000	91.000	58.000	60.000	0.0000010000	-0.0000116285	6.3116339106E-9	0.0000264414	5.6368092477E-10	12.000	32.800
5/26/2022	8:57 PM	0.3193364200	91.000	58.000	60.000	0.0000010000	-0.0000116364	5.7537053057E-9	0.0000264303	8.9206987131E-10	12.000	32.700
5/26/2022	8:57 PM	0.3243653400	91.000	58.000	60.000	0.0000010000	-0.0000116287	3.7169813944E-9	0.0000264413	2.2247448714E-10	12.100	32.700
5/26/2022	8:58 PM	0.3293942600	91.000	58.000	60.000	0.0000010000	-0.0000116483	6.8875585343E-9	0.0000264355	8.4703294725E-22	12.100	32.700
5/26/2022	8:59 PM	0.3344231800	91.000	58.000	60.000	0.0000010000	-0.0000116335	6.1531945443E-9	0.0000264398	2.2247448714E-10	12.100	32.800
5/26/2022	8:59 PM	0.3394521000	91.000	58.000	60.000	0.0000010000	-0.0000116451	5.6431111557E-9	0.0000264424	6.6571333342E-10	12.100	32.800
5/26/2022	9:00 PM	0.3444810200	91.000	58.000	60.000	0.0000010000	-0.0000116359	6.1339463475E-9	0.0000264528	1.1156011653E-9	12.000	32.700
5/26/2022	9:00 PM	0.3495099400	91.000	58.000	59.999	0.0000010000	-0.0000116407	4.7585297501E-9	0.0000264285	4.0000000000E-10	12.000	32.700

