! User Name:	Aditya_Kumar
! Sample Name:	FGT_CPS_FCf120K P8T
! Sample ID:	FGT_CPS_4C
! Date:	10/19/2022	Time:	7:32 AM
! Current Source:	Keithley 224 Current Source
! Voltmeter V1:	Keithley 182 Degital voltmeter
! Voltmeter V2:	Keithley 2182A  NanoVoltmeter
! V1 (volts):	Vxy
! V2 (volts):	Vxx
! Max Field (Tesla):0.600000	! Data points (0_maxT:460.000000	! Average Number:5.000000	
! Comments:	Device was fabricated inside glove box.
! 
! 
! 
! 
! 
Data	Time	Magnetic Field (T)	Helium Level (%)	VTI Temperature (K)	Sample Temparture (K)	Current (A) 	Voltage-1(V)	Std. of V1	Voltage-2 (V)	Std. of V2	VTI  Heater Power (%)	Sample Heater Power (%)
10/19/2022	7:41 AM	0.3004779700	74.100	2.999	4.999	0.0000010000	-0.0000007248	8.8004501268E-9	0.0000520000	3.3881317890E-21	2.400	13.600
10/19/2022	7:42 AM	0.1998995700	74.100	28.010	30.001	0.0000010000	-0.0000007188	9.6344964079E-9	0.0000519500	3.5355339059E-8	5.700	33.500
10/19/2022	7:42 AM	0.1005784000	74.100	28.000	30.000	0.0000010000	-0.0000007258	9.5216910535E-9	0.0000520000	3.3881317890E-21	5.800	33.500
10/19/2022	7:42 AM	0.0000000000	74.100	28.000	30.000	0.0000010000	-0.0000007240	9.9282623040E-9	0.0000520600	1.0000000000E-8	5.800	33.500
10/19/2022	7:43 AM	-0.0050289200	74.100	28.000	30.000	0.0000010000	-0.0000007175	7.3773893089E-9	0.0000520600	1.0000000000E-8	5.800	33.500
10/19/2022	7:43 AM	-0.0100578400	74.100	28.000	30.000	0.0000010000	-0.0000007201	5.4279277187E-9	0.0000520200	1.2247448714E-8	5.700	33.500
10/19/2022	7:44 AM	-0.0150867600	74.100	28.000	29.999	0.0000010000	-0.0000007242	5.6304906604E-9	0.0000520400	1.0000000000E-8	5.800	33.500
10/19/2022	7:44 AM	-0.0201156800	74.100	28.000	30.000	0.0000010000	-0.0000007206	4.0843778521E-9	0.0000520000	3.3881317890E-21	5.800	33.500
10/19/2022	7:45 AM	-0.0251446000	74.100	28.000	30.000	0.0000010000	-0.0000007199	7.1196660397E-9	0.0000519900	1.0000000000E-8	5.800	33.500
10/19/2022	7:45 AM	-0.0301735200	74.100	28.000	30.000	0.0000010000	-0.0000007238	7.0076092486E-9	0.0000520000	2.0000000000E-8	5.800	33.500
10/19/2022	7:45 AM	-0.0352024400	74.100	28.000	30.000	0.0000010000	-0.0000007163	4.3829746285E-9	0.0000520900	1.0000000000E-8	5.800	33.500
10/19/2022	7:46 AM	-0.0402313600	74.100	28.000	30.000	0.0000010000	-0.0000007178	5.3482733750E-9	0.0000520300	2.2247448714E-8	5.800	33.500
10/19/2022	7:46 AM	-0.0452602800	74.100	28.000	30.000	0.0000010000	-0.0000007261	5.4915488854E-9	0.0000520200	2.2247448714E-8	5.800	33.500
10/19/2022	7:47 AM	-0.0502892000	74.100	28.000	30.000	0.0000010000	-0.0000007215	4.3470594161E-9	0.0000518000	6.5192024052E-8	5.800	33.500
10/19/2022	7:47 AM	-0.0553181200	74.100	28.000	30.000	0.0000010000	-0.0000007227	5.7447057547E-9	0.0000520800	1.2247448714E-8	5.800	33.500
10/19/2022	7:48 AM	-0.0603470400	74.100	28.000	30.000	0.0000010000	-0.0000007179	5.5274814034E-9	0.0000518200	7.8190908485E-8	5.800	33.500
10/19/2022	7:48 AM	-0.0653759600	74.100	28.000	30.000	0.0000010000	-0.0000007275	5.5383169840E-9	0.0000520800	1.2247448714E-8	5.700	33.500
10/19/2022	7:49 AM	-0.0704048800	74.100	28.000	30.000	0.0000010000	-0.0000007265	8.7391614163E-9	0.0000520000	3.3881317890E-21	5.700	33.500
10/19/2022	7:49 AM	-0.0754338000	74.100	28.000	30.000	0.0000010000	-0.0000007174	7.6332921778E-9	0.0000517500	8.7413930606E-8	5.700	33.500
10/19/2022	7:50 AM	-0.0804627200	74.100	28.000	30.000	0.0000010000	-0.0000007169	4.9899276482E-9	0.0000520300	1.2247448714E-8	5.800	33.500
10/19/2022	7:50 AM	-0.0854916400	74.100	28.000	30.000	0.0000010000	-0.0000007162	4.5583910343E-9	0.0000520300	1.2247448714E-8	5.700	33.500
10/19/2022	7:50 AM	-0.0905205600	74.100	28.000	30.000	0.0000010000	-0.0000007195	6.1188574942E-9	0.0000520400	1.0000000000E-8	5.700	33.500
10/19/2022	7:51 AM	-0.0955494800	74.100	28.000	30.000	0.0000010000	-0.0000007205	7.0243499502E-9	0.0000520500	2.4494897428E-8	5.700	33.500
10/19/2022	7:51 AM	-0.1005784000	74.100	28.000	30.000	0.0000010000	-0.0000007240	6.2739736157E-9	0.0000520000	3.3881317890E-21	5.700	33.500
10/19/2022	7:52 AM	-0.1056073200	74.100	28.000	29.999	0.0000010000	-0.0000007284	6.1714109387E-9	0.0000520600	1.0000000000E-8	5.700	33.500
10/19/2022	7:52 AM	-0.1093790100	74.100	28.000	30.000	0.0000010000	-0.0000007229	6.8319427188E-9	0.0000520000	3.3881317890E-21	5.700	33.500
10/19/2022	7:52 AM	-0.1144079300	74.100	28.000	30.000	0.0000010000	-0.0000007235	6.9362165049E-9	0.0000520500	3.3881317890E-21	5.700	33.500
10/19/2022	7:53 AM	-0.1194368500	74.100	28.000	30.000	0.0000010000	0.0000005280	1.4170271881E-7	0.0000520400	2.2247448714E-8	5.700	33.500
10/19/2022	7:53 AM	-0.1244657700	74.100	28.000	30.000	0.0000010000	0.0000006791	7.3697791678E-9	0.0000520500	3.3881317890E-21	5.700	33.600
10/19/2022	7:54 AM	-0.1294946900	74.100	28.000	30.000	0.0000010000	0.0000006753	8.4470248531E-9	0.0000520500	3.3881317890E-21	5.700	33.500
10/19/2022	7:54 AM	-0.1345236100	74.100	28.000	30.000	0.0000010000	0.0000006665	8.6090715742E-9	0.0000520800	2.2247448714E-8	5.700	33.500
10/19/2022	7:55 AM	-0.1395525300	74.100	28.000	30.000	0.0000010000	0.0000006724	8.4130660555E-9	0.0000520500	3.3881317890E-21	5.700	33.500
10/19/2022	7:55 AM	-0.1445814500	74.100	28.000	30.000	0.0000010000	0.0000006712	6.1622180559E-9	0.0000520500	2.0000000000E-8	5.700	33.500
10/19/2022	7:55 AM	-0.1496103700	74.100	28.000	30.000	0.0000010000	0.0000006664	6.6858295017E-9	0.0000520500	3.3881317890E-21	5.700	33.500
10/19/2022	7:56 AM	-0.1546392900	74.100	28.000	30.000	0.0000010000	0.0000006674	9.3733010737E-9	0.0000520300	1.2247448714E-8	5.700	33.500
10/19/2022	7:56 AM	-0.1596682100	74.100	28.000	30.000	0.0000010000	0.0000006646	5.6600277404E-9	0.0000520000	3.3881317890E-21	5.700	33.500
10/19/2022	7:57 AM	-0.1646971300	74.100	28.000	30.000	0.0000010000	0.0000006581	7.0804893759E-9	0.0000520200	1.2247448714E-8	5.700	33.500
10/19/2022	7:57 AM	-0.1697260500	74.100	28.000	30.000	0.0000010000	0.0000006656	1.0257838511E-8	0.0000520300	1.2247448714E-8	5.700	33.500
10/19/2022	7:58 AM	-0.1747549700	74.100	28.000	30.000	0.0000010000	0.0000006660	5.0708791967E-9	0.0000514900	1.4611639196E-7	5.700	33.500
10/19/2022	7:58 AM	-0.1797838900	74.100	28.000	30.000	0.0000010000	0.0000006670	5.0395128760E-9	0.0000520700	1.2247448714E-8	5.700	33.600
10/19/2022	7:58 AM	-0.1848128100	74.100	28.000	30.000	0.0000010000	0.0000006688	6.5311470357E-9	0.0000519400	2.9154759474E-8	5.700	33.500
10/19/2022	7:59 AM	-0.1898417300	74.100	28.000	30.000	0.0000010000	0.0000006661	7.1824279893E-9	0.0000520500	3.3881317890E-21	5.700	33.500
10/19/2022	7:59 AM	-0.1948706500	74.100	28.000	30.000	0.0000010000	0.0000006686	4.7994038994E-9	0.0000520000	3.3881317890E-21	5.700	33.500
10/19/2022	8:00 AM	-0.1998995700	74.100	28.000	30.000	0.0000010000	0.0000006704	7.7770655271E-9	0.0000520600	1.0000000000E-8	5.700	33.500
10/19/2022	8:00 AM	-0.2049284900	74.100	28.000	30.000	0.0000010000	0.0000006763	5.6787915276E-9	0.0000520100	1.0000000000E-8	5.700	33.500
10/19/2022	8:01 AM	-0.2099574100	74.100	28.000	30.000	0.0000010000	0.0000006698	6.2878410642E-9	0.0000520100	1.0000000000E-8	5.700	33.500
10/19/2022	8:01 AM	-0.2149863300	74.100	28.000	30.000	0.0000010000	0.0000006808	7.6065972589E-9	0.0000519700	2.0000000000E-8	5.700	33.500
10/19/2022	8:01 AM	-0.2200152500	74.100	28.000	30.000	0.0000010000	0.0000006680	4.9378848202E-9	0.0000520000	3.3881317890E-21	5.700	33.500
10/19/2022	8:02 AM	-0.2250441700	74.100	28.000	30.000	0.0000010000	0.0000006732	5.1962285203E-9	0.0000520000	3.3881317890E-21	5.700	33.500
10/19/2022	8:02 AM	-0.2300730900	74.100	28.000	30.000	0.0000010000	0.0000006736	5.9602522535E-9	0.0000520000	3.3881317890E-21	5.700	33.500
10/19/2022	8:03 AM	-0.2351020100	74.100	28.000	30.000	0.0000010000	0.0000006695	6.2658095868E-9	0.0000520300	1.2247448714E-8	5.700	33.500
10/19/2022	8:03 AM	-0.2401309300	74.100	28.000	30.000	0.0000010000	0.0000006724	8.9385321725E-9	0.0000520400	2.2247448714E-8	5.700	33.500
10/19/2022	8:04 AM	-0.2451598500	74.100	28.000	30.000	0.0000010000	0.0000006809	4.0114024036E-9	0.0000520200	2.0000000000E-8	5.700	33.500
10/19/2022	8:04 AM	-0.2501887700	74.100	28.000	30.000	0.0000010000	0.0000006746	5.8771247902E-9	0.0000520000	3.3881317890E-21	5.700	33.500
10/19/2022	8:05 AM	-0.2552176900	74.100	28.000	30.000	0.0000010000	0.0000006744	6.7533114477E-9	0.0000520000	3.3881317890E-21	5.700	33.500
10/19/2022	8:05 AM	-0.2602466100	74.100	28.000	30.000	0.0000010000	0.0000006705	6.1784629405E-9	0.0000521100	2.4494897428E-8	5.700	33.500
10/19/2022	8:06 AM	-0.2652755300	74.100	28.000	30.000	0.0000010000	0.0000006721	5.9104654791E-9	0.0000520000	3.3881317890E-21	5.700	33.500
10/19/2022	8:06 AM	-0.2703044500	74.100	28.000	30.000	0.0000010000	0.0000006816	7.7988292246E-9	0.0000520700	1.2247448714E-8	5.700	33.500
10/19/2022	8:06 AM	-0.2753333700	74.100	28.000	30.000	0.0000010000	0.0000006705	7.2606124345E-9	0.0000520400	1.0000000000E-8	5.700	33.500
10/19/2022	8:07 AM	-0.2803622900	74.100	28.000	30.000	0.0000010000	0.0000006732	7.1025864420E-9	0.0000518000	5.8615541191E-8	5.700	33.500
10/19/2022	8:07 AM	-0.2853912100	74.100	28.000	30.000	0.0000010000	0.0000006810	7.0722383769E-9	0.0000519800	1.2247448714E-8	5.700	33.500
10/19/2022	8:08 AM	-0.2904201300	74.100	28.000	30.000	0.0000010000	0.0000006732	5.5056997805E-9	0.0000520500	3.3881317890E-21	5.700	33.500
10/19/2022	8:08 AM	-0.2954490500	74.100	28.000	30.000	0.0000010000	0.0000006738	7.7652994570E-9	0.0000519900	1.0000000000E-8	5.700	33.500
10/19/2022	8:09 AM	-0.3004779700	74.100	28.000	30.000	0.0000010000	0.0000006747	6.1190742795E-9	0.0000520300	1.2247448714E-8	5.700	33.500
10/19/2022	8:09 AM	-0.3004779700	74.100	28.000	30.000	0.0000010000	0.0000006815	5.1747605194E-9	0.0000520000	3.3881317890E-21	5.700	33.500
10/19/2022	8:10 AM	-0.1998995700	74.100	28.000	30.000	0.0000010000	0.0000006857	6.0889309972E-9	0.0000519700	1.2247448714E-8	5.700	33.500
10/19/2022	8:10 AM	-0.1005784000	74.100	28.000	30.000	0.0000010000	0.0000006822	8.8362348261E-9	0.0000520000	3.3881317890E-21	5.700	33.500
10/19/2022	8:10 AM	-0.0502892000	74.100	28.000	30.000	0.0000010000	0.0000006979	1.3235954563E-8	0.0000519700	1.2247448714E-8	5.700	33.500
10/19/2022	8:11 AM	-0.0452602800	74.100	28.000	30.000	0.0000010000	0.0000006770	6.5702981327E-9	0.0000518700	4.7602787773E-8	5.700	33.500
10/19/2022	8:11 AM	-0.0402313600	74.100	28.000	30.000	0.0000010000	0.0000006798	4.1160315152E-9	0.0000519900	1.0000000000E-8	5.700	33.500
10/19/2022	8:12 AM	-0.0352024400	74.100	28.000	30.000	0.0000010000	0.0000006823	5.6306465591E-9	0.0000520200	2.2247448714E-8	5.700	33.500
10/19/2022	8:12 AM	-0.0301735200	74.100	28.000	30.000	0.0000010000	0.0000006848	4.2149853526E-9	0.0000519700	1.2247448714E-8	5.700	33.500
10/19/2022	8:13 AM	-0.0251446000	74.100	28.000	30.000	0.0000010000	0.0000006863	9.5977698234E-9	0.0000520000	3.3881317890E-21	5.700	33.500
10/19/2022	8:13 AM	-0.0201156800	74.100	28.000	30.000	0.0000010000	0.0000006918	6.2131138814E-9	0.0000520000	2.0000000000E-8	5.700	33.500
10/19/2022	8:14 AM	-0.0150867600	74.100	28.000	30.000	0.0000010000	0.0000006844	4.6355062621E-9	0.0000520000	3.3881317890E-21	5.700	33.500
10/19/2022	8:14 AM	-0.0100578400	74.100	28.000	30.000	0.0000010000	0.0000006897	4.6586500304E-9	0.0000520000	3.3881317890E-21	5.700	33.500
10/19/2022	8:14 AM	-0.0050289200	74.100	28.000	30.000	0.0000010000	0.0000006826	4.0543487057E-9	0.0000520100	2.4494897428E-8	5.700	33.500
10/19/2022	8:15 AM	0.0000000000	74.100	28.000	30.000	0.0000010000	0.0000006896	6.9982349837E-9	0.0000519900	2.2247448714E-8	5.700	33.500
10/19/2022	8:15 AM	0.0050289200	74.100	28.000	30.000	0.0000010000	0.0000006799	4.2337894256E-9	0.0000520700	1.2247448714E-8	5.700	33.500
10/19/2022	8:16 AM	0.0100578400	74.100	28.000	30.000	0.0000010000	0.0000006764	8.0594795641E-9	0.0000520600	1.0000000000E-8	5.700	33.500
10/19/2022	8:16 AM	0.0150867600	74.100	28.000	30.000	0.0000010000	0.0000006849	7.4469971087E-9	0.0000520200	1.2247448714E-8	5.700	33.500
10/19/2022	8:17 AM	0.0201156800	74.100	28.000	30.000	0.0000010000	0.0000006888	5.8195869398E-9	0.0000519700	1.2247448714E-8	5.700	33.500
10/19/2022	8:17 AM	0.0251446000	74.100	28.000	30.000	0.0000010000	0.0000006846	4.5034001201E-9	0.0000520000	3.3881317890E-21	5.700	33.500
10/19/2022	8:17 AM	0.0301735200	74.100	28.000	30.000	0.0000010000	0.0000006853	7.1660973428E-9	0.0000520000	3.3881317890E-21	5.700	33.500
10/19/2022	8:18 AM	0.0352024400	74.100	28.000	30.000	0.0000010000	0.0000006740	5.3220681810E-9	0.0000520000	3.3881317890E-21	5.700	33.500
10/19/2022	8:18 AM	0.0402313600	74.100	28.000	30.000	0.0000010000	0.0000006807	7.0424668880E-9	0.0000520000	3.3881317890E-21	5.700	33.500
10/19/2022	8:19 AM	0.0452602800	74.100	28.000	30.000	0.0000010000	0.0000006836	7.2623729756E-9	0.0000517900	6.4031242374E-8	5.700	33.500
10/19/2022	8:19 AM	0.0502892000	74.100	28.000	30.000	0.0000010000	0.0000006798	5.6633114269E-9	0.0000520500	3.3881317890E-21	5.700	33.500
10/19/2022	8:20 AM	0.0553181200	74.100	28.000	30.000	0.0000010000	0.0000006794	6.4594394077E-9	0.0000520000	3.3881317890E-21	5.700	33.600
10/19/2022	8:20 AM	0.0603470400	74.100	28.000	30.000	0.0000010000	0.0000006865	4.6130042432E-9	0.0000520000	3.3881317890E-21	5.700	33.500
10/19/2022	8:21 AM	0.0653759600	74.100	28.000	30.000	0.0000010000	0.0000006874	5.0735139477E-9	0.0000519800	2.2247448714E-8	5.700	33.500
10/19/2022	8:21 AM	0.0704048800	74.100	28.000	30.000	0.0000010000	0.0000006810	6.3145578268E-9	0.0000520000	1.5811388301E-8	5.700	33.500
10/19/2022	8:22 AM	0.0754338000	74.100	28.000	30.000	0.0000010000	0.0000006890	5.7118890704E-9	0.0000520000	2.4494897428E-8	5.700	33.500
10/19/2022	8:22 AM	0.0804627200	74.100	28.000	30.000	0.0000010000	0.0000006886	5.7396227487E-9	0.0000519900	1.0000000000E-8	5.700	33.500
10/19/2022	8:23 AM	0.0854916400	74.100	28.000	30.000	0.0000010000	-0.0000000016	4.9535515570E-9	0.0000520500	3.3881317890E-21	5.700	33.500
10/19/2022	8:23 AM	0.0905205600	74.100	28.000	30.000	0.0000010000	-0.0000006978	5.5089232672E-9	0.0000520100	1.0000000000E-8	5.700	33.500
10/19/2022	8:23 AM	0.0955494800	74.100	28.000	30.000	0.0000010000	-0.0000007036	3.7848926704E-9	0.0000520500	3.3881317890E-21	5.700	33.500
10/19/2022	8:24 AM	0.1005784000	74.100	28.000	30.000	0.0000010000	-0.0000006985	4.1791774572E-9	0.0000517900	6.4031242374E-8	5.700	33.500
10/19/2022	8:24 AM	0.1056073200	74.100	28.000	30.000	0.0000010000	-0.0000007042	4.2757514837E-9	0.0000519700	2.2247448714E-8	5.700	33.500
10/19/2022	8:25 AM	0.1093790100	74.100	28.000	30.000	0.0000010000	-0.0000006923	6.9660840414E-9	0.0000520300	1.2247448714E-8	5.700	33.500
10/19/2022	8:25 AM	0.1144079300	74.100	28.000	30.000	0.0000010000	-0.0000007050	7.8052590977E-9	0.0000520000	3.3881317890E-21	5.700	33.500
10/19/2022	8:26 AM	0.1194368500	74.100	28.000	30.000	0.0000010000	-0.0000007039	5.5447429329E-9	0.0000520200	2.2247448714E-8	5.700	33.500
10/19/2022	8:26 AM	0.1244657700	74.100	28.000	30.000	0.0000010000	-0.0000006968	6.7108787671E-9	0.0000520400	1.0000000000E-8	5.700	33.500
10/19/2022	8:26 AM	0.1294946900	74.100	28.000	30.000	0.0000010000	-0.0000007087	5.2075167384E-9	0.0000519800	1.2247448714E-8	5.700	33.500
10/19/2022	8:27 AM	0.1345236100	74.100	28.000	30.000	0.0000010000	-0.0000007100	5.5361862581E-9	0.0000520500	3.3881317890E-21	5.700	33.500
10/19/2022	8:27 AM	0.1395525300	74.100	28.000	30.000	0.0000010000	-0.0000007005	7.8764857837E-9	0.0000520000	3.3881317890E-21	5.700	33.500
10/19/2022	8:28 AM	0.1445814500	74.100	28.000	30.000	0.0000010000	-0.0000007036	5.4710050623E-9	0.0000518700	4.7602787773E-8	5.700	33.500
10/19/2022	8:28 AM	0.1496103700	74.100	28.000	30.000	0.0000010000	-0.0000006983	7.3789781498E-9	0.0000520500	3.3881317890E-21	5.700	33.500
10/19/2022	8:28 AM	0.1546392900	74.100	28.000	30.000	0.0000010000	-0.0000007081	3.7049130360E-9	0.0000520200	1.2247448714E-8	5.700	33.500
10/19/2022	8:29 AM	0.1596682100	74.100	28.000	30.000	0.0000010000	-0.0000007045	5.0141521630E-9	0.0000520400	1.0000000000E-8	5.700	33.500
10/19/2022	8:29 AM	0.1646971300	74.100	28.000	30.000	0.0000010000	-0.0000007088	6.3195218246E-9	0.0000520500	3.3881317890E-21	5.700	33.500
10/19/2022	8:30 AM	0.1697260500	74.100	28.000	30.000	0.0000010000	-0.0000007079	6.9199457351E-9	0.0000520200	1.2247448714E-8	5.700	33.500
10/19/2022	8:30 AM	0.1747549700	74.100	28.000	30.000	0.0000010000	-0.0000007018	6.3385104972E-9	0.0000520000	3.3881317890E-21	5.700	33.500
10/19/2022	8:31 AM	0.1797838900	74.100	28.000	30.000	0.0000010000	-0.0000007017	5.0495529806E-9	0.0000520500	3.3881317890E-21	5.700	33.500
10/19/2022	8:31 AM	0.1848128100	74.100	28.000	30.000	0.0000010000	-0.0000007019	5.6818298550E-9	0.0000520200	2.2247448714E-8	5.700	33.500
10/19/2022	8:32 AM	0.1898417300	74.100	28.000	30.000	0.0000010000	-0.0000007019	8.4496971322E-9	0.0000520500	2.0000000000E-8	5.700	33.500
10/19/2022	8:32 AM	0.1948706500	74.100	28.000	30.000	0.0000010000	-0.0000007081	8.2358085868E-9	0.0000520000	2.4494897428E-8	5.700	33.500
