! User Name:	Aditya_Kumar
! Sample Name:	FGT_CPS_FCf120K M8T
! Sample ID:	FGT_CPS_4C
! Date:	10/24/2022	Time:	10:45 PM
! Current Source:	Keithley 224 Current Source
! Voltmeter V1:	Keithley 182 Degital voltmeter
! Voltmeter V2:	Keithley 2182A  NanoVoltmeter
! V1 (volts):	Vxy
! V2 (volts):	Vxx
! Max Field (Tesla):0.600000	! Data points (0_maxT:460.000000	! Average Number:5.000000	
! Comments:	Device was fabricated inside glove box.
! 
! 
! 
! 
! 
Data	Time	Magnetic Field (T)	Helium Level (%)	VTI Temperature (K)	Sample Temparture (K)	Current (A) 	Voltage-1(V)	Std. of V1	Voltage-2 (V)	Std. of V2	VTI  Heater Power (%)	Sample Heater Power (%)
10/24/2022	10:48 PM	-0.3004779700	74.100	2.999	4.999	0.0000010000	0.0000048823	4.3912434886E-9	0.0000506500	0.0000000000E+0	2.400	13.600
10/24/2022	10:49 PM	-0.1998995700	50.500	8.062	10.001	0.0000010000	0.0000048873	7.0939603666E-9	0.0000506500	0.0000000000E+0	0.000	19.600
10/24/2022	10:50 PM	-0.1005784000	50.500	8.107	10.003	0.0000010000	0.0000048955	8.8469959032E-9	0.0000506700	1.2247448714E-8	0.000	19.400
10/24/2022	10:50 PM	0.0000000000	50.500	8.131	10.003	0.0000010000	0.0000048948	4.8515732050E-9	0.0000505600	3.7742546282E-8	0.000	19.300
10/24/2022	10:51 PM	0.0502892000	50.500	8.140	10.001	0.0000010000	0.0000048969	6.7959788120E-9	0.0000506800	1.2247448714E-8	0.000	19.200
10/24/2022	10:52 PM	0.1005784000	50.500	8.151	10.002	0.0000010000	0.0000048994	7.2134921127E-9	0.0000506900	1.0000000000E-8	0.000	19.200
10/24/2022	10:53 PM	0.1056073200	50.500	8.172	10.003	0.0000010000	0.0000048869	4.7264738242E-9	0.0000507000	0.0000000000E+0	0.000	19.100
10/24/2022	10:53 PM	0.1093790100	50.500	8.185	10.004	0.0000010000	0.0000048965	7.2988485850E-9	0.0000504100	8.2764726786E-8	0.000	19.000
10/24/2022	10:54 PM	0.1144079300	50.500	8.205	10.003	0.0000010000	0.0000048987	7.0008784032E-9	0.0000506500	2.4494897428E-8	0.000	19.000
10/24/2022	10:55 PM	0.1194368500	50.500	8.221	10.003	0.0000010000	0.0000048983	7.4049725075E-9	0.0000507000	0.0000000000E+0	0.000	18.900
10/24/2022	10:55 PM	0.1244657700	50.500	8.239	10.003	0.0000010000	0.0000048859	5.5593664538E-9	0.0000507200	2.2247448714E-8	0.000	18.800
10/24/2022	10:56 PM	0.1294946900	50.500	8.256	10.003	0.0000010000	0.0000048914	4.8446015695E-9	0.0000506800	1.2247448714E-8	0.000	18.700
10/24/2022	10:57 PM	0.1345236100	50.500	8.270	10.003	0.0000010000	0.0000062484	8.4872515120E-9	0.0000507000	0.0000000000E+0	0.000	18.600
10/24/2022	10:57 PM	0.1395525300	50.500	8.284	10.003	0.0000010000	0.0000062444	6.1289506588E-9	0.0000507100	1.0000000000E-8	0.000	18.600
10/24/2022	10:58 PM	0.1445814500	50.500	8.301	10.003	0.0000010000	0.0000062490	5.7867430805E-9	0.0000506600	1.0000000000E-8	0.000	18.500
10/24/2022	10:59 PM	0.1496103700	50.500	8.315	10.002	0.0000010000	0.0000062487	7.9636872954E-9	0.0000506700	1.2247448714E-8	0.000	18.500
10/24/2022	10:59 PM	0.1546392900	50.500	8.325	10.003	0.0000010000	0.0000062397	7.8391044699E-9	0.0000506300	1.2247448714E-8	0.000	18.400
10/24/2022	11:00 PM	0.1596682100	50.500	8.337	10.002	0.0000010000	0.0000062440	8.9648465852E-9	0.0000506700	1.2247448714E-8	0.000	18.300
10/24/2022	11:01 PM	0.1646971300	50.500	8.351	10.002	0.0000010000	0.0000062555	4.7329621761E-9	0.0000507000	0.0000000000E+0	0.000	18.300
10/24/2022	11:01 PM	0.1697260500	50.500	8.364	10.002	0.0000010000	0.0000062541	6.2459648058E-9	0.0000506400	1.0000000000E-8	0.000	18.200
10/24/2022	11:02 PM	0.1747549700	50.500	8.378	10.003	0.0000010000	0.0000062486	6.0050710646E-9	0.0000507000	0.0000000000E+0	0.000	18.100
10/24/2022	11:03 PM	0.1797838900	50.500	8.392	10.002	0.0000010000	0.0000062494	5.3828795510E-9	0.0000507100	2.4494897428E-8	0.000	18.100
10/24/2022	11:03 PM	0.1848128100	50.500	8.405	10.002	0.0000010000	0.0000062519	6.9437213801E-9	0.0000506900	2.2247448714E-8	0.000	18.000
10/24/2022	11:04 PM	0.1898417300	50.500	8.414	10.002	0.0000010000	0.0000062518	6.4706013029E-9	0.0000506600	2.2247448714E-8	0.000	17.900
10/24/2022	11:05 PM	0.1948706500	50.500	8.427	10.002	0.0000010000	0.0000062545	5.5081691538E-9	0.0000507100	2.2247448714E-8	0.000	17.900
10/24/2022	11:06 PM	0.1998995700	50.500	8.438	10.002	0.0000010000	0.0000062465	6.1564032565E-9	0.0000505400	2.9154759474E-8	0.000	17.900
10/24/2022	11:06 PM	0.2049284900	50.500	8.447	10.002	0.0000010000	0.0000062487	6.1646856510E-9	0.0000506500	0.0000000000E+0	0.000	17.800
10/24/2022	11:07 PM	0.2099574100	50.500	8.457	10.002	0.0000010000	0.0000062447	7.5949448560E-9	0.0000506600	1.0000000000E-8	0.000	17.700
10/24/2022	11:08 PM	0.2149863300	50.500	8.466	10.002	0.0000010000	0.0000062537	7.5090337094E-9	0.0000507000	0.0000000000E+0	0.000	17.700
10/24/2022	11:08 PM	0.2200152500	50.500	8.474	10.001	0.0000010000	0.0000062583	7.8141778788E-9	0.0000507000	2.4494897428E-8	0.000	17.700
10/24/2022	11:09 PM	0.2250441700	50.500	8.484	10.001	0.0000010000	0.0000062519	5.1443244212E-9	0.0000506600	2.2247448714E-8	0.000	17.600
10/24/2022	11:10 PM	0.2300730900	50.500	8.489	10.002	0.0000010000	0.0000062514	6.7435461627E-9	0.0000506300	1.2247448714E-8	0.000	17.600
10/24/2022	11:10 PM	0.2351020100	50.500	8.501	10.001	0.0000010000	0.0000062587	3.9162428295E-9	0.0000506400	1.0000000000E-8	0.000	17.500
10/24/2022	11:11 PM	0.2401309300	50.500	8.509	10.001	0.0000010000	0.0000062515	8.7644193878E-9	0.0000506000	0.0000000000E+0	0.000	17.500
10/24/2022	11:12 PM	0.2451598500	50.500	8.519	10.002	0.0000010000	0.0000062618	8.5886095820E-9	0.0000506800	1.2247448714E-8	0.000	17.400
10/24/2022	11:12 PM	0.2501887700	50.500	8.523	10.001	0.0000010000	0.0000062698	7.3575255775E-9	0.0000506500	0.0000000000E+0	0.000	17.400
10/24/2022	11:13 PM	0.2552176900	50.500	8.531	10.001	0.0000010000	0.0000062539	5.2788430824E-9	0.0000507000	0.0000000000E+0	0.000	17.400
10/24/2022	11:14 PM	0.2602466100	50.500	8.537	10.001	0.0000010000	0.0000062603	8.4789691496E-9	0.0000506600	1.0000000000E-8	0.000	17.300
10/24/2022	11:14 PM	0.2652755300	50.500	8.545	10.001	0.0000010000	0.0000062749	1.4482293446E-8	0.0000507000	0.0000000000E+0	0.000	17.300
10/24/2022	11:15 PM	0.2703044500	50.500	8.551	10.001	0.0000010000	0.0000062716	6.0503368626E-9	0.0000506600	1.0000000000E-8	0.000	17.300
10/24/2022	11:16 PM	0.2753333700	50.500	8.560	10.001	0.0000010000	0.0000062545	4.6607799394E-9	0.0000506400	1.0000000000E-8	0.000	17.200
10/24/2022	11:16 PM	0.2803622900	50.500	8.566	10.001	0.0000010000	0.0000062740	6.3319711229E-9	0.0000506600	2.2247448714E-8	0.000	17.200
10/24/2022	11:17 PM	0.2853912100	50.500	8.574	10.001	0.0000010000	0.0000062681	7.8746643656E-9	0.0000506700	2.2247448714E-8	0.000	17.200
10/24/2022	11:18 PM	0.2904201300	50.500	8.581	10.001	0.0000010000	0.0000062638	5.1836279489E-9	0.0000506100	1.0000000000E-8	0.000	17.100
10/24/2022	11:19 PM	0.2954490500	50.500	8.587	10.001	0.0000010000	0.0000062585	7.3964620592E-9	0.0000506700	1.2247448714E-8	0.000	17.100
10/24/2022	11:19 PM	0.3004779700	50.500	8.593	10.001	0.0000010000	0.0000062658	5.6895021633E-9	0.0000505900	2.4494897428E-8	0.000	17.000
10/24/2022	11:20 PM	0.1998995700	50.500	8.598	10.000	0.0000010000	0.0000062642	6.7425206547E-9	0.0000506100	2.4494897428E-8	0.000	17.000
10/24/2022	11:21 PM	0.1005784000	50.500	8.604	10.000	0.0000010000	0.0000062649	5.3050376072E-9	0.0000506500	0.0000000000E+0	0.000	17.000
10/24/2022	11:21 PM	0.0502892000	50.500	8.603	10.000	0.0000010000	0.0000062559	6.4298366352E-9	0.0000506900	1.0000000000E-8	0.000	17.000
10/24/2022	11:22 PM	0.0452602800	50.500	8.602	10.000	0.0000010000	0.0000062693	5.4920776971E-9	0.0000506300	1.2247448714E-8	0.000	17.000
10/24/2022	11:23 PM	0.0402313600	50.500	8.603	10.000	0.0000010000	0.0000062763	8.0907629381E-9	0.0000506100	1.0000000000E-8	0.000	17.000
10/24/2022	11:23 PM	0.0352024400	47.300	8.610	10.000	0.0000010000	0.0000062682	8.6361830500E-9	0.0000506700	1.2247448714E-8	0.000	16.900
10/24/2022	11:24 PM	0.0301735200	47.300	8.616	10.001	0.0000010000	0.0000062616	5.7500623332E-9	0.0000507000	2.4494897428E-8	0.000	16.900
10/24/2022	11:25 PM	0.0251446000	47.300	8.619	10.001	0.0000010000	0.0000062635	6.8946757112E-9	0.0000504200	7.6278691088E-8	0.000	16.900
10/24/2022	11:25 PM	0.0201156800	47.300	8.628	10.001	0.0000010000	0.0000062730	2.3318960844E-9	0.0000507100	1.0000000000E-8	0.000	16.900
10/24/2022	11:26 PM	0.0150867600	47.300	8.633	10.000	0.0000010000	0.0000062608	5.2594015983E-9	0.0000506200	1.2247448714E-8	0.000	16.800
10/24/2022	11:27 PM	0.0100578400	47.300	8.637	10.001	0.0000010000	0.0000062728	7.7723832346E-9	0.0000506700	1.2247448714E-8	0.000	16.800
10/24/2022	11:27 PM	0.0050289200	47.300	8.642	10.001	0.0000010000	0.0000062641	4.4337934701E-9	0.0000507100	1.0000000000E-8	0.000	16.800
10/24/2022	11:28 PM	0.0000000000	47.300	8.648	10.001	0.0000010000	0.0000062748	6.3431806654E-9	0.0000506900	2.4494897428E-8	0.000	16.800
10/24/2022	11:29 PM	-0.0050289200	47.300	8.651	10.001	0.0000010000	0.0000062587	8.8017239439E-9	0.0000507100	1.0000000000E-8	0.000	16.700
10/24/2022	11:29 PM	-0.0100578400	47.300	8.655	10.001	0.0000010000	0.0000062767	2.6147627079E-9	0.0000507000	0.0000000000E+0	0.000	16.700
10/24/2022	11:30 PM	-0.0150867600	47.300	8.660	10.001	0.0000010000	0.0000062713	5.8585283118E-9	0.0000506700	2.0000000000E-8	0.000	16.700
10/24/2022	11:31 PM	-0.0201156800	47.300	8.665	10.001	0.0000010000	0.0000062702	1.0831041985E-8	0.0000506000	2.8708286934E-8	0.000	16.700
10/24/2022	11:31 PM	-0.0251446000	47.300	8.667	10.000	0.0000010000	0.0000062690	4.4803521607E-9	0.0000507000	0.0000000000E+0	0.000	16.600
10/24/2022	11:32 PM	-0.0301735200	47.300	8.667	10.000	0.0000010000	0.0000062637	5.4909052931E-9	0.0000506100	1.0000000000E-8	0.000	16.600
10/24/2022	11:33 PM	-0.0352024400	47.300	8.673	10.000	0.0000010000	0.0000062645	7.8483338076E-9	0.0000506500	2.0000000000E-8	0.000	16.600
10/24/2022	11:33 PM	-0.0402313600	47.300	8.676	10.000	0.0000010000	0.0000062710	3.8309186527E-9	0.0000506200	2.2247448714E-8	0.000	16.600
10/24/2022	11:34 PM	-0.0452602800	47.300	8.681	10.001	0.0000010000	0.0000062669	3.9585100372E-9	0.0000506500	0.0000000000E+0	0.000	16.600
10/24/2022	11:35 PM	-0.0502892000	47.300	8.684	10.000	0.0000010000	0.0000062713	5.2031527409E-9	0.0000506600	1.0000000000E-8	0.000	16.500
10/24/2022	11:35 PM	-0.0553181200	47.300	8.689	10.001	0.0000010000	0.0000062657	7.6547567524E-9	0.0000506800	1.2247448714E-8	0.000	16.500
10/24/2022	11:36 PM	-0.0603470400	47.300	8.694	10.001	0.0000010000	0.0000062586	6.3220785549E-9	0.0000506500	0.0000000000E+0	0.000	16.500
10/24/2022	11:37 PM	-0.0653759600	47.300	8.698	10.001	0.0000010000	0.0000062716	3.5724509031E-9	0.0000506400	1.0000000000E-8	0.000	16.500
10/24/2022	11:38 PM	-0.0704048800	47.300	8.705	10.001	0.0000010000	0.0000062719	4.5988036046E-9	0.0000506400	2.2247448714E-8	0.000	16.400
10/24/2022	11:38 PM	-0.0754338000	47.300	8.708	10.001	0.0000010000	0.0000062641	6.3183002740E-9	0.0000506100	1.8708286934E-8	0.000	16.400
10/24/2022	11:39 PM	-0.0804627200	47.300	8.711	10.000	0.0000010000	0.0000062665	5.7873388605E-9	0.0000506500	0.0000000000E+0	0.000	16.400
10/24/2022	11:40 PM	-0.0854916400	47.300	8.717	10.001	0.0000010000	0.0000062740	5.2398738795E-9	0.0000506900	1.0000000000E-8	0.000	16.400
10/24/2022	11:40 PM	-0.0905205600	47.300	8.722	10.001	0.0000010000	0.0000049234	6.2855019387E-9	0.0000507000	0.0000000000E+0	0.000	16.300
10/24/2022	11:41 PM	-0.0955494800	47.300	8.729	10.001	0.0000010000	0.0000049258	4.7436662219E-9	0.0000506900	1.0000000000E-8	0.000	16.300
10/24/2022	11:42 PM	-0.1005784000	47.300	8.734	10.001	0.0000010000	0.0000049287	6.7113036335E-9	0.0000506000	0.0000000000E+0	0.000	16.300
10/24/2022	11:42 PM	-0.1056073200	47.300	8.738	10.001	0.0000010000	0.0000049342	7.9555905954E-9	0.0000507000	2.4494897428E-8	0.000	16.300
10/24/2022	11:43 PM	-0.1093790100	47.300	8.741	10.002	0.0000010000	0.0000049131	5.4026257016E-9	0.0000506400	1.0000000000E-8	0.000	16.200
10/24/2022	11:44 PM	-0.1144079300	47.300	8.749	10.002	0.0000010000	0.0000049237	8.1629889524E-9	0.0000502700	1.2337800257E-7	0.000	16.200
10/24/2022	11:44 PM	-0.1194368500	47.300	8.759	10.002	0.0000010000	0.0000049249	5.4916271253E-9	0.0000507000	0.0000000000E+0	0.000	16.200
10/24/2022	11:45 PM	-0.1244657700	47.300	8.763	10.001	0.0000010000	0.0000049237	3.2469997926E-9	0.0000506600	1.0000000000E-8	0.000	16.100
10/24/2022	11:46 PM	-0.1294946900	47.300	8.772	10.001	0.0000010000	0.0000049172	6.4243006657E-9	0.0000507000	0.0000000000E+0	0.000	16.100
10/24/2022	11:46 PM	-0.1345236100	47.300	8.772	10.001	0.0000010000	0.0000049124	1.2386567314E-8	0.0000506700	1.2247448714E-8	0.000	16.100
10/24/2022	11:47 PM	-0.1395525300	47.300	8.777	10.001	0.0000010000	0.0000049105	5.2870498794E-9	0.0000506500	0.0000000000E+0	0.000	16.000
10/24/2022	11:48 PM	-0.1445814500	47.300	8.785	10.002	0.0000010000	0.0000049175	8.2497914371E-9	0.0000506600	1.0000000000E-8	0.000	16.000
10/24/2022	11:48 PM	-0.1496103700	47.300	8.788	10.001	0.0000010000	0.0000048910	4.3041223278E-9	0.0000507000	0.0000000000E+0	0.000	16.000
10/24/2022	11:49 PM	-0.1546392900	47.300	8.799	10.001	0.0000010000	0.0000048949	6.4984503610E-9	0.0000506700	1.2247448714E-8	0.000	15.900
10/24/2022	11:50 PM	-0.1596682100	47.300	8.804	10.001	0.0000010000	0.0000049131	8.9274479240E-9	0.0000506500	0.0000000000E+0	0.000	15.900
10/24/2022	11:50 PM	-0.1646971300	47.300	8.812	10.001	0.0000010000	0.0000049008	3.4516675185E-9	0.0000501000	1.7911534525E-7	0.000	15.900
10/24/2022	11:51 PM	-0.1697260500	47.300	8.817	10.002	0.0000010000	0.0000049037	1.0452878145E-8	0.0000505400	4.3011626335E-8	0.000	15.800
10/24/2022	11:52 PM	-0.1747549700	47.300	8.820	10.001	0.0000010000	0.0000049010	5.1853801432E-9	0.0000506300	1.2247448714E-8	0.000	15.800
10/24/2022	11:52 PM	-0.1797838900	47.300	8.829	10.001	0.0000010000	0.0000049011	9.1198849945E-9	0.0000507100	1.0000000000E-8	0.000	15.800
10/24/2022	11:53 PM	-0.1848128100	47.300	8.796	9.996	0.0000010000	0.0000048937	3.6327888625E-9	0.0000506000	0.0000000000E+0	0.000	15.900
10/24/2022	11:54 PM	-0.1898417300	47.300	8.798	9.999	0.0000010000	0.0000048987	3.6371337549E-9	0.0000506700	1.2247448714E-8	0.000	15.900
10/24/2022	11:54 PM	-0.1948706500	47.300	8.804	10.000	0.0000010000	0.0000049015	5.8233729977E-9	0.0000506500	0.0000000000E+0	0.000	15.800
10/24/2022	11:55 PM	-0.1998995700	47.300	8.814	10.001	0.0000010000	0.0000049045	3.5895879661E-9	0.0000506000	0.0000000000E+0	0.000	15.800
10/24/2022	11:56 PM	-0.2049284900	47.300	8.816	10.001	0.0000010000	0.0000048982	1.0896709114E-8	0.0000506500	0.0000000000E+0	0.000	15.800
10/24/2022	11:56 PM	-0.2099574100	47.300	8.822	10.001	0.0000010000	0.0000048930	7.4996911756E-9	0.0000506600	1.0000000000E-8	0.000	15.800
10/24/2022	11:57 PM	-0.2149863300	47.300	8.827	10.001	0.0000010000	0.0000048947	7.2606278790E-9	0.0000506100	1.0000000000E-8	0.000	15.800
10/24/2022	11:58 PM	-0.2200152500	47.300	8.834	10.002	0.0000010000	0.0000048993	7.0642579211E-9	0.0000506800	1.2247448714E-8	0.000	15.700
10/24/2022	11:58 PM	-0.2250441700	47.300	8.838	10.001	0.0000010000	0.0000049013	7.9624932712E-9	0.0000506800	1.2247448714E-8	0.000	15.700
10/24/2022	11:59 PM	-0.2300730900	47.300	8.845	10.002	0.0000010000	0.0000048896	5.8884139832E-9	0.0000506400	2.2247448714E-8	0.000	15.700
10/25/2022	12:00 AM	-0.2351020100	47.300	8.846	10.001	0.0000010000	0.0000049005	7.0705616420E-9	0.0000506200	1.2247448714E-8	0.000	15.600
10/25/2022	12:00 AM	-0.2401309300	47.300	8.853	10.001	0.0000010000	0.0000048918	5.1867823868E-9	0.0000506200	1.2247448714E-8	0.000	15.600
10/25/2022	12:01 AM	-0.2451598500	47.300	8.854	10.001	0.0000010000	0.0000048894	5.3350083344E-9	0.0000506500	0.0000000000E+0	0.000	15.600
10/25/2022	12:02 AM	-0.2501887700	47.300	8.863	10.001	0.0000010000	0.0000048906	4.2584032252E-9	0.0000504900	5.8615541191E-8	0.000	15.600
10/25/2022	12:02 AM	-0.2552176900	47.300	8.865	10.001	0.0000010000	0.0000048894	6.1844282192E-9	0.0000506500	0.0000000000E+0	0.000	15.600
10/25/2022	12:03 AM	-0.2602466100	47.300	8.870	10.001	0.0000010000	0.0000048955	6.0221106626E-9	0.0000506000	0.0000000000E+0	0.000	15.500
10/25/2022	12:04 AM	-0.2652755300	47.300	8.875	10.001	0.0000010000	0.0000048968	5.7546966717E-9	0.0000506200	1.2247448714E-8	0.000	15.500
10/25/2022	12:04 AM	-0.2703044500	47.300	8.878	10.001	0.0000010000	0.0000048895	9.3752410998E-9	0.0000506000	0.0000000000E+0	0.000	15.500
10/25/2022	12:05 AM	-0.2753333700	47.300	8.884	10.001	0.0000010000	0.0000048808	8.2729339556E-9	0.0000506500	0.0000000000E+0	0.000	15.400
10/25/2022	12:06 AM	-0.2803622900	47.300	8.885	10.001	0.0000010000	0.0000048897	6.4707390899E-9	0.0000506900	1.0000000000E-8	0.000	15.400
10/25/2022	12:06 AM	-0.2853912100	47.300	8.890	10.001	0.0000010000	0.0000048891	8.8436371354E-9	0.0000504400	8.7413930606E-8	0.000	15.400
10/25/2022	12:07 AM	-0.2904201300	47.300	8.894	10.001	0.0000010000	0.0000048894	4.6198501967E-9	0.0000506800	1.2247448714E-8	0.000	15.400
10/25/2022	12:08 AM	-0.2954490500	47.300	8.897	10.000	0.0000010000	0.0000048927	6.7202218054E-9	0.0000506600	1.0000000000E-8	0.000	15.300
10/25/2022	12:08 AM	-0.3004779700	47.300	8.902	10.001	0.0000010000	0.0000048971	8.2264487885E-9	0.0000507200	1.2247448714E-8	0.000	15.300
