! User Name:	Aditya_Kumar
! Sample Name:	FGT_CPS_ZFCf120K_FC_P8T
! Sample ID:	FGT_CPS_4C
! Date:	11/4/2022	Time:	10:19 AM
! Current Source:	Keithley 224 Current Source
! Voltmeter V1:	Keithley 182 Degital voltmeter
! Voltmeter V2:	Keithley 2182A  NanoVoltmeter
! V1 (volts):	Vxy
! V2 (volts):	Vxx
! Max Field (Tesla):0.600000	! Data points (0_maxT:460.000000	! Average Number:5.000000	
! Comments:	Device was fabricated inside glove box.
! 
! 
! 
! 
! 
Data	Time	Magnetic Field (T)	Helium Level (%)	VTI Temperature (K)	Sample Temparture (K)	Current (A) 	Voltage-1(V)	Std. of V1	Voltage-2 (V)	Std. of V2	VTI  Heater Power (%)	Sample Heater Power (%)
11/4/2022	10:21 AM	0.3004779700	74.100	2.999	4.999	0.0000010000	0.0000059947	8.6051921983E-9	0.0000505500	1.6940658945E-21	2.400	13.600
11/4/2022	10:22 AM	0.1998995700	74.100	17.997	20.000	0.0000010000	0.0000059872	6.1715624810E-9	0.0000505200	2.8058837015E-8	5.300	32.200
11/4/2022	10:22 AM	0.1005784000	74.100	17.998	20.001	0.0000010000	0.0000059954	8.5169081573E-9	0.0000504800	1.2247448714E-8	5.300	32.200
11/4/2022	10:23 AM	0.0000000000	74.100	17.996	20.001	0.0000010000	0.0000059898	4.8533560409E-9	0.0000504800	2.5495097568E-8	5.300	32.200
11/4/2022	10:23 AM	-0.0502892000	74.100	17.997	20.000	0.0000010000	0.0000059937	7.9882714514E-9	0.0000504400	2.9154759474E-8	5.300	32.200
11/4/2022	10:23 AM	-0.1005784000	74.100	17.996	19.999	0.0000010000	0.0000059953	6.9504737771E-9	0.0000505000	2.4494897428E-8	5.300	32.200
11/4/2022	10:24 AM	-0.1056073200	74.100	17.999	20.000	0.0000010000	0.0000060007	5.9695925369E-9	0.0000505500	3.3881317890E-21	5.300	32.200
11/4/2022	10:24 AM	-0.1093790100	74.100	17.998	20.000	0.0000010000	0.0000059858	4.6787932246E-9	0.0000505500	3.3881317890E-21	5.300	32.200
11/4/2022	10:25 AM	-0.1144079300	74.100	17.998	20.000	0.0000010000	0.0000059870	5.3519564954E-9	0.0000505700	2.2247448714E-8	5.300	32.200
11/4/2022	10:25 AM	-0.1194368500	74.100	17.998	20.000	0.0000010000	0.0000059902	5.5480608437E-9	0.0000505300	2.0000000000E-8	5.300	32.200
11/4/2022	10:26 AM	-0.1244657700	74.100	18.000	20.000	0.0000010000	0.0000046522	7.0804951670E-9	0.0000505300	1.2247448714E-8	5.300	32.200
11/4/2022	10:26 AM	-0.1294946900	74.100	18.000	20.000	0.0000010000	0.0000046512	4.9889666778E-9	0.0000505000	3.3881317890E-21	5.300	32.200
11/4/2022	10:26 AM	-0.1345236100	74.100	17.999	20.000	0.0000010000	0.0000046553	5.1668231606E-9	0.0000504900	2.2247448714E-8	5.300	32.200
11/4/2022	10:27 AM	-0.1395525300	74.100	17.999	20.000	0.0000010000	0.0000046526	1.0087089562E-8	0.0000505900	2.4494897428E-8	5.300	32.200
11/4/2022	10:27 AM	-0.1445814500	74.100	17.999	20.000	0.0000010000	0.0000046574	6.2750582685E-9	0.0000504900	1.0000000000E-8	5.300	32.200
11/4/2022	10:28 AM	-0.1496103700	74.100	18.001	20.000	0.0000010000	0.0000046455	3.7890444449E-9	0.0000505000	2.4494897428E-8	5.300	32.200
11/4/2022	10:28 AM	-0.1546392900	74.100	18.000	20.000	0.0000010000	0.0000046504	7.0043717276E-9	0.0000505000	3.3881317890E-21	5.300	32.200
11/4/2022	10:29 AM	-0.1596682100	74.100	17.999	20.000	0.0000010000	0.0000046501	5.8415296608E-9	0.0000505500	3.3881317890E-21	5.300	32.200
11/4/2022	10:29 AM	-0.1646971300	74.100	18.000	20.000	0.0000010000	0.0000046536	5.9297413759E-9	0.0000505200	1.2247448714E-8	5.300	32.200
11/4/2022	10:29 AM	-0.1697260500	74.100	18.000	20.000	0.0000010000	0.0000046426	8.8394938919E-9	0.0000505500	3.3881317890E-21	5.300	32.200
11/4/2022	10:30 AM	-0.1747549700	74.100	18.000	20.000	0.0000010000	0.0000046504	5.1383252908E-9	0.0000505400	2.2247448714E-8	5.300	32.200
11/4/2022	10:30 AM	-0.1797838900	74.100	18.000	20.000	0.0000010000	0.0000046621	7.8754109161E-9	0.0000505400	1.0000000000E-8	5.300	32.200
11/4/2022	10:31 AM	-0.1848128100	74.100	18.000	20.000	0.0000010000	0.0000046529	2.7940652663E-9	0.0000505600	1.0000000000E-8	5.300	32.200
11/4/2022	10:31 AM	-0.1898417300	74.100	18.000	20.000	0.0000010000	0.0000046465	4.8901446910E-9	0.0000505600	1.0000000000E-8	5.300	32.200
11/4/2022	10:32 AM	-0.1948706500	74.100	18.000	20.000	0.0000010000	0.0000046406	3.8769363510E-9	0.0000505600	1.0000000000E-8	5.300	32.200
11/4/2022	10:32 AM	-0.1998995700	74.100	18.001	20.000	0.0000010000	0.0000046525	3.9859870775E-9	0.0000505200	1.2247448714E-8	5.300	32.200
11/4/2022	10:32 AM	-0.2049284900	74.100	17.998	20.000	0.0000010000	0.0000046472	3.2318853632E-9	0.0000505100	2.4494897428E-8	5.300	32.200
11/4/2022	10:33 AM	-0.2099574100	74.100	18.001	20.000	0.0000010000	0.0000046495	4.9272323802E-9	0.0000505200	1.2247448714E-8	5.300	32.200
11/4/2022	10:33 AM	-0.2149863300	74.100	18.000	20.000	0.0000010000	0.0000046459	5.3278572042E-9	0.0000505000	2.0000000000E-8	5.300	32.200
11/4/2022	10:34 AM	-0.2200152500	74.100	18.000	20.000	0.0000010000	0.0000046443	5.6030449333E-9	0.0000505400	1.0000000000E-8	5.300	32.200
11/4/2022	10:34 AM	-0.2250441700	74.100	18.001	20.000	0.0000010000	0.0000046426	5.9458094827E-9	0.0000504400	1.8708286934E-8	5.300	32.200
11/4/2022	10:35 AM	-0.2300730900	74.100	18.000	20.000	0.0000010000	0.0000046402	6.4633466664E-9	0.0000505300	1.2247448714E-8	5.300	32.200
11/4/2022	10:35 AM	-0.2351020100	74.100	18.000	20.000	0.0000010000	0.0000046420	6.2893447195E-9	0.0000505400	1.0000000000E-8	5.300	32.200
11/4/2022	10:36 AM	-0.2401309300	74.100	18.000	20.000	0.0000010000	0.0000046518	5.1602885848E-9	0.0000502700	7.5166481892E-8	5.300	32.200
11/4/2022	10:36 AM	-0.2451598500	74.100	18.000	20.000	0.0000010000	0.0000046445	3.6956703685E-9	0.0000505200	1.2247448714E-8	5.300	32.200
11/4/2022	10:37 AM	-0.2501887700	74.100	18.000	20.000	0.0000010000	0.0000046355	6.8526134489E-9	0.0000505500	1.6940658945E-21	5.300	32.200
11/4/2022	10:37 AM	-0.2552176900	74.100	18.001	20.000	0.0000010000	0.0000046395	7.4403405009E-9	0.0000502900	6.4031242374E-8	5.300	32.200
11/4/2022	10:37 AM	-0.2602466100	74.100	17.998	20.000	0.0000010000	0.0000046446	5.2814894643E-9	0.0000505000	1.6940658945E-21	5.300	32.200
11/4/2022	10:38 AM	-0.2652755300	74.100	17.999	20.000	0.0000010000	0.0000046396	6.9646280285E-9	0.0000505500	3.3881317890E-21	5.300	32.200
11/4/2022	10:38 AM	-0.2703044500	74.100	17.999	20.000	0.0000010000	0.0000046387	5.6167945539E-9	0.0000505500	3.3881317890E-21	5.300	32.200
11/4/2022	10:39 AM	-0.2753333700	74.100	17.999	20.000	0.0000010000	0.0000046335	7.2765700935E-9	0.0000505500	3.3881317890E-21	5.300	32.200
11/4/2022	10:39 AM	-0.2803622900	74.100	18.000	20.000	0.0000010000	0.0000046402	6.6897261367E-9	0.0000504900	1.8708286934E-8	5.300	32.200
11/4/2022	10:39 AM	-0.2853912100	74.100	18.000	20.000	0.0000010000	0.0000046434	5.9482305463E-9	0.0000505500	3.3881317890E-21	5.300	32.200
11/4/2022	10:40 AM	-0.2904201300	74.100	18.002	20.000	0.0000010000	0.0000046416	6.3003550043E-9	0.0000505300	2.2247448714E-8	5.300	32.200
11/4/2022	10:40 AM	-0.2954490500	74.100	17.998	20.000	0.0000010000	0.0000046362	5.0788402458E-9	0.0000505500	3.3881317890E-21	5.300	32.200
11/4/2022	10:41 AM	-0.3004779700	74.100	18.002	20.001	0.0000010000	0.0000046416	5.0538627583E-9	0.0000505400	1.0000000000E-8	5.300	32.200
11/4/2022	10:41 AM	-0.1998995700	74.100	18.002	20.000	0.0000010000	0.0000046404	5.9893147652E-9	0.0000505800	1.2247448714E-8	5.300	32.200
11/4/2022	10:42 AM	-0.1005784000	74.100	18.005	20.001	0.0000010000	0.0000046399	4.7690908514E-9	0.0000505900	2.4494897428E-8	5.300	32.200
11/4/2022	10:42 AM	-0.0502892000	74.100	18.002	20.001	0.0000010000	0.0000046392	5.8561757684E-9	0.0000507000	2.2360679775E-8	5.300	32.200
11/4/2022	10:43 AM	-0.0452602800	74.100	17.998	20.000	0.0000010000	0.0000046462	6.2564561642E-9	0.0000506000	3.3881317890E-21	5.300	32.200
11/4/2022	10:43 AM	-0.0402313600	74.100	17.999	20.000	0.0000010000	0.0000046515	4.9626196216E-9	0.0000505700	1.2247448714E-8	5.300	32.200
11/4/2022	10:44 AM	-0.0352024400	74.100	17.999	20.000	0.0000010000	0.0000046384	7.8440938513E-9	0.0000505700	1.2247448714E-8	5.300	32.200
11/4/2022	10:44 AM	-0.0301735200	74.100	17.998	20.000	0.0000010000	0.0000046421	5.4763735729E-9	0.0000505900	1.0000000000E-8	5.300	32.200
11/4/2022	10:44 AM	-0.0251446000	74.100	17.999	20.000	0.0000010000	0.0000046363	4.4817678708E-9	0.0000506100	1.0000000000E-8	5.300	32.200
11/4/2022	10:45 AM	-0.0201156800	74.100	17.999	20.000	0.0000010000	0.0000046193	6.0249323939E-9	0.0000506000	3.3881317890E-21	5.300	32.200
11/4/2022	10:45 AM	-0.0150867600	74.100	17.999	20.000	0.0000010000	0.0000046404	7.0987817027E-9	0.0000505500	2.4494897428E-8	5.300	32.200
11/4/2022	10:46 AM	-0.0100578400	74.100	17.999	20.000	0.0000010000	0.0000046499	6.1769782412E-9	0.0000505700	1.2247448714E-8	5.300	32.200
11/4/2022	10:46 AM	-0.0050289200	74.100	17.999	20.000	0.0000010000	0.0000046290	1.6573520743E-9	0.0000505800	1.2247448714E-8	5.300	32.200
11/4/2022	10:46 AM	0.0000000000	74.100	17.999	20.000	0.0000010000	0.0000046454	5.4423042523E-9	0.0000506200	1.2247448714E-8	5.300	32.200
11/4/2022	10:47 AM	0.0050289200	74.100	17.999	20.000	0.0000010000	0.0000046461	6.1925171915E-9	0.0000505800	1.2247448714E-8	5.300	32.200
11/4/2022	10:47 AM	0.0100578400	74.100	18.000	20.000	0.0000010000	0.0000046398	5.2268787790E-9	0.0000505400	1.0000000000E-8	5.300	32.200
11/4/2022	10:48 AM	0.0150867600	74.100	18.000	20.000	0.0000010000	0.0000046382	3.6094817399E-9	0.0000506000	3.3881317890E-21	5.300	32.200
11/4/2022	10:48 AM	0.0201156800	74.100	18.000	20.000	0.0000010000	0.0000046423	7.2527954836E-9	0.0000501900	1.2083045974E-7	5.300	32.200
11/4/2022	10:49 AM	0.0251446000	74.100	17.999	20.000	0.0000010000	0.0000046333	4.4932320180E-9	0.0000505200	1.2247448714E-8	5.300	32.200
11/4/2022	10:49 AM	0.0301735200	74.100	18.000	20.000	0.0000010000	0.0000046336	9.0476037511E-9	0.0000505900	1.0000000000E-8	5.300	32.200
11/4/2022	10:50 AM	0.0352024400	74.100	18.000	20.000	0.0000010000	0.0000046374	5.4704662505E-9	0.0000505800	1.2247448714E-8	5.300	32.200
11/4/2022	10:50 AM	0.0402313600	74.100	17.999	20.000	0.0000010000	0.0000046407	3.9035592654E-9	0.0000505500	3.3881317890E-21	5.300	32.200
11/4/2022	10:51 AM	0.0452602800	74.100	18.001	20.000	0.0000010000	0.0000046552	4.1578550342E-9	0.0000505100	1.0000000000E-8	5.300	32.200
11/4/2022	10:51 AM	0.0502892000	74.100	17.999	20.000	0.0000010000	0.0000046390	3.3039534807E-9	0.0000505800	2.0000000000E-8	5.300	32.200
11/4/2022	10:51 AM	0.0553181200	74.100	17.999	20.000	0.0000010000	0.0000046364	3.1003964335E-9	0.0000505500	3.3881317890E-21	5.300	32.200
11/4/2022	10:52 AM	0.0603470400	74.100	17.999	20.000	0.0000010000	0.0000046343	5.8185454336E-9	0.0000505900	1.0000000000E-8	5.300	32.200
11/4/2022	10:52 AM	0.0653759600	74.100	17.996	20.000	0.0000010000	0.0000046455	6.0334236669E-9	0.0000506200	1.2247448714E-8	5.300	32.200
11/4/2022	10:53 AM	0.0704048800	74.100	17.998	20.000	0.0000010000	0.0000046345	5.3605542910E-9	0.0000505800	2.2247448714E-8	5.300	32.200
11/4/2022	10:53 AM	0.0754338000	74.100	18.001	20.000	0.0000010000	0.0000046460	4.1331366973E-9	0.0000505500	3.3881317890E-21	5.300	32.200
11/4/2022	10:54 AM	0.0804627200	74.100	18.000	20.000	0.0000010000	0.0000046512	5.6185323891E-9	0.0000505800	1.2247448714E-8	5.300	32.200
11/4/2022	10:54 AM	0.0854916400	74.100	18.002	20.000	0.0000010000	0.0000059646	4.7648358172E-9	0.0000506100	1.0000000000E-8	5.300	32.200
11/4/2022	10:54 AM	0.0905205600	74.100	18.001	20.000	0.0000010000	0.0000059620	8.2945642056E-9	0.0000502100	1.1768602296E-7	5.300	32.200
11/4/2022	10:55 AM	0.0955494800	74.100	18.001	20.000	0.0000010000	0.0000059600	5.7843895071E-9	0.0000506000	3.3881317890E-21	5.300	32.200
11/4/2022	10:55 AM	0.1005784000	74.100	17.997	19.999	0.0000010000	0.0000059537	6.8589832773E-9	0.0000505300	1.2247448714E-8	5.300	32.200
11/4/2022	10:56 AM	0.1056073200	74.100	17.998	20.000	0.0000010000	0.0000059621	5.2716326177E-9	0.0000505800	1.2247448714E-8	5.300	32.200
11/4/2022	10:56 AM	0.1093790100	74.100	17.985	19.997	0.0000010000	0.0000059719	4.0970583973E-9	0.0000505300	1.2247448714E-8	5.400	32.300
11/4/2022	10:57 AM	0.1144079300	74.100	17.997	20.000	0.0000010000	0.0000059784	6.9384841938E-9	0.0000503000	7.4031242374E-8	5.300	32.200
11/4/2022	10:57 AM	0.1194368500	74.100	18.018	20.004	0.0000010000	0.0000059633	8.8077046047E-9	0.0000505500	3.3881317890E-21	5.200	32.200
11/4/2022	10:58 AM	0.1244657700	74.100	18.010	20.001	0.0000010000	0.0000059774	6.1328220107E-9	0.0000505400	2.4494897428E-8	5.200	32.100
11/4/2022	10:58 AM	0.1294946900	74.100	18.004	20.000	0.0000010000	0.0000059862	6.6700022174E-9	0.0000506700	4.7602787773E-8	5.300	32.200
11/4/2022	10:58 AM	0.1345236100	74.100	17.998	19.999	0.0000010000	0.0000059756	3.6116926045E-9	0.0000506000	3.3881317890E-21	5.300	32.200
11/4/2022	10:59 AM	0.1395525300	74.100	17.996	19.999	0.0000010000	0.0000059734	4.6258547644E-9	0.0000506200	1.2247448714E-8	5.300	32.200
11/4/2022	10:59 AM	0.1445814500	74.100	17.997	20.000	0.0000010000	0.0000059697	5.9793172916E-9	0.0000505500	2.4494897428E-8	5.300	32.200
11/4/2022	11:00 AM	0.1496103700	74.100	17.999	20.000	0.0000010000	0.0000059690	8.1505833199E-9	0.0000504400	4.3011626335E-8	5.300	32.200
11/4/2022	11:00 AM	0.1546392900	74.100	17.999	20.000	0.0000010000	0.0000059810	6.4362802338E-9	0.0000505700	1.2247448714E-8	5.300	32.200
11/4/2022	11:00 AM	0.1596682100	74.100	17.999	20.000	0.0000010000	0.0000060003	6.5555465039E-9	0.0000505500	3.3881317890E-21	5.300	32.200
11/4/2022	11:01 AM	0.1646971300	74.100	17.999	20.000	0.0000010000	0.0000059844	7.6470620072E-9	0.0000505700	2.2247448714E-8	5.300	32.200
11/4/2022	11:01 AM	0.1697260500	74.100	17.999	20.000	0.0000010000	0.0000059784	6.8415642132E-9	0.0000505700	1.2247448714E-8	5.300	32.200
11/4/2022	11:02 AM	0.1747549700	74.100	17.999	20.000	0.0000010000	0.0000059914	8.7238859895E-9	0.0000505200	2.2247448714E-8	5.300	32.200
11/4/2022	11:02 AM	0.1797838900	74.100	18.001	20.000	0.0000010000	0.0000059753	8.0089411553E-9	0.0000505400	3.0955735648E-8	5.300	32.200
11/4/2022	11:03 AM	0.1848128100	74.100	18.000	20.000	0.0000010000	0.0000059958	5.6060005024E-9	0.0000505800	1.2247448714E-8	5.300	32.200
11/4/2022	11:03 AM	0.1898417300	74.100	18.000	20.000	0.0000010000	0.0000059827	3.7539873064E-9	0.0000505500	3.3881317890E-21	5.300	32.200
11/4/2022	11:04 AM	0.1948706500	74.100	17.999	20.000	0.0000010000	0.0000059859	4.8130654681E-9	0.0000505500	3.3881317890E-21	5.300	32.200
11/4/2022	11:04 AM	0.1998995700	74.100	18.001	20.000	0.0000010000	0.0000059810	4.3812792227E-9	0.0000503600	5.3385391260E-8	5.300	32.200
11/4/2022	11:04 AM	0.2049284900	74.100	17.999	20.000	0.0000010000	0.0000059701	3.5022180242E-9	0.0000505300	1.2247448714E-8	5.300	32.200
11/4/2022	11:05 AM	0.2099574100	74.100	18.000	20.000	0.0000010000	0.0000059795	7.7199072750E-9	0.0000505500	3.3881317890E-21	5.300	32.200
11/4/2022	11:05 AM	0.2149863300	74.100	18.000	20.000	0.0000010000	0.0000059939	5.0589059558E-9	0.0000505900	1.0000000000E-8	5.300	32.200
11/4/2022	11:06 AM	0.2200152500	74.100	18.001	20.000	0.0000010000	0.0000059876	5.2954149284E-9	0.0000506000	2.0000000000E-8	5.300	32.200
11/4/2022	11:06 AM	0.2250441700	74.100	18.000	20.000	0.0000010000	0.0000059925	3.9013297831E-9	0.0000505500	3.3881317890E-21	5.300	32.200
11/4/2022	11:07 AM	0.2300730900	74.100	18.000	20.000	0.0000010000	0.0000059872	5.0994006512E-9	0.0000505700	1.2247448714E-8	5.300	32.200
11/4/2022	11:07 AM	0.2351020100	74.100	18.001	20.000	0.0000010000	0.0000059886	4.6189470937E-9	0.0000505500	3.3881317890E-21	5.300	32.200
11/4/2022	11:07 AM	0.2401309300	74.100	18.001	20.000	0.0000010000	0.0000059897	2.9966184702E-9	0.0000505400	2.4494897428E-8	5.300	32.200
11/4/2022	11:08 AM	0.2451598500	74.100	18.002	20.000	0.0000010000	0.0000059893	6.2096789084E-9	0.0000505900	1.0000000000E-8	5.300	32.200
11/4/2022	11:08 AM	0.2501887700	74.100	18.000	20.000	0.0000010000	0.0000059899	4.7825103500E-9	0.0000505600	1.0000000000E-8	5.300	32.200
11/4/2022	11:09 AM	0.2552176900	74.100	18.001	20.000	0.0000010000	0.0000059830	5.4304490088E-9	0.0000505500	3.3881317890E-21	5.300	32.200
11/4/2022	11:09 AM	0.2602466100	74.100	17.999	20.000	0.0000010000	0.0000059938	6.4712471426E-9	0.0000502400	9.4074438611E-8	5.300	32.200
11/4/2022	11:10 AM	0.2652755300	74.100	18.000	20.000	0.0000010000	0.0000059902	5.6128511586E-9	0.0000505500	2.4494897428E-8	5.300	32.200
11/4/2022	11:10 AM	0.2703044500	74.100	18.000	20.000	0.0000010000	0.0000059770	5.3151451557E-9	0.0000505600	1.0000000000E-8	5.300	32.200
11/4/2022	11:10 AM	0.2753333700	74.100	18.001	20.000	0.0000010000	0.0000059867	7.1543731019E-9	0.0000496600	2.6897955313E-7	5.300	32.200
11/4/2022	11:11 AM	0.2803622900	74.100	18.000	20.000	0.0000010000	0.0000059912	4.6568310108E-9	0.0000505500	3.3881317890E-21	5.300	32.200
11/4/2022	11:11 AM	0.2853912100	74.100	18.000	20.000	0.0000010000	0.0000059788	6.9499047814E-9	0.0000505500	3.3881317890E-21	5.300	32.200
11/4/2022	11:12 AM	0.2904201300	74.100	17.998	20.000	0.0000010000	0.0000059859	6.9871439516E-9	0.0000503700	4.0620192023E-8	5.300	32.200
11/4/2022	11:12 AM	0.2954490500	74.100	18.001	20.000	0.0000010000	0.0000059801	3.1417042255E-9	0.0000505800	1.2247448714E-8	5.300	32.200
11/4/2022	11:13 AM	0.3004779700	74.100	17.999	20.000	0.0000010000	0.0000059922	5.6324244851E-9	0.0000505600	2.2247448714E-8	5.300	32.200
