! User Name:	Aditya_Kumar
! Sample Name:	FGT_CPS_FCf120K M8T
! Sample ID:	FGT_CPS_4C
! Date:	10/26/2022	Time:	11:49 AM
! Current Source:	Keithley 224 Current Source
! Voltmeter V1:	Keithley 182 Degital voltmeter
! Voltmeter V2:	Keithley 2182A  NanoVoltmeter
! V1 (volts):	Vxy
! V2 (volts):	Vxx
! Max Field (Tesla):0.600000	! Data points (0_maxT:460.000000	! Average Number:5.000000	
! Comments:	Device was fabricated inside glove box.
! 
! 
! 
! 
! 
Data	Time	Magnetic Field (T)	Helium Level (%)	VTI Temperature (K)	Sample Temparture (K)	Current (A) 	Voltage-1(V)	Std. of V1	Voltage-2 (V)	Std. of V2	VTI  Heater Power (%)	Sample Heater Power (%)
10/26/2022	12:09 PM	-0.3004779700	74.100	2.999	4.999	0.0000010000	0.0000047842	3.6672793381E-9	0.0000505700	1.2247448714E-8	2.400	13.600
10/26/2022	12:10 PM	-0.1998995700	57.600	23.010	25.000	0.0000010000	0.0000047700	7.4325128766E-9	0.0000505500	1.6940658945E-21	5.600	35.300
10/26/2022	12:11 PM	-0.1005784000	57.600	23.000	25.000	0.0000010000	0.0000047699	4.8824816886E-9	0.0000505500	1.6940658945E-21	5.600	35.300
10/26/2022	12:12 PM	0.0000000000	57.600	23.000	25.000	0.0000010000	0.0000047732	2.8820983169E-9	0.0000501200	1.4017845769E-7	5.600	35.300
10/26/2022	12:12 PM	0.0502892000	57.600	23.000	25.000	0.0000010000	0.0000047821	4.9733224948E-9	0.0000505100	1.0000000000E-8	5.600	35.300
10/26/2022	12:13 PM	0.1005784000	57.600	23.000	25.000	0.0000010000	0.0000047863	7.6974797202E-9	0.0000505900	1.0000000000E-8	5.600	35.300
10/26/2022	12:14 PM	0.1056073200	57.600	23.000	25.000	0.0000010000	0.0000047720	6.4091105848E-9	0.0000505400	2.9154759474E-8	5.600	35.300
10/26/2022	12:14 PM	0.1093790100	57.600	23.000	25.000	0.0000010000	0.0000047676	7.2901381499E-9	0.0000505700	1.2247448714E-8	5.500	35.300
10/26/2022	12:15 PM	0.1144079300	57.600	23.000	25.001	0.0000010000	0.0000047733	7.5797129046E-9	0.0000505500	2.0000000000E-8	5.500	35.300
10/26/2022	12:16 PM	0.1194368500	57.600	23.000	25.000	0.0000010000	0.0000060730	7.8134389976E-9	0.0000506200	2.0000000000E-8	5.500	35.300
10/26/2022	12:16 PM	0.1244657700	57.600	23.000	25.001	0.0000010000	0.0000060853	4.2107715806E-9	0.0000505400	2.4494897428E-8	5.500	35.300
10/26/2022	12:17 PM	0.1294946900	57.600	23.000	25.000	0.0000010000	0.0000060818	7.1819208296E-9	0.0000505800	1.2247448714E-8	5.500	35.300
10/26/2022	12:18 PM	0.1345236100	57.600	23.000	25.000	0.0000010000	0.0000060881	4.9572082949E-9	0.0000505800	1.2247448714E-8	5.500	35.300
10/26/2022	12:18 PM	0.1395525300	57.600	23.000	25.000	0.0000010000	0.0000060902	6.0733442495E-9	0.0000506000	3.3881317890E-21	5.500	35.300
10/26/2022	12:19 PM	0.1445814500	57.600	23.000	25.000	0.0000010000	0.0000060932	5.2595835317E-9	0.0000504500	3.5355339059E-8	5.500	35.300
10/26/2022	12:20 PM	0.1496103700	57.600	23.000	25.000	0.0000010000	0.0000060723	6.2112717699E-9	0.0000505500	1.6940658945E-21	5.500	35.300
10/26/2022	12:21 PM	0.1546392900	57.600	23.000	25.000	0.0000010000	0.0000060913	4.5251698863E-9	0.0000505600	1.0000000000E-8	5.500	35.200
10/26/2022	12:21 PM	0.1596682100	57.600	23.000	25.000	0.0000010000	0.0000060889	3.2091488915E-9	0.0000505200	1.2247448714E-8	5.500	35.200
10/26/2022	12:22 PM	0.1646971300	57.600	23.000	25.000	0.0000010000	0.0000060843	7.1202240782E-9	0.0000505700	1.2247448714E-8	5.400	35.300
10/26/2022	12:23 PM	0.1697260500	57.600	23.000	25.000	0.0000010000	0.0000060910	5.6905897144E-9	0.0000505900	1.0000000000E-8	5.400	35.200
10/26/2022	12:23 PM	0.1747549700	56.000	23.000	25.000	0.0000010000	0.0000060872	6.5298750353E-9	0.0000502000	1.0000000000E-7	5.400	35.200
10/26/2022	12:24 PM	0.1797838900	56.000	23.000	25.001	0.0000010000	0.0000061005	5.7682010248E-9	0.0000505400	2.4494897428E-8	5.400	35.200
10/26/2022	12:25 PM	0.1848128100	56.000	23.000	25.000	0.0000010000	0.0000060962	3.3870022385E-9	0.0000505700	1.2247448714E-8	5.400	35.200
10/26/2022	12:25 PM	0.1898417300	56.000	23.000	25.000	0.0000010000	0.0000061016	4.8872862504E-9	0.0000505400	1.0000000000E-8	5.400	35.200
10/26/2022	12:26 PM	0.1948706500	56.000	23.000	25.000	0.0000010000	0.0000061049	3.6635794197E-9	0.0000505700	1.2247448714E-8	5.400	35.200
10/26/2022	12:27 PM	0.1998995700	56.000	23.000	25.000	0.0000010000	0.0000060901	5.9723073029E-9	0.0000504200	6.3237643850E-8	5.400	35.200
10/26/2022	12:27 PM	0.2049284900	56.000	23.000	25.000	0.0000010000	0.0000061024	4.7124278266E-9	0.0000505500	1.6940658945E-21	5.400	35.200
10/26/2022	12:28 PM	0.2099574100	56.000	23.000	25.000	0.0000010000	0.0000060974	8.0389230621E-9	0.0000505800	1.2247448714E-8	5.400	35.200
10/26/2022	12:29 PM	0.2149863300	56.000	23.000	25.001	0.0000010000	0.0000061113	6.2755932642E-9	0.0000505900	1.0000000000E-8	5.400	35.200
10/26/2022	12:29 PM	0.2200152500	56.000	23.000	25.000	0.0000010000	0.0000061008	4.7122162928E-9	0.0000505700	1.2247448714E-8	5.400	35.200
10/26/2022	12:30 PM	0.2250441700	56.000	23.000	25.000	0.0000010000	0.0000061150	3.5086218184E-9	0.0000505400	2.4494897428E-8	5.300	35.200
10/26/2022	12:31 PM	0.2300730900	56.000	23.000	25.000	0.0000010000	0.0000061200	3.7639464233E-9	0.0000505900	2.4494897428E-8	5.300	35.200
10/26/2022	12:31 PM	0.2351020100	56.000	23.000	25.000	0.0000010000	0.0000061046	5.4402209263E-9	0.0000505500	0.0000000000E+0	5.300	35.200
10/26/2022	12:32 PM	0.2401309300	56.000	23.000	25.000	0.0000010000	0.0000061085	4.1271596220E-9	0.0000505400	1.0000000000E-8	5.300	35.200
10/26/2022	12:33 PM	0.2451598500	56.000	23.000	25.000	0.0000010000	0.0000061097	2.7067953913E-9	0.0000504600	2.4494897428E-8	5.300	35.200
10/26/2022	12:34 PM	0.2501887700	56.000	23.000	25.000	0.0000010000	0.0000061163	5.4921121412E-9	0.0000505500	0.0000000000E+0	5.300	35.200
10/26/2022	12:34 PM	0.2552176900	56.000	23.000	25.000	0.0000010000	0.0000061114	4.1852964221E-9	0.0000505500	0.0000000000E+0	5.300	35.200
10/26/2022	12:35 PM	0.2602466100	56.000	23.000	25.000	0.0000010000	0.0000061153	6.9989458500E-9	0.0000505400	1.0000000000E-8	5.300	35.100
10/26/2022	12:36 PM	0.2652755300	56.000	23.000	25.000	0.0000010000	0.0000061187	6.8282460521E-9	0.0000506000	0.0000000000E+0	5.300	35.200
10/26/2022	12:36 PM	0.2703044500	56.000	23.000	25.000	0.0000010000	0.0000061126	6.6975678760E-9	0.0000505400	2.2247448714E-8	5.300	35.100
10/26/2022	12:37 PM	0.2753333700	56.000	23.000	25.000	0.0000010000	0.0000061043	6.4036451648E-9	0.0000505100	1.0000000000E-8	5.300	35.100
10/26/2022	12:38 PM	0.2803622900	56.000	23.000	25.000	0.0000010000	0.0000061132	5.4599137767E-9	0.0000505500	1.6940658945E-21	5.300	35.100
10/26/2022	12:38 PM	0.2853912100	56.000	23.000	25.000	0.0000010000	0.0000061196	5.6936922721E-9	0.0000505400	1.0000000000E-8	5.200	35.100
10/26/2022	12:39 PM	0.2904201300	56.000	23.000	25.000	0.0000010000	0.0000061166	7.2764652025E-9	0.0000505600	1.0000000000E-8	5.200	35.100
10/26/2022	12:40 PM	0.2954490500	56.000	23.000	25.000	0.0000010000	0.0000061175	3.5084729425E-9	0.0000505500	1.6940658945E-21	5.200	35.100
10/26/2022	12:40 PM	0.3004779700	56.000	23.000	25.000	0.0000010000	0.0000061195	5.3326930544E-9	0.0000505700	1.2247448714E-8	5.200	35.100
10/26/2022	12:41 PM	0.1998995700	56.000	23.000	25.000	0.0000010000	0.0000061081	4.6932857913E-9	0.0000505900	2.4494897428E-8	5.200	35.100
10/26/2022	12:42 PM	0.1005784000	56.000	23.000	25.000	0.0000010000	0.0000061162	3.8861067817E-9	0.0000505500	1.6940658945E-21	5.200	35.100
10/26/2022	12:42 PM	0.0502892000	56.000	23.000	25.000	0.0000010000	0.0000061082	8.4600112710E-9	0.0000506000	3.3881317890E-21	5.200	35.100
10/26/2022	12:43 PM	0.0452602800	56.000	23.000	25.000	0.0000010000	0.0000061102	5.8882524869E-9	0.0000505500	1.6940658945E-21	5.200	35.100
10/26/2022	12:44 PM	0.0402313600	56.000	23.000	25.000	0.0000010000	0.0000061191	7.4472679701E-9	0.0000505200	2.2247448714E-8	5.200	35.100
10/26/2022	12:45 PM	0.0352024400	56.000	23.000	25.000	0.0000010000	0.0000061109	8.6128558886E-9	0.0000505800	2.2247448714E-8	5.200	35.100
10/26/2022	12:45 PM	0.0301735200	56.000	23.000	25.000	0.0000010000	0.0000061153	4.5226869601E-9	0.0000505800	1.2247448714E-8	5.200	35.100
10/26/2022	12:46 PM	0.0251446000	56.000	23.000	25.001	0.0000010000	0.0000061111	3.9519284513E-9	0.0000505600	1.0000000000E-8	5.200	35.100
10/26/2022	12:47 PM	0.0201156800	56.000	23.000	25.000	0.0000010000	0.0000061161	3.2065807380E-9	0.0000506000	3.3881317890E-21	5.100	35.100
10/26/2022	12:47 PM	0.0150867600	56.000	23.000	25.000	0.0000010000	0.0000061165	9.7796620172E-9	0.0000505700	1.2247448714E-8	5.100	35.100
10/26/2022	12:48 PM	0.0100578400	56.000	23.000	25.000	0.0000010000	0.0000061176	8.0921082024E-9	0.0000505300	1.2247448714E-8	5.100	35.100
10/26/2022	12:49 PM	0.0050289200	56.000	23.000	25.000	0.0000010000	0.0000061162	4.4770386958E-9	0.0000506000	3.3881317890E-21	5.100	35.100
10/26/2022	12:49 PM	0.0000000000	56.000	23.000	25.000	0.0000010000	0.0000061206	5.8126768513E-9	0.0000505600	1.0000000000E-8	5.100	35.100
10/26/2022	12:50 PM	-0.0050289200	56.000	23.000	25.000	0.0000010000	0.0000061095	5.9926606332E-9	0.0000505700	1.2247448714E-8	5.100	35.100
10/26/2022	12:51 PM	-0.0100578400	56.000	23.000	25.000	0.0000010000	0.0000061242	8.0535881980E-9	0.0000505400	1.0000000000E-8	5.100	35.100
10/26/2022	12:51 PM	-0.0150867600	56.000	23.000	25.000	0.0000010000	0.0000061084	4.4678212962E-9	0.0000505500	0.0000000000E+0	5.100	35.000
10/26/2022	12:52 PM	-0.0201156800	56.000	23.000	25.000	0.0000010000	0.0000061174	6.8636241917E-9	0.0000505800	1.2247448714E-8	5.100	35.100
10/26/2022	12:53 PM	-0.0251446000	56.000	23.000	25.000	0.0000010000	0.0000061032	9.2439199286E-9	0.0000501700	1.1592965548E-7	5.100	35.100
10/26/2022	12:54 PM	-0.0301735200	56.000	23.000	25.000	0.0000010000	0.0000061226	6.3261804000E-9	0.0000505500	0.0000000000E+0	5.100	35.000
10/26/2022	12:54 PM	-0.0352024400	56.000	23.000	25.000	0.0000010000	0.0000061219	5.4469666288E-9	0.0000506000	0.0000000000E+0	5.100	35.000
10/26/2022	12:55 PM	-0.0402313600	56.000	23.000	25.000	0.0000010000	0.0000061192	6.3311619116E-9	0.0000505600	1.0000000000E-8	5.100	35.000
10/26/2022	12:56 PM	-0.0452602800	56.000	23.000	25.000	0.0000010000	0.0000061120	7.5432800538E-9	0.0000505700	2.2247448714E-8	5.100	35.000
10/26/2022	12:56 PM	-0.0502892000	0.900	23.000	25.000	0.0000010000	0.0000061170	6.6688472290E-9	0.0000505300	1.2247448714E-8	5.100	35.000
10/26/2022	12:57 PM	-0.0553181200	56.000	23.000	25.000	0.0000010000	0.0000061241	4.3353284216E-9	0.0000505700	1.2247448714E-8	5.000	35.000
10/26/2022	12:58 PM	-0.0603470400	56.000	23.000	25.000	0.0000010000	0.0000061181	3.4736430671E-9	0.0000505800	1.2247448714E-8	5.000	35.000
10/26/2022	12:59 PM	-0.0653759600	56.000	23.000	25.000	0.0000010000	0.0000061187	7.6213131813E-9	0.0000505700	1.2247448714E-8	5.000	35.000
10/26/2022	12:59 PM	-0.0704048800	56.000	23.000	25.000	0.0000010000	0.0000061075	3.8733749943E-9	0.0000506200	1.2247448714E-8	5.000	35.000
10/26/2022	1:00 PM	-0.0754338000	56.000	23.000	25.000	0.0000010000	0.0000061169	5.4388788860E-9	0.0000506300	1.2247448714E-8	5.000	35.000
10/26/2022	1:01 PM	-0.0804627200	56.000	23.000	25.000	0.0000010000	0.0000061174	7.5877887997E-9	0.0000506000	0.0000000000E+0	5.000	35.000
10/26/2022	1:01 PM	-0.0854916400	56.000	23.000	25.000	0.0000010000	0.0000061119	2.5378111105E-9	0.0000505800	1.2247448714E-8	5.000	35.000
10/26/2022	1:02 PM	-0.0905205600	56.000	23.000	25.000	0.0000010000	0.0000047843	5.3586488709E-9	0.0000506000	0.0000000000E+0	5.000	35.000
10/26/2022	1:03 PM	-0.0955494800	56.000	23.000	25.000	0.0000010000	0.0000047888	8.2343543909E-9	0.0000505700	1.2247448714E-8	5.000	35.000
10/26/2022	1:03 PM	-0.1005784000	56.000	23.000	25.000	0.0000010000	0.0000047824	4.0858499291E-9	0.0000506000	0.0000000000E+0	5.000	35.000
10/26/2022	1:04 PM	-0.1056073200	56.000	23.000	25.000	0.0000010000	0.0000047949	5.2644962074E-9	0.0000505800	1.2247448714E-8	5.000	35.000
10/26/2022	1:05 PM	-0.1093790100	56.000	23.000	25.000	0.0000010000	0.0000047873	4.5004627899E-9	0.0000504100	5.3385391260E-8	5.000	35.000
10/26/2022	1:05 PM	-0.1144079300	56.000	23.000	25.000	0.0000010000	0.0000047800	4.9270887902E-9	0.0000505800	1.2247448714E-8	5.000	35.000
10/26/2022	1:06 PM	-0.1194368500	56.000	23.000	25.000	0.0000010000	0.0000047816	8.5024447323E-9	0.0000505500	1.6940658945E-21	5.000	35.000
10/26/2022	1:07 PM	-0.1244657700	56.000	23.000	25.000	0.0000010000	0.0000047938	3.8778032359E-9	0.0000505500	1.6940658945E-21	5.000	35.000
10/26/2022	1:07 PM	-0.1294946900	56.000	23.000	25.000	0.0000010000	0.0000047981	5.1093832199E-9	0.0000506000	2.4494897428E-8	5.000	35.000
10/26/2022	1:08 PM	-0.1345236100	56.000	23.000	25.001	0.0000010000	0.0000047764	1.2277953023E-8	0.0000505200	2.2247448714E-8	5.000	35.000
10/26/2022	1:09 PM	-0.1395525300	56.000	23.000	25.000	0.0000010000	0.0000047659	3.2871105086E-9	0.0000504300	4.6368092477E-8	5.000	35.000
10/26/2022	1:09 PM	-0.1445814500	56.000	23.000	25.000	0.0000010000	0.0000047825	5.1711282004E-9	0.0000505500	0.0000000000E+0	5.000	35.000
10/26/2022	1:10 PM	-0.1496103700	56.000	23.000	25.000	0.0000010000	0.0000047716	7.0194364157E-9	0.0000505800	1.2247448714E-8	5.000	35.000
10/26/2022	1:11 PM	-0.1546392900	56.000	23.000	25.000	0.0000010000	0.0000047690	8.2284077133E-9	0.0000505400	1.0000000000E-8	5.000	35.000
10/26/2022	1:11 PM	-0.1596682100	56.000	23.000	25.000	0.0000010000	0.0000047771	6.5393790235E-9	0.0000505300	1.2247448714E-8	5.000	35.000
10/26/2022	1:12 PM	-0.1646971300	56.000	23.000	25.000	0.0000010000	0.0000047769	5.3758162484E-9	0.0000506200	1.2247448714E-8	5.000	35.000
10/26/2022	1:13 PM	-0.1697260500	56.000	23.000	25.000	0.0000010000	0.0000047741	3.8487356313E-9	0.0000505900	1.0000000000E-8	4.900	35.000
10/26/2022	1:13 PM	-0.1747549700	56.000	23.000	25.000	0.0000010000	0.0000047864	6.2639138346E-9	0.0000506200	2.2247448714E-8	4.900	35.000
10/26/2022	1:14 PM	-0.1797838900	56.000	23.000	25.000	0.0000010000	0.0000047811	5.9999068983E-9	0.0000505700	1.2247448714E-8	4.900	35.000
10/26/2022	1:15 PM	-0.1848128100	56.000	23.000	25.000	0.0000010000	0.0000047778	8.2125059100E-9	0.0000499300	2.0161845154E-7	4.900	35.000
10/26/2022	1:15 PM	-0.1898417300	56.000	23.000	25.000	0.0000010000	0.0000047823	3.9641644609E-9	0.0000505800	1.2247448714E-8	4.900	35.000
10/26/2022	1:16 PM	-0.1948706500	56.000	23.000	25.000	0.0000010000	0.0000047699	7.2987541215E-9	0.0000505300	2.2247448714E-8	4.900	35.000
10/26/2022	1:17 PM	-0.1998995700	56.000	23.000	25.000	0.0000010000	0.0000047746	4.9235302193E-9	0.0000506000	0.0000000000E+0	4.900	35.000
10/26/2022	1:17 PM	-0.2049284900	56.000	23.000	25.000	0.0000010000	0.0000047735	5.7704779185E-9	0.0000505500	0.0000000000E+0	4.900	35.000
10/26/2022	1:18 PM	-0.2099574100	56.000	23.000	25.000	0.0000010000	0.0000047622	7.6641187725E-9	0.0000504200	4.0620192023E-8	4.900	35.000
10/26/2022	1:19 PM	-0.2149863300	56.000	23.000	25.000	0.0000010000	0.0000047773	6.8013295087E-9	0.0000506100	1.8708286934E-8	4.900	35.000
10/26/2022	1:19 PM	-0.2200152500	56.000	23.000	25.000	0.0000010000	0.0000047740	5.4974537789E-9	0.0000505300	1.2247448714E-8	4.900	35.000
10/26/2022	1:20 PM	-0.2250441700	56.000	23.000	25.000	0.0000010000	0.0000047804	4.3038254270E-9	0.0000505600	1.0000000000E-8	4.900	35.000
10/26/2022	1:21 PM	-0.2300730900	56.000	23.000	25.000	0.0000010000	0.0000047661	5.3451197547E-9	0.0000505800	1.2247448714E-8	4.900	35.000
10/26/2022	1:21 PM	-0.2351020100	56.000	23.000	25.000	0.0000010000	0.0000047758	5.9506651967E-9	0.0000505900	1.0000000000E-8	4.900	35.000
10/26/2022	1:22 PM	-0.2401309300	56.000	23.000	25.000	0.0000010000	0.0000047552	7.8512950565E-9	0.0000505200	1.2247448714E-8	4.900	35.000
10/26/2022	1:23 PM	-0.2451598500	56.000	23.000	25.000	0.0000010000	0.0000047720	4.8002625793E-9	0.0000505000	2.0000000000E-8	4.900	35.000
10/26/2022	1:23 PM	-0.2501887700	52.700	23.000	25.000	0.0000010000	0.0000047717	7.7510650411E-9	0.0000505900	2.2247448714E-8	4.900	34.900
10/26/2022	1:24 PM	-0.2552176900	52.700	23.000	25.000	0.0000010000	0.0000047758	5.9345624672E-9	0.0000503200	5.3851648071E-8	4.900	35.000
10/26/2022	1:25 PM	-0.2602466100	52.700	23.000	25.000	0.0000010000	0.0000047657	4.9028617549E-9	0.0000505900	1.0000000000E-8	4.900	35.000
10/26/2022	1:25 PM	-0.2652755300	52.700	23.000	25.000	0.0000010000	0.0000047750	3.2290889305E-9	0.0000498800	2.0161845154E-7	4.900	35.000
10/26/2022	1:26 PM	-0.2703044500	52.700	23.000	25.000	0.0000010000	0.0000047526	5.8014171170E-9	0.0000506000	0.0000000000E+0	4.900	35.000
10/26/2022	1:27 PM	-0.2753333700	52.700	23.000	25.000	0.0000010000	0.0000047798	6.9892532462E-9	0.0000505100	1.0000000000E-8	4.900	35.000
10/26/2022	1:28 PM	-0.2803622900	52.700	23.000	25.000	0.0000010000	0.0000047733	4.0548290331E-9	0.0000505600	1.0000000000E-8	4.900	35.000
10/26/2022	1:28 PM	-0.2853912100	52.700	23.000	25.000	0.0000010000	0.0000047798	6.2068944879E-9	0.0000506000	0.0000000000E+0	4.900	35.000
10/26/2022	1:29 PM	-0.2904201300	52.700	23.000	25.000	0.0000010000	0.0000047774	5.6364360077E-9	0.0000505700	1.2247448714E-8	4.900	35.000
10/26/2022	1:30 PM	-0.2954490500	52.700	23.000	25.000	0.0000010000	0.0000047619	7.9550911565E-9	0.0000503400	8.1763500472E-8	4.900	34.900
10/26/2022	1:30 PM	-0.3004779700	52.700	23.000	25.000	0.0000010000	0.0000047701	4.1182451222E-9	0.0000505500	0.0000000000E+0	4.900	35.000
