! User Name:	Aditya_Kumar
! Sample Name:	FGT_CPS_FCP8T_f120K
! Sample ID:	FGT_CPS_4C
! Date:	10/15/2022	Time:	4:35 AM
! Current Source:	Keithley 224 Current Source
! Voltmeter V1:	Keithley 182 Degital voltmeter
! Voltmeter V2:	Keithley 2182A  NanoVoltmeter
! V1 (volts):	Vxy
! V2 (volts):	Vxx
! Max Field (Tesla):0.600000	! Data points (0_maxT:460.000000	! Average Number:5.000000	
! Comments:	Device was fabricated inside glove box.
! 
! 
! 
! 
! 
Data	Time	Magnetic Field (T)	Helium Level (%)	VTI Temperature (K)	Sample Temparture (K)	Current (A) 	Voltage-1(V)	Std. of V1	Voltage-2 (V)	Std. of V2	VTI  Heater Power (%)	Sample Heater Power (%)
10/15/2022	4:37 AM	0.2501887700	74.100	2.999	4.999	0.0000010000	-0.0000013074	6.2890842710E-9	0.0000524400	2.4494897428E-8	2.400	13.600
10/15/2022	4:38 AM	0.2451598500	74.100	38.010	40.000	0.0000010000	-0.0000013196	4.5080820307E-9	0.0000524500	0.0000000000E+0	5.800	26.400
10/15/2022	4:38 AM	0.2401309300	74.100	38.000	40.000	0.0000010000	-0.0000013085	4.2560077042E-9	0.0000522600	5.3385391260E-8	5.800	26.400
10/15/2022	4:39 AM	0.2351020100	74.100	38.000	40.000	0.0000010000	-0.0000013179	3.6905151839E-9	0.0000525100	2.2247448714E-8	5.800	26.400
10/15/2022	4:39 AM	0.2300730900	74.100	38.000	40.000	0.0000010000	-0.0000013145	7.7906523285E-9	0.0000524500	0.0000000000E+0	5.800	26.400
10/15/2022	4:40 AM	0.2250441700	74.100	38.000	40.000	0.0000010000	-0.0000013214	8.1439452498E-9	0.0000524500	0.0000000000E+0	5.800	26.400
10/15/2022	4:40 AM	0.2200152500	74.100	38.000	40.000	0.0000010000	-0.0000013141	7.8391333548E-9	0.0000524700	1.2247448714E-8	5.800	26.400
10/15/2022	4:41 AM	0.2149863300	74.100	38.000	40.000	0.0000010000	-0.0000013149	5.5731865223E-9	0.0000524500	2.0000000000E-8	5.800	26.400
10/15/2022	4:41 AM	0.2099574100	74.100	38.000	40.000	0.0000010000	-0.0000013248	7.2510061309E-9	0.0000525000	2.4494897428E-8	5.800	26.400
10/15/2022	4:42 AM	0.2049284900	74.100	38.000	40.000	0.0000010000	-0.0000013065	6.8124327872E-9	0.0000524500	0.0000000000E+0	5.800	26.400
10/15/2022	4:42 AM	0.1998995700	74.100	38.000	40.000	0.0000010000	-0.0000013188	1.0086125622E-8	0.0000524500	0.0000000000E+0	5.800	26.400
10/15/2022	4:43 AM	0.1948706500	74.100	38.000	40.000	0.0000010000	-0.0000013225	6.9260462664E-9	0.0000524200	1.2247448714E-8	5.800	26.400
10/15/2022	4:43 AM	0.1898417300	74.100	38.000	40.000	0.0000010000	-0.0000013205	7.7177617270E-9	0.0000524800	1.2247448714E-8	5.800	26.400
10/15/2022	4:44 AM	0.1848128100	74.100	38.000	40.000	0.0000010000	-0.0000013187	6.9695263824E-9	0.0000524300	1.2247448714E-8	5.800	26.400
10/15/2022	4:44 AM	0.1797838900	74.100	38.000	40.000	0.0000010000	-0.0000013252	5.7120027233E-9	0.0000522700	5.3851648071E-8	5.800	26.400
10/15/2022	4:44 AM	0.1747549700	74.100	38.000	40.000	0.0000010000	-0.0000013109	6.1372665368E-9	0.0000524700	1.2247448714E-8	5.800	26.400
10/15/2022	4:45 AM	0.1697260500	74.100	38.000	40.000	0.0000010000	-0.0000013232	6.1958388675E-9	0.0000520200	1.4017845769E-7	5.800	26.400
10/15/2022	4:45 AM	0.1646971300	74.100	38.000	40.000	0.0000010000	-0.0000013231	5.5109317663E-9	0.0000524300	2.2247448714E-8	5.800	26.400
10/15/2022	4:46 AM	0.1596682100	74.100	38.000	40.000	0.0000010000	-0.0000013224	7.4753083248E-9	0.0000524100	1.0000000000E-8	5.800	26.400
10/15/2022	4:46 AM	0.1546392900	74.100	38.000	40.000	0.0000010000	-0.0000013144	1.0435913592E-8	0.0000522700	7.7439472766E-8	5.800	26.400
10/15/2022	4:47 AM	0.1496103700	74.100	38.000	40.000	0.0000010000	-0.0000013182	4.6115765724E-9	0.0000524300	2.2247448714E-8	5.800	26.400
10/15/2022	4:47 AM	0.1445814500	74.100	38.000	40.000	0.0000010000	-0.0000013158	4.1989452454E-9	0.0000524900	1.0000000000E-8	5.800	26.400
10/15/2022	4:47 AM	0.1395525300	74.100	38.000	40.000	0.0000010000	-0.0000013204	4.6240567481E-9	0.0000524700	1.2247448714E-8	5.700	26.400
10/15/2022	4:48 AM	0.1345236100	74.100	38.000	40.000	0.0000010000	-0.0000013114	8.7355179824E-9	0.0000524600	1.0000000000E-8	5.700	26.400
10/15/2022	4:48 AM	0.1294946900	74.100	38.000	40.000	0.0000010000	-0.0000013130	4.2702132752E-9	0.0000524500	0.0000000000E+0	5.700	26.400
10/15/2022	4:49 AM	0.1244657700	74.100	38.000	40.000	0.0000010000	-0.0000013145	5.6491599558E-9	0.0000524500	0.0000000000E+0	5.700	26.400
10/15/2022	4:49 AM	0.1194368500	74.100	38.000	40.000	0.0000010000	-0.0000013177	8.1112366990E-9	0.0000524700	1.2247448714E-8	5.700	26.400
10/15/2022	4:50 AM	0.1144079300	74.100	38.000	40.000	0.0000010000	-0.0000013225	4.6849041752E-9	0.0000523700	4.1402208188E-8	5.700	26.400
10/15/2022	4:50 AM	0.1093790100	74.100	38.000	40.000	0.0000010000	-0.0000013266	4.7657445098E-9	0.0000524700	1.2247448714E-8	5.700	26.400
10/15/2022	4:51 AM	0.1043500900	74.100	38.000	40.000	0.0000010000	-0.0000013226	6.9246866445E-9	0.0000524500	1.6940658945E-21	5.700	26.400
10/15/2022	4:51 AM	0.0993211700	74.100	38.000	40.000	0.0000010000	-0.0000013150	8.5580254452E-9	0.0000524700	1.2247448714E-8	5.700	26.400
10/15/2022	4:51 AM	0.0942922500	74.100	38.000	40.000	0.0000010000	-0.0000013198	9.2664422913E-9	0.0000525200	1.2247448714E-8	5.700	26.400
10/15/2022	4:52 AM	0.0892633300	74.100	38.000	40.000	0.0000010000	-0.0000013221	6.1975414753E-9	0.0000524500	1.6940658945E-21	5.700	26.400
10/15/2022	4:52 AM	0.0842344100	74.100	38.000	40.000	0.0000010000	-0.0000013158	4.1267312816E-9	0.0000524500	1.6940658945E-21	5.700	26.400
10/15/2022	4:53 AM	0.0792054900	74.100	38.000	40.000	0.0000010000	-0.0000013192	6.5538098577E-9	0.0000524000	0.0000000000E+0	5.700	26.400
10/15/2022	4:53 AM	0.0741765700	74.100	38.000	40.000	0.0000010000	-0.0000013118	6.7608190155E-9	0.0000524500	0.0000000000E+0	5.700	26.400
10/15/2022	4:54 AM	0.0691476500	74.100	38.000	40.000	0.0000010000	-0.0000013155	7.0786846369E-9	0.0000524600	1.0000000000E-8	5.700	26.400
10/15/2022	4:54 AM	0.0641187300	74.100	38.000	40.000	0.0000010000	-0.0000013171	6.5702397149E-9	0.0000524200	1.2247448714E-8	5.700	26.400
10/15/2022	4:54 AM	0.0590898100	74.100	38.000	40.000	0.0000010000	-0.0000013153	7.4497592560E-9	0.0000524100	3.0955735648E-8	5.700	26.400
10/15/2022	4:55 AM	0.0540608900	74.100	38.000	40.000	0.0000010000	-0.0000013215	8.4835289368E-9	0.0000524500	0.0000000000E+0	5.700	26.400
10/15/2022	4:55 AM	0.0490319700	74.100	38.000	40.000	0.0000010000	-0.0000013122	4.1517739736E-9	0.0000524600	1.0000000000E-8	5.700	26.400
10/15/2022	4:56 AM	0.0440030500	74.100	38.000	40.000	0.0000010000	-0.0000013028	6.4057252619E-9	0.0000525000	1.6940658945E-21	5.700	26.400
10/15/2022	4:56 AM	0.0389741300	74.100	38.000	40.000	0.0000010000	-0.0000013178	9.0474654969E-9	0.0000524500	2.4494897428E-8	5.700	26.400
10/15/2022	4:57 AM	0.0339452100	74.100	38.000	40.000	0.0000010000	-0.0000013045	6.1387937088E-9	0.0000524400	2.2247448714E-8	5.700	26.400
10/15/2022	4:57 AM	0.0289162900	74.100	38.000	40.000	0.0000010000	-0.0000013129	6.6931330318E-9	0.0000524800	1.2247448714E-8	5.700	26.400
10/15/2022	4:57 AM	0.0238873700	74.100	38.000	40.000	0.0000010000	-0.0000013218	6.4545617787E-9	0.0000524700	1.2247448714E-8	5.700	26.400
10/15/2022	4:58 AM	0.0188584500	74.100	38.000	40.000	0.0000010000	-0.0000013140	4.7666094974E-9	0.0000524500	0.0000000000E+0	5.700	26.400
10/15/2022	4:58 AM	0.0138295300	74.100	38.000	40.000	0.0000010000	-0.0000013144	6.2373263727E-9	0.0000525300	1.2247448714E-8	5.700	26.400
10/15/2022	4:59 AM	0.0088006100	74.100	38.000	40.000	0.0000010000	-0.0000013222	8.5258895887E-9	0.0000524000	2.4494897428E-8	5.700	26.400
10/15/2022	4:59 AM	0.0037716900	74.100	38.000	40.000	0.0000010000	-0.0000013228	4.9740338102E-9	0.0000524600	1.0000000000E-8	5.700	26.400
10/15/2022	5:00 AM	-0.0012572300	74.100	38.000	40.000	0.0000010000	-0.0000013243	4.7173063836E-9	0.0000524700	1.2247448714E-8	5.700	26.400
10/15/2022	5:00 AM	-0.0062861500	74.100	38.000	40.000	0.0000010000	-0.0000013207	6.7318344182E-9	0.0000524100	1.0000000000E-8	5.700	26.400
10/15/2022	5:01 AM	-0.0113150700	74.100	38.000	40.000	0.0000010000	-0.0000013104	6.3185560912E-9	0.0000524500	0.0000000000E+0	5.700	26.400
10/15/2022	5:01 AM	-0.0163439900	74.100	38.000	40.000	0.0000010000	-0.0000013204	5.6902097159E-9	0.0000521000	1.2768602296E-7	5.700	26.400
10/15/2022	5:02 AM	-0.0213729100	74.100	38.000	40.000	0.0000010000	-0.0000013164	3.1867035963E-9	0.0000524700	1.2247448714E-8	5.700	26.400
10/15/2022	5:02 AM	-0.0264018300	74.100	38.000	40.000	0.0000010000	-0.0000013188	6.2437556854E-9	0.0000524500	0.0000000000E+0	5.700	26.400
10/15/2022	5:02 AM	-0.0314307500	74.100	38.000	40.000	0.0000010000	-0.0000013150	1.0097754638E-8	0.0000525000	1.6940658945E-21	5.700	26.400
10/15/2022	5:03 AM	-0.0364596700	74.100	38.000	40.000	0.0000010000	-0.0000013100	6.6381765844E-9	0.0000524500	1.6940658945E-21	5.700	26.400
10/15/2022	5:03 AM	-0.0414885900	74.100	38.000	40.000	0.0000010000	-0.0000013178	4.3744083587E-9	0.0000524100	2.2247448714E-8	5.700	26.400
10/15/2022	5:04 AM	-0.0465175100	74.100	38.000	40.000	0.0000010000	-0.0000013228	8.9682368787E-9	0.0000524500	0.0000000000E+0	5.700	26.400
10/15/2022	5:04 AM	-0.0515464300	74.100	38.000	40.000	0.0000010000	-0.0000013097	6.1900222121E-9	0.0000524800	2.2247448714E-8	5.700	26.400
10/15/2022	5:05 AM	-0.0565753500	74.100	38.000	40.000	0.0000010000	-0.0000013202	7.5759380984E-9	0.0000524400	1.0000000000E-8	5.700	26.400
10/15/2022	5:05 AM	-0.0616042700	74.100	38.000	40.000	0.0000010000	-0.0000013134	9.1829147607E-9	0.0000524500	0.0000000000E+0	5.700	26.400
10/15/2022	5:05 AM	-0.0666331900	74.100	38.000	40.000	0.0000010000	-0.0000013240	8.0977955913E-9	0.0000524600	1.0000000000E-8	5.700	26.400
10/15/2022	5:06 AM	-0.0716621100	74.100	38.000	40.000	0.0000010000	-0.0000013109	3.7559656141E-9	0.0000524600	1.0000000000E-8	5.700	26.400
10/15/2022	5:06 AM	-0.0766910300	74.100	38.000	40.000	0.0000010000	-0.0000013252	8.0949151400E-9	0.0000525200	2.2247448714E-8	5.700	26.400
10/15/2022	5:07 AM	-0.0817199500	74.100	38.000	40.000	0.0000010000	-0.0000013252	7.3083672858E-9	0.0000524500	0.0000000000E+0	5.700	26.400
10/15/2022	5:07 AM	-0.0867488700	74.100	38.000	40.000	0.0000010000	-0.0000013158	5.1555924530E-9	0.0000520800	1.2022703843E-7	5.600	26.400
10/15/2022	5:08 AM	-0.0917777900	74.100	38.000	40.000	0.0000010000	-0.0000013179	6.6829984595E-9	0.0000524500	2.0000000000E-8	5.600	26.400
10/15/2022	5:08 AM	-0.0968067100	74.100	38.000	40.000	0.0000010000	-0.0000013073	8.6879286026E-9	0.0000524800	1.2247448714E-8	5.600	26.400
10/15/2022	5:09 AM	-0.1018356300	74.100	38.000	40.000	0.0000010000	0.0000000371	4.6836912681E-9	0.0000524500	0.0000000000E+0	5.600	26.400
10/15/2022	5:09 AM	-0.1068645500	74.100	38.000	40.000	0.0000010000	0.0000000447	7.1792197982E-9	0.0000524500	0.0000000000E+0	5.600	26.400
10/15/2022	5:09 AM	-0.1118934700	74.100	38.000	40.000	0.0000010000	0.0000000494	6.1005719237E-9	0.0000524500	0.0000000000E+0	5.600	26.400
10/15/2022	5:10 AM	-0.1169223900	74.100	38.000	40.000	0.0000010000	0.0000000452	6.4016563075E-9	0.0000524000	0.0000000000E+0	5.600	26.400
10/15/2022	5:10 AM	-0.1219513100	74.100	38.000	40.000	0.0000010000	0.0000000496	6.0874774534E-9	0.0000523800	2.5495097568E-8	5.600	26.400
10/15/2022	5:11 AM	-0.1269802300	74.100	38.000	40.000	0.0000010000	0.0000000499	6.7962238699E-9	0.0000524600	1.0000000000E-8	5.600	26.400
10/15/2022	5:11 AM	-0.1320091500	74.100	38.000	40.000	0.0000010000	0.0000000495	6.7117117562E-9	0.0000524500	0.0000000000E+0	5.600	26.400
10/15/2022	5:12 AM	-0.1370380700	74.100	38.000	40.000	0.0000010000	0.0000000525	7.0982306690E-9	0.0000520300	1.3206555616E-7	5.600	26.400
10/15/2022	5:12 AM	-0.1420669900	74.100	38.000	40.000	0.0000010000	0.0000000417	6.2405727420E-9	0.0000524500	0.0000000000E+0	5.600	26.400
10/15/2022	5:13 AM	-0.1470959100	74.100	38.000	40.000	0.0000010000	0.0000000578	2.7653655471E-9	0.0000524500	0.0000000000E+0	5.600	26.400
10/15/2022	5:13 AM	-0.1521248300	74.100	38.000	40.000	0.0000010000	0.0000000423	5.7463612328E-9	0.0000524500	0.0000000000E+0	5.600	26.300
10/15/2022	5:13 AM	-0.1571537500	74.100	38.000	40.000	0.0000010000	0.0000000490	7.6066770044E-9	0.0000524500	0.0000000000E+0	5.600	26.300
10/15/2022	5:14 AM	-0.1621826700	74.100	38.000	40.000	0.0000010000	0.0000000430	4.5298292356E-9	0.0000523400	2.9154759474E-8	5.600	26.400
10/15/2022	5:14 AM	-0.1672115900	74.100	38.000	40.000	0.0000010000	0.0000000531	7.8638513025E-9	0.0000524200	1.2247448714E-8	5.600	26.400
10/15/2022	5:15 AM	-0.1722405100	74.100	38.000	40.000	0.0000010000	0.0000000479	7.5758006710E-9	0.0000524700	1.2247448714E-8	5.600	26.300
10/15/2022	5:15 AM	-0.1772694300	74.100	38.000	40.000	0.0000010000	0.0000000512	6.6347108330E-9	0.0000524700	1.2247448714E-8	5.600	26.400
10/15/2022	5:16 AM	-0.1822983500	74.100	38.000	40.000	0.0000010000	0.0000000439	6.2243976314E-9	0.0000519100	1.7004478709E-7	5.600	26.400
10/15/2022	5:16 AM	-0.1873272700	74.100	38.000	40.000	0.0000010000	0.0000000509	7.2067782796E-9	0.0000524200	1.2247448714E-8	5.600	26.400
10/15/2022	5:16 AM	-0.1923561900	74.100	38.000	40.000	0.0000010000	0.0000000530	9.9534369866E-9	0.0000524800	1.2247448714E-8	5.600	26.300
10/15/2022	5:17 AM	-0.1973851100	74.100	38.000	40.000	0.0000010000	0.0000000503	7.4690446426E-9	0.0000524800	2.0000000000E-8	5.600	26.400
10/15/2022	5:17 AM	-0.2024140300	74.100	38.000	40.000	0.0000010000	0.0000000522	4.0180721258E-9	0.0000524700	1.2247448714E-8	5.600	26.300
10/15/2022	5:18 AM	-0.2074429500	74.100	38.000	40.000	0.0000010000	0.0000000641	8.6765581156E-9	0.0000524400	2.4494897428E-8	5.600	26.300
10/15/2022	5:18 AM	-0.2124718700	74.100	38.000	40.000	0.0000010000	0.0000000513	8.3013796687E-9	0.0000524000	2.4494897428E-8	5.600	26.400
10/15/2022	5:19 AM	-0.2175007900	74.100	38.000	40.000	0.0000010000	0.0000000460	5.4675187771E-9	0.0000524500	0.0000000000E+0	5.600	26.300
10/15/2022	5:19 AM	-0.2225297100	74.100	38.000	40.000	0.0000010000	0.0000000609	5.6723929187E-9	0.0000524600	1.0000000000E-8	5.600	26.300
10/15/2022	5:19 AM	-0.2275586300	74.100	38.000	40.000	0.0000010000	0.0000000533	7.5405211501E-9	0.0000524300	1.2247448714E-8	5.600	26.300
10/15/2022	5:20 AM	-0.2325875500	74.100	38.000	40.000	0.0000010000	0.0000000537	2.0582011949E-9	0.0000524800	1.2247448714E-8	5.600	26.300
10/15/2022	5:20 AM	-0.2376164700	74.100	38.000	40.000	0.0000010000	0.0000000518	3.6354123690E-9	0.0000524300	1.2247448714E-8	5.600	26.300
10/15/2022	5:21 AM	-0.2426453900	74.100	38.000	40.000	0.0000010000	0.0000000587	4.3509416463E-9	0.0000524300	1.2247448714E-8	5.600	26.300
10/15/2022	5:21 AM	-0.2476743100	74.100	38.000	40.000	0.0000010000	0.0000000548	6.4866825085E-9	0.0000524500	0.0000000000E+0	5.600	26.300
10/15/2022	5:22 AM	-0.2476743100	74.100	38.000	40.000	0.0000010000	0.0000000618	5.9725199512E-9	0.0000524400	1.0000000000E-8	5.600	26.300
10/15/2022	5:22 AM	-0.2426453900	74.100	38.000	40.000	0.0000010000	0.0000000725	7.6474176289E-9	0.0000524000	0.0000000000E+0	5.600	26.300
10/15/2022	5:23 AM	-0.2376164700	74.100	38.000	40.000	0.0000010000	0.0000000653	6.8766637878E-9	0.0000524800	2.2247448714E-8	5.600	26.300
10/15/2022	5:23 AM	-0.2325875500	74.100	38.000	40.000	0.0000010000	0.0000000740	5.4128466286E-9	0.0000523000	3.5355339059E-8	5.600	26.300
10/15/2022	5:23 AM	-0.2275586300	74.100	38.000	40.000	0.0000010000	0.0000000622	9.8060841857E-9	0.0000524800	1.2247448714E-8	5.600	26.300
10/15/2022	5:24 AM	-0.2225297100	74.100	38.000	40.000	0.0000010000	0.0000000640	7.2229281329E-9	0.0000524800	1.2247448714E-8	5.600	26.300
10/15/2022	5:24 AM	-0.2175007900	74.100	38.000	40.000	0.0000010000	0.0000000641	6.8757160194E-9	0.0000524500	0.0000000000E+0	5.600	26.300
10/15/2022	5:25 AM	-0.2124718700	74.100	38.000	40.000	0.0000010000	0.0000000612	5.1956829532E-9	0.0000524500	0.0000000000E+0	5.600	26.300
10/15/2022	5:25 AM	-0.2074429500	74.100	38.000	40.000	0.0000010000	0.0000000673	4.1123446504E-9	0.0000523500	2.2360679775E-8	5.600	26.300
10/15/2022	5:26 AM	-0.2024140300	74.100	38.000	40.000	0.0000010000	0.0000000602	6.6388812840E-9	0.0000524600	1.0000000000E-8	5.600	26.300
10/15/2022	5:26 AM	-0.1973851100	74.100	38.000	40.000	0.0000010000	0.0000000658	4.3423562021E-9	0.0000524500	0.0000000000E+0	5.600	26.300
10/15/2022	5:27 AM	-0.1923561900	74.100	38.000	40.000	0.0000010000	0.0000000656	8.9582584145E-9	0.0000524000	2.4494897428E-8	5.600	26.300
10/15/2022	5:27 AM	-0.1873272700	74.100	38.000	40.000	0.0000010000	0.0000000636	3.8735645690E-9	0.0000524600	1.0000000000E-8	5.600	26.300
10/15/2022	5:27 AM	-0.1822983500	74.100	38.000	40.000	0.0000010000	0.0000000701	5.6520225629E-9	0.0000524500	0.0000000000E+0	5.600	26.300
10/15/2022	5:28 AM	-0.1772694300	74.100	38.000	40.000	0.0000010000	0.0000000680	5.2328766937E-9	0.0000524800	2.2247448714E-8	5.600	26.300
10/15/2022	5:28 AM	-0.1722405100	74.100	38.000	40.000	0.0000010000	0.0000000549	5.2837715756E-9	0.0000524300	2.2247448714E-8	5.600	26.300
10/15/2022	5:29 AM	-0.1672115900	74.100	38.000	40.000	0.0000010000	0.0000000631	8.4487378807E-9	0.0000524300	1.2247448714E-8	5.600	26.300
10/15/2022	5:29 AM	-0.1621826700	74.100	38.000	40.000	0.0000010000	0.0000000664	3.9821099677E-9	0.0000523200	4.1402208188E-8	5.600	26.300
10/15/2022	5:30 AM	-0.1571537500	74.100	38.000	40.000	0.0000010000	0.0000000664	3.8633169983E-9	0.0000524400	2.4494897428E-8	5.600	26.300
10/15/2022	5:30 AM	-0.1521248300	74.100	38.000	40.000	0.0000010000	0.0000000558	5.6179977793E-9	0.0000524300	1.2247448714E-8	5.600	26.300
10/15/2022	5:30 AM	-0.1470959100	74.100	38.000	40.000	0.0000010000	0.0000000548	7.6976088076E-9	0.0000524700	1.2247448714E-8	5.600	26.300
10/15/2022	5:31 AM	-0.1420669900	74.100	38.000	40.000	0.0000010000	0.0000000662	5.4316139778E-9	0.0000524500	0.0000000000E+0	5.600	26.300
10/15/2022	5:31 AM	-0.1370380700	74.100	38.000	40.000	0.0000010000	0.0000000634	5.0031145588E-9	0.0000524700	1.2247448714E-8	5.600	26.300
10/15/2022	5:32 AM	-0.1320091500	74.100	38.000	40.000	0.0000010000	0.0000000679	5.4087552448E-9	0.0000524500	0.0000000000E+0	5.500	26.300
10/15/2022	5:32 AM	-0.1269802300	74.100	38.000	40.000	0.0000010000	0.0000000701	7.1912363894E-9	0.0000524300	1.2247448714E-8	5.600	26.300
10/15/2022	5:33 AM	-0.1219513100	74.100	38.000	40.000	0.0000010000	0.0000000612	5.6338619299E-9	0.0000524500	1.6940658945E-21	5.500	26.300
10/15/2022	5:33 AM	-0.1169223900	74.100	38.000	40.000	0.0000010000	0.0000000660	7.5007602721E-9	0.0000524600	3.5495097568E-8	5.500	26.300
10/15/2022	5:33 AM	-0.1118934700	74.100	38.000	40.000	0.0000010000	0.0000000708	8.2310269316E-9	0.0000524500	1.6940658945E-21	5.500	26.300
10/15/2022	5:34 AM	-0.1068645500	74.100	38.000	40.000	0.0000010000	0.0000000564	8.5071892022E-9	0.0000524600	2.2247448714E-8	5.500	26.300
10/15/2022	5:34 AM	-0.1018356300	74.100	38.000	40.000	0.0000010000	0.0000000605	6.1820006102E-9	0.0000524500	0.0000000000E+0	5.500	26.300
10/15/2022	5:35 AM	-0.0968067100	74.100	38.000	40.000	0.0000010000	0.0000000756	8.3585296138E-9	0.0000524000	0.0000000000E+0	5.500	26.300
10/15/2022	5:35 AM	-0.0917777900	74.100	38.000	40.000	0.0000010000	0.0000000593	1.0321845536E-8	0.0000524000	0.0000000000E+0	5.500	26.300
10/15/2022	5:36 AM	-0.0867488700	74.100	38.000	40.000	0.0000010000	0.0000000645	6.9408128767E-9	0.0000524900	1.0000000000E-8	5.500	26.300
10/15/2022	5:36 AM	-0.0817199500	74.100	38.000	40.000	0.0000010000	0.0000000597	6.1906339732E-9	0.0000524200	1.2247448714E-8	5.500	26.300
10/15/2022	5:36 AM	-0.0766910300	74.100	38.000	40.000	0.0000010000	0.0000000585	6.5753266548E-9	0.0000524400	1.0000000000E-8	5.500	26.300
10/15/2022	5:37 AM	-0.0716621100	74.100	38.000	40.000	0.0000010000	0.0000000636	6.6779542053E-9	0.0000524000	0.0000000000E+0	5.500	26.300
10/15/2022	5:37 AM	-0.0666331900	74.100	38.000	40.000	0.0000010000	0.0000000599	1.3543021901E-8	0.0000524700	1.2247448714E-8	5.500	26.300
10/15/2022	5:38 AM	-0.0616042700	74.100	38.000	40.000	0.0000010000	0.0000000726	6.9923294526E-9	0.0000519700	1.4017845769E-7	5.500	26.300
10/15/2022	5:38 AM	-0.0565753500	74.100	38.000	40.000	0.0000010000	0.0000000626	7.8941710391E-9	0.0000524200	1.2247448714E-8	5.500	26.300
10/15/2022	5:39 AM	-0.0515464300	74.100	38.000	40.000	0.0000010000	0.0000000630	5.2005561046E-9	0.0000524600	1.0000000000E-8	5.500	26.300
10/15/2022	5:39 AM	-0.0465175100	74.100	38.000	40.000	0.0000010000	0.0000000696	5.3099397340E-9	0.0000523300	2.5495097568E-8	5.500	26.300
10/15/2022	5:39 AM	-0.0414885900	74.100	38.000	40.000	0.0000010000	0.0000000670	4.5962336276E-9	0.0000524500	0.0000000000E+0	5.500	26.300
10/15/2022	5:40 AM	-0.0364596700	74.100	38.000	40.000	0.0000010000	0.0000000605	1.0180669881E-8	0.0000518800	1.5779733838E-7	5.500	26.300
10/15/2022	5:40 AM	-0.0314307500	74.100	38.000	40.000	0.0000010000	0.0000000612	7.1158199468E-9	0.0000524400	1.0000000000E-8	5.500	26.300
10/15/2022	5:41 AM	-0.0264018300	74.100	38.000	40.000	0.0000010000	0.0000000657	8.0757362446E-9	0.0000524500	0.0000000000E+0	5.500	26.300
10/15/2022	5:41 AM	-0.0213729100	74.100	38.000	40.000	0.0000010000	0.0000000642	7.8464398117E-9	0.0000524300	1.2247448714E-8	5.500	26.300
10/15/2022	5:42 AM	-0.0163439900	74.100	38.000	40.000	0.0000010000	0.0000000672	9.1148261549E-9	0.0000524200	1.2247448714E-8	5.500	26.300
10/15/2022	5:42 AM	-0.0113150700	74.100	38.000	40.000	0.0000010000	0.0000000595	4.6612362047E-9	0.0000525000	1.6940658945E-21	5.500	26.300
10/15/2022	5:42 AM	-0.0062861500	74.100	38.000	40.000	0.0000010000	0.0000000645	3.3659669435E-9	0.0000524300	1.2247448714E-8	5.500	26.300
10/15/2022	5:43 AM	-0.0012572300	74.100	38.000	40.000	0.0000010000	0.0000000675	5.5807752013E-9	0.0000524400	2.2247448714E-8	5.500	26.300
10/15/2022	5:43 AM	0.0037716900	74.100	38.000	40.000	0.0000010000	0.0000000599	6.0436352109E-9	0.0000524000	2.0000000000E-8	5.500	26.300
10/15/2022	5:44 AM	0.0088006100	74.100	38.000	40.000	0.0000010000	0.0000000613	7.0918308976E-9	0.0000524800	1.2247448714E-8	5.500	26.300
10/15/2022	5:44 AM	0.0138295300	74.100	38.000	40.000	0.0000010000	0.0000000653	6.0629575435E-9	0.0000524500	0.0000000000E+0	5.500	26.300
10/15/2022	5:45 AM	0.0188584500	74.100	38.000	40.000	0.0000010000	0.0000000642	9.1709968234E-9	0.0000524100	1.0000000000E-8	5.500	26.300
10/15/2022	5:45 AM	0.0238873700	74.100	38.000	40.000	0.0000010000	0.0000000699	1.1140494859E-8	0.0000524000	0.0000000000E+0	5.500	26.300
10/15/2022	5:45 AM	0.0289162900	74.100	38.000	40.000	0.0000010000	0.0000000632	6.8034043048E-9	0.0000524300	1.2247448714E-8	5.500	26.300
10/15/2022	5:46 AM	0.0339452100	74.100	38.000	40.000	0.0000010000	0.0000000664	5.4486660867E-9	0.0000519400	1.5242590640E-7	5.500	26.300
10/15/2022	5:46 AM	0.0389741300	74.100	38.000	40.000	0.0000010000	0.0000000690	7.4215662490E-9	0.0000524400	1.0000000000E-8	5.500	26.300
10/15/2022	5:47 AM	0.0440030500	74.100	38.000	40.000	0.0000010000	0.0000000675	4.3501492440E-9	0.0000524500	1.6940658945E-21	5.500	26.300
10/15/2022	5:47 AM	0.0490319700	74.100	38.000	40.000	0.0000010000	0.0000000706	7.1333930475E-9	0.0000524500	0.0000000000E+0	5.500	26.300
10/15/2022	5:48 AM	0.0540608900	74.100	38.000	40.000	0.0000010000	0.0000000671	4.7663862119E-9	0.0000524200	1.2247448714E-8	5.500	26.300
10/15/2022	5:48 AM	0.0590898100	74.100	38.000	40.000	0.0000010000	0.0000000605	6.7817276552E-9	0.0000524100	3.0955735648E-8	5.500	26.300
10/15/2022	5:48 AM	0.0641187300	74.100	38.000	40.000	0.0000010000	0.0000000643	4.6079022026E-9	0.0000524600	1.0000000000E-8	5.500	26.300
10/15/2022	5:49 AM	0.0691476500	74.100	38.000	40.000	0.0000010000	0.0000000564	7.3567367293E-9	0.0000524400	1.0000000000E-8	5.500	26.300
10/15/2022	5:49 AM	0.0741765700	74.100	38.000	40.000	0.0000010000	0.0000000717	7.8407449519E-9	0.0000524000	0.0000000000E+0	5.500	26.300
10/15/2022	5:50 AM	0.0792054900	74.100	38.000	40.000	0.0000010000	0.0000000607	5.0048906940E-9	0.0000524800	1.2247448714E-8	5.500	26.300
10/15/2022	5:50 AM	0.0842344100	74.100	38.000	40.000	0.0000010000	0.0000000605	5.7051901738E-9	0.0000524500	0.0000000000E+0	5.500	26.300
10/15/2022	5:51 AM	0.0892633300	74.100	38.010	40.001	0.0000010000	-0.0000006052	6.7529171295E-9	0.0000524100	1.0000000000E-8	5.500	26.300
10/15/2022	5:51 AM	0.0942922500	74.100	38.010	40.001	0.0000010000	-0.0000012865	3.2307795291E-9	0.0000524700	1.2247448714E-8	5.500	26.300
10/15/2022	5:51 AM	0.0993211700	74.100	38.010	40.000	0.0000010000	-0.0000012870	6.9266926777E-9	0.0000524800	1.2247448714E-8	5.400	26.300
10/15/2022	5:52 AM	0.1043500900	74.100	38.010	40.000	0.0000010000	-0.0000012885	9.1158375565E-9	0.0000524900	2.2247448714E-8	5.400	26.300
10/15/2022	5:52 AM	0.1093790100	74.100	38.010	40.000	0.0000010000	-0.0000013018	7.2917641748E-9	0.0000524300	1.2247448714E-8	5.400	26.300
10/15/2022	5:53 AM	0.1144079300	74.100	38.000	40.000	0.0000010000	-0.0000012892	3.7978194440E-9	0.0000524500	0.0000000000E+0	5.400	26.300
10/15/2022	5:53 AM	0.1194368500	74.100	38.000	40.000	0.0000010000	-0.0000012960	6.2382867444E-9	0.0000524700	1.2247448714E-8	5.400	26.300
10/15/2022	5:54 AM	0.1244657700	74.100	38.000	40.000	0.0000010000	-0.0000012996	7.2192300323E-9	0.0000523000	4.7434164903E-8	5.400	26.300
10/15/2022	5:54 AM	0.1294946900	74.100	38.000	40.000	0.0000010000	-0.0000012989	6.0572359923E-9	0.0000524200	1.2247448714E-8	5.400	26.300
10/15/2022	5:54 AM	0.1345236100	74.100	38.000	40.000	0.0000010000	-0.0000012894	5.2873666716E-9	0.0000524400	1.0000000000E-8	5.400	26.300
10/15/2022	5:55 AM	0.1395525300	74.100	38.000	40.000	0.0000010000	-0.0000012971	6.7077850979E-9	0.0000524200	1.2247448714E-8	5.400	26.300
10/15/2022	5:55 AM	0.1445814500	74.100	38.000	40.000	0.0000010000	-0.0000012970	5.5871050825E-9	0.0000524500	0.0000000000E+0	5.400	26.300
10/15/2022	5:56 AM	0.1496103700	74.100	38.000	40.000	0.0000010000	-0.0000012976	7.8554672576E-9	0.0000522800	4.6368092477E-8	5.400	26.300
10/15/2022	5:56 AM	0.1546392900	74.100	38.000	40.000	0.0000010000	-0.0000012946	6.6688950138E-9	0.0000524000	2.0000000000E-8	5.400	26.300
10/15/2022	5:57 AM	0.1596682100	74.100	38.000	40.000	0.0000010000	-0.0000013009	5.2969718288E-9	0.0000524200	1.2247448714E-8	5.400	26.300
10/15/2022	5:57 AM	0.1646971300	74.100	38.000	40.000	0.0000010000	-0.0000013012	7.5278504517E-9	0.0000524000	0.0000000000E+0	5.400	26.300
10/15/2022	5:58 AM	0.1697260500	74.100	38.000	40.000	0.0000010000	-0.0000013015	5.5685943474E-9	0.0000524500	2.4494897428E-8	5.400	26.300
10/15/2022	5:58 AM	0.1747549700	74.100	38.000	40.000	0.0000010000	-0.0000013080	7.2709355493E-9	0.0000524500	0.0000000000E+0	5.400	26.300
10/15/2022	5:58 AM	0.1797838900	74.100	38.000	40.000	0.0000010000	-0.0000013069	6.2651305073E-9	0.0000524800	1.2247448714E-8	5.400	26.300
10/15/2022	5:59 AM	0.1848128100	74.100	38.000	40.000	0.0000010000	-0.0000013056	5.2063017732E-9	0.0000524100	1.0000000000E-8	5.400	26.300
10/15/2022	5:59 AM	0.1898417300	74.100	38.000	40.000	0.0000010000	-0.0000012853	1.1052223438E-8	0.0000524400	1.0000000000E-8	5.400	26.300
10/15/2022	6:00 AM	0.1948706500	74.100	38.000	40.000	0.0000010000	-0.0000013075	1.5302107549E-8	0.0000523600	4.1402208188E-8	5.400	26.300
10/15/2022	6:00 AM	0.1998995700	74.100	38.000	40.000	0.0000010000	-0.0000013031	7.7036075350E-9	0.0000524300	1.2247448714E-8	5.400	26.300
10/15/2022	6:00 AM	0.2049284900	74.100	38.000	40.000	0.0000010000	-0.0000013014	6.0032333569E-9	0.0000524200	1.2247448714E-8	5.400	26.300
10/15/2022	6:01 AM	0.2099574100	74.100	38.000	40.000	0.0000010000	-0.0000012968	3.8778866067E-9	0.0000524200	1.2247448714E-8	5.400	26.300
10/15/2022	6:01 AM	0.2149863300	74.100	38.000	40.000	0.0000010000	-0.0000012980	5.3088157550E-9	0.0000524500	2.0000000000E-8	5.400	26.300
10/15/2022	6:02 AM	0.2200152500	74.100	38.000	40.000	0.0000010000	-0.0000012970	7.4625999697E-9	0.0000524000	0.0000000000E+0	5.400	26.300
10/15/2022	6:02 AM	0.2250441700	74.100	38.000	40.000	0.0000010000	-0.0000013064	5.5419821424E-9	0.0000523700	2.2247448714E-8	5.400	26.300
10/15/2022	6:03 AM	0.2300730900	74.100	38.000	40.000	0.0000010000	-0.0000013105	8.2758826839E-9	0.0000524400	1.0000000000E-8	5.400	26.300
10/15/2022	6:03 AM	0.2351020100	74.100	38.000	40.000	0.0000010000	-0.0000013007	5.9816728302E-9	0.0000524700	1.2247448714E-8	5.400	26.300
10/15/2022	6:03 AM	0.2401309300	74.100	38.000	40.000	0.0000010000	-0.0000013016	5.5727746529E-9	0.0000524000	0.0000000000E+0	5.400	26.300
10/15/2022	6:04 AM	0.2451598500	74.100	38.000	40.000	0.0000010000	-0.0000013028	4.1401775790E-9	0.0000524500	0.0000000000E+0	5.400	26.300
10/15/2022	6:04 AM	0.2501887700	74.100	38.000	39.999	0.0000010000	-0.0000013005	7.6851399388E-9	0.0000524300	2.2247448714E-8	5.400	26.300
