! User Name:	Aditya
! Sample Name:	MR(DCMode)_FGT CrPS4_20K_Sr no 5_PF_P8T_RH_0.5T
! Sample ID:	FGT/CrPS4
! Date:	5/5/2022	Time:	7:11 PM
! Current Source:	Keithley 224 Current Source
! Voltmeter V1:	Keithley 182 Degital voltmeter
! Voltmeter V2:	Keithley 2182A  NanoVoltmeter
! V1 (volts):	Rxx  Device 1
! V2 (volts):	Rxy Device 1
! Max Field (Tesla):0.500000	! Data points (0_maxT:50.000000	! Average Number:5.000000	
! Comments:	FGT/CrPS4 device was made in glove using flaking and dry transfering of flakes. 
! 
! 
! 
! 
Data	Time	Magnetic Field (T)	Helium Level (%)	VTI Temperature (K)	Sample Temparture (K)	Current (A) 	Voltage-1(V)	Std. of V1	Voltage-2 (V)	Std. of V2	VTI  Heater Power (%)	Sample Heater Power (%)
5/5/2022	7:13 PM	-0.5003775400	52.000	52.780	54.994	0.0000010000	-0.0000131520	5.2374435213E-9	0.0000247685	1.1437704174E-9	6.700	27.800
5/5/2022	7:14 PM	-0.4903197000	45.600	18.050	20.006	0.0000010000	-0.0000131549	2.4410116690E-9	0.0000247426	1.0820365039E-9	6.600	28.500
5/5/2022	7:15 PM	-0.4802618600	45.600	18.013	19.999	0.0000010000	-0.0000131516	6.7284960765E-9	0.0000247605	8.4010949186E-10	6.600	28.600
5/5/2022	7:16 PM	-0.4702040200	45.600	18.007	19.999	0.0000010000	-0.0000131624	6.2608988447E-9	0.0000247592	8.3006407546E-10	6.600	28.600
5/5/2022	7:16 PM	-0.4601461800	45.600	18.004	20.000	0.0000010000	-0.0000131557	5.8088898990E-9	0.0000247514	1.4352700094E-9	6.600	28.600
5/5/2022	7:17 PM	-0.4500883400	45.600	18.008	20.001	0.0000010000	-0.0000131590	5.5557522872E-9	0.0000247459	7.6923276251E-10	6.500	28.600
5/5/2022	7:18 PM	-0.4400305000	45.600	18.011	20.001	0.0000010000	-0.0000131543	8.6198375805E-9	0.0000247650	9.7258598040E-10	6.500	28.500
5/5/2022	7:18 PM	-0.4299726600	45.600	18.009	20.001	0.0000010000	-0.0000131610	4.6447609054E-9	0.0000247456	9.8106750810E-10	6.400	28.500
5/5/2022	7:19 PM	-0.4199148200	45.600	18.006	20.001	0.0000010000	-0.0000131507	5.2332313854E-9	0.0000247614	1.1998427010E-9	6.400	28.500
5/5/2022	7:20 PM	-0.4098569800	45.600	18.007	20.000	0.0000010000	-0.0000131548	3.4093831272E-9	0.0000247512	1.5218855351E-9	6.400	28.500
5/5/2022	7:20 PM	-0.3997991400	45.600	18.006	20.000	0.0000010000	-0.0000131539	6.4606389194E-9	0.0000247808	4.7602787773E-10	6.400	28.500
5/5/2022	7:21 PM	-0.3897413000	45.600	18.005	20.000	0.0000010000	-0.0000131588	4.2568219441E-9	0.0000247525	1.7858751527E-9	6.400	28.500
5/5/2022	7:22 PM	-0.3796834600	45.600	18.006	20.000	0.0000010000	-0.0000131565	5.6213358165E-9	0.0000247556	1.5033296378E-9	6.300	28.500
5/5/2022	7:22 PM	-0.3696256200	45.600	18.004	20.001	0.0000010000	-0.0000131445	5.4816177268E-9	0.0000247647	1.2423728323E-9	6.300	28.500
5/5/2022	7:23 PM	-0.3595677800	45.600	18.004	20.000	0.0000010000	-0.0000131627	6.4875181170E-9	0.0000247552	1.6209877668E-9	6.300	28.400
5/5/2022	7:24 PM	-0.3495099400	45.600	18.003	20.000	0.0000010000	-0.0000131634	6.3588765270E-9	0.0000247898	8.5192024052E-10	6.300	28.400
5/5/2022	7:24 PM	-0.3394521000	0.900	18.002	20.000	0.0000010000	-0.0000131533	5.0595725706E-9	0.0000247481	9.9865437593E-10	6.300	28.400
5/5/2022	7:25 PM	-0.3293942600	45.600	18.002	20.000	0.0000010000	-0.0000131672	5.8305328960E-9	0.0000247438	3.3740402654E-9	6.300	28.400
5/5/2022	7:26 PM	-0.3205936500	45.600	18.001	20.000	0.0000010000	-0.0000131435	4.8090596892E-9	0.0000247646	9.2158383626E-10	6.300	28.400
5/5/2022	7:27 PM	-0.3105358100	45.600	18.001	20.000	0.0000010000	-0.0000131546	4.4506421474E-9	0.0000247680	9.8929710972E-10	6.300	28.400
5/5/2022	7:27 PM	-0.3004779700	45.600	18.000	20.000	0.0000010000	-0.0000131574	5.0790846446E-9	0.0000247700	3.9154759474E-10	6.300	28.400
5/5/2022	7:28 PM	-0.2904201300	45.600	18.000	20.000	0.0000010000	-0.0000131583	6.3959122683E-9	0.0000247577	1.3855630341E-9	6.300	28.400
5/5/2022	7:29 PM	-0.2803622900	45.600	17.999	20.000	0.0000010000	-0.0000131553	7.9677243337E-9	0.0000247442	1.3661637486E-9	6.300	28.400
5/5/2022	7:29 PM	-0.2703044500	45.600	18.001	20.000	0.0000010000	-0.0000131482	6.8864668143E-9	0.0000247749	4.6094414809E-10	6.300	28.400
5/5/2022	7:30 PM	-0.2602466100	45.600	17.999	20.000	0.0000010000	-0.0000131460	6.9749078577E-9	0.0000247709	8.9418965053E-10	6.300	28.400
5/5/2022	7:31 PM	-0.2501887700	45.600	18.000	20.000	0.0000010000	-0.0000131595	6.8669465468E-9	0.0000247505	1.2840192568E-9	6.300	28.400
5/5/2022	7:31 PM	-0.2401309300	45.600	17.999	20.000	0.0000010000	-0.0000131615	4.6824598300E-9	0.0000247406	2.0360150074E-9	6.300	28.400
5/5/2022	7:32 PM	-0.2300730900	45.600	17.999	20.000	0.0000010000	-0.0000131491	5.3079429037E-9	0.0000247696	1.1176350047E-9	6.300	28.400
5/5/2022	7:33 PM	-0.2200152500	45.600	18.000	20.000	0.0000010000	-0.0000131498	5.7239405169E-9	0.0000247597	1.6291557785E-9	6.300	28.400
5/5/2022	7:33 PM	-0.2099574100	45.600	17.998	20.000	0.0000010000	-0.0000131440	7.8127569174E-9	0.0000247510	1.3347600084E-9	6.300	28.400
5/5/2022	7:34 PM	-0.1998995700	45.600	18.000	20.000	0.0000010000	-0.0000131601	6.5230388743E-9	0.0000247670	2.4494897428E-10	6.300	28.400
5/5/2022	7:35 PM	-0.1898417300	45.600	17.999	20.000	0.0000010000	-0.0000131682	6.7725188270E-9	0.0000247682	1.8792163173E-9	6.300	28.400
5/5/2022	7:36 PM	-0.1797838900	45.600	18.000	20.000	0.0000010000	-0.0000131559	6.5232315528E-9	0.0000247704	3.7742546282E-10	6.300	28.400
5/5/2022	7:36 PM	-0.1697260500	45.600	18.000	20.000	0.0000010000	-0.0000131489	4.0754670764E-9	0.0000247677	1.9237829025E-9	6.300	28.400
5/5/2022	7:37 PM	-0.1596682100	45.600	18.000	20.000	0.0000010000	-0.0000131547	5.2838128406E-9	0.0000247662	1.1371243210E-9	6.300	28.400
5/5/2022	7:38 PM	-0.1496103700	45.600	18.000	20.000	0.0000010000	-0.0000131465	4.7937640271E-9	0.0000247366	3.5470858076E-9	6.300	28.400
5/5/2022	7:38 PM	-0.1395525300	45.600	17.999	20.000	0.0000010000	-0.0000131442	7.1177054645E-9	0.0000247603	1.1052516680E-9	6.300	28.400
5/5/2022	7:39 PM	-0.1294946900	45.600	18.000	20.000	0.0000010000	-0.0000131731	6.3610041442E-9	0.0000247648	4.7602787773E-10	6.300	28.400
5/5/2022	7:40 PM	-0.1194368500	45.600	18.000	20.000	0.0000010000	-0.0000131508	5.4062613620E-9	0.0000247445	3.0329057306E-9	6.300	28.400
5/5/2022	7:40 PM	-0.1093790100	45.600	17.999	20.000	0.0000010000	-0.0000131540	5.9422203839E-9	0.0000247656	1.0112939289E-9	6.300	28.500
5/5/2022	7:41 PM	-0.1005784000	45.600	18.001	20.000	0.0000010000	-0.0000131618	5.1710423195E-9	0.0000247815	1.0103542189E-9	6.300	28.400
5/5/2022	7:42 PM	-0.0905205600	45.600	17.999	20.000	0.0000010000	-0.0000131562	6.2717844521E-9	0.0000247441	3.5464762979E-9	6.300	28.400
5/5/2022	7:42 PM	-0.0804627200	45.600	18.000	20.000	0.0000010000	-0.0000131522	5.9130634006E-9	0.0000247820	2.0000000000E-10	6.300	28.400
5/5/2022	7:43 PM	-0.0704048800	45.600	18.000	20.000	0.0000010000	-0.0000131551	6.4624360279E-9	0.0000247633	2.9656801254E-9	6.300	28.400
5/5/2022	7:44 PM	-0.0603470400	45.600	18.000	20.000	0.0000010000	-0.0000131540	5.9222537947E-9	0.0000247073	6.1872781197E-9	6.300	28.400
5/5/2022	7:44 PM	-0.0502892000	45.600	18.001	20.000	0.0000010000	-0.0000131575	5.0542343242E-9	0.0000247964	1.3525003665E-9	6.300	28.400
5/5/2022	7:45 PM	-0.0402313600	0.900	18.000	20.000	0.0000010000	-0.0000131564	5.3662316722E-9	0.0000247641	2.1994108057E-9	6.300	28.500
5/5/2022	7:46 PM	-0.0301735200	45.600	17.999	20.000	0.0000010000	-0.0000131608	4.7311767570E-9	0.0000247782	1.7425828080E-9	6.300	28.500
5/5/2022	7:46 PM	-0.0201156800	45.600	18.000	20.000	0.0000010000	-0.0000131468	6.1415095936E-9	0.0000247825	6.6978115661E-10	6.300	28.500
5/5/2022	7:47 PM	-0.0100578400	45.600	18.000	20.000	0.0000010000	-0.0000131786	4.2595789078E-9	0.0000247762	3.9154759474E-10	6.300	28.400
5/5/2022	7:48 PM	0.0000000000	45.600	18.000	20.000	0.0000010000	-0.0000131496	6.4488737109E-9	0.0000247837	1.4403124237E-9	6.300	28.500
5/5/2022	7:48 PM	0.0100578400	45.600	18.002	20.000	0.0000010000	-0.0000131445	6.0209367135E-9	0.0000247836	4.3011626335E-10	6.300	28.500
5/5/2022	7:49 PM	0.0201156800	45.600	18.000	20.000	0.0000010000	-0.0000131536	6.4651405518E-9	0.0000247682	1.0232844665E-9	6.300	28.500
5/5/2022	7:50 PM	0.0301735200	45.600	18.000	20.000	0.0000010000	-0.0000131559	5.6695685926E-9	0.0000247767	1.5291318655E-9	6.300	28.500
5/5/2022	7:51 PM	0.0402313600	45.600	18.000	20.000	0.0000010000	-0.0000131718	6.0362979848E-9	0.0000247735	2.2175997366E-9	6.300	28.500
5/5/2022	7:51 PM	0.0502892000	45.600	17.999	20.000	0.0000010000	-0.0000131558	4.3423182692E-9	0.0000247340	5.1403646098E-9	6.300	28.500
5/5/2022	7:52 PM	0.0603470400	45.600	18.000	20.000	0.0000010000	-0.0000131592	6.1538677139E-9	0.0000247616	1.5524758109E-9	6.300	28.500
5/5/2022	7:53 PM	0.0704048800	45.600	18.000	20.000	0.0000010000	-0.0000131508	4.9891933742E-9	0.0000247465	3.2334535689E-9	6.300	28.400
5/5/2022	7:54 PM	0.0804627200	45.600	17.998	20.000	0.0000010000	-0.0000131558	5.0557665894E-9	0.0000247761	1.5019194384E-9	6.300	28.500
5/5/2022	7:54 PM	0.0905205600	45.600	18.002	20.000	0.0000010000	-0.0000131474	4.1298614629E-9	0.0000247853	2.4049580609E-9	6.300	28.400
5/5/2022	7:55 PM	0.1005784000	45.600	17.999	20.000	0.0000010000	-0.0000131583	4.9442087279E-9	0.0000247707	2.1260222454E-9	6.300	28.500
5/5/2022	7:56 PM	0.1093790100	45.600	18.000	20.000	0.0000010000	-0.0000131636	7.1977639843E-9	0.0000247749	1.1074720840E-9	6.300	28.500
5/5/2022	7:56 PM	0.1194368500	45.600	18.000	20.000	0.0000010000	-0.0000131349	5.3591742544E-9	0.0000247851	8.7080596449E-10	6.300	28.400
5/5/2022	7:57 PM	0.1294946900	45.600	18.001	20.000	0.0000010000	-0.0000131570	4.4321246988E-9	0.0000247765	1.3331809275E-9	6.300	28.500
5/5/2022	7:58 PM	0.1395525300	45.600	18.001	20.000	0.0000010000	-0.0000131440	6.7228648238E-9	0.0000247833	1.0089081085E-9	6.300	28.500
5/5/2022	7:58 PM	0.1496103700	45.600	17.999	20.000	0.0000010000	-0.0000131532	3.6215928578E-9	0.0000247808	8.1763500472E-10	6.300	28.500
5/5/2022	7:59 PM	0.1596682100	45.600	18.000	20.000	0.0000010000	-0.0000131509	6.2825245258E-9	0.0000247845	7.0710678119E-10	6.300	28.500
5/5/2022	8:00 PM	0.1697260500	45.600	18.000	20.000	0.0000010000	-0.0000131393	7.3468790955E-9	0.0000247752	9.9753483738E-10	6.300	28.500
5/5/2022	8:00 PM	0.1797838900	45.600	17.999	20.000	0.0000010000	-0.0000131477	8.0604215376E-9	0.0000247726	7.7017805882E-10	6.300	28.500
5/5/2022	8:01 PM	0.1898417300	45.600	17.999	20.000	0.0000010000	-0.0000131556	4.7464235630E-9	0.0000247898	4.3870225316E-10	6.300	28.500
5/5/2022	8:02 PM	0.1998995700	45.600	18.000	20.000	0.0000010000	-0.0000131492	3.3078064958E-9	0.0000248015	8.2789503962E-10	6.300	28.500
5/5/2022	8:02 PM	0.2099574100	45.600	17.999	20.000	0.0000010000	-0.0000131505	5.9871017640E-9	0.0000247827	1.0704286871E-9	6.300	28.500
5/5/2022	8:03 PM	0.2200152500	45.600	18.000	20.000	0.0000010000	-0.0000131493	3.5282755804E-9	0.0000247712	6.0724247288E-10	6.300	28.400
5/5/2022	8:04 PM	0.2300730900	45.600	17.999	20.000	0.0000010000	-0.0000126445	1.2983924923E-7	0.0000253740	1.3688151597E-9	6.300	28.400
5/5/2022	8:04 PM	0.2401309300	45.600	17.999	20.000	0.0000010000	-0.0000118760	4.2102007990E-9	0.0000259676	2.0001417425E-9	6.300	28.400
5/5/2022	8:05 PM	0.2501887700	45.600	18.000	20.000	0.0000010000	-0.0000118638	3.6910069905E-9	0.0000259399	3.3619012861E-9	6.300	28.400
5/5/2022	8:06 PM	0.2602466100	45.600	17.999	20.000	0.0000010000	-0.0000118742	3.7320462574E-9	0.0000259460	2.2090275288E-9	6.300	28.400
5/5/2022	8:06 PM	0.2703044500	44.900	18.001	20.000	0.0000010000	-0.0000118745	8.8525344196E-9	0.0000259576	7.8102496759E-10	6.300	28.400
5/5/2022	8:07 PM	0.2803622900	44.900	18.001	20.000	0.0000010000	-0.0000118724	2.2493287331E-9	0.0000259446	2.0056651157E-9	6.300	28.400
5/5/2022	8:08 PM	0.2904201300	44.900	18.001	20.000	0.0000010000	-0.0000118785	5.7783369147E-9	0.0000259531	4.1402208188E-10	6.300	28.400
5/5/2022	8:09 PM	0.3004779700	44.900	18.000	20.000	0.0000010000	-0.0000118842	5.3511810740E-9	0.0000259599	7.5522851952E-10	6.300	28.400
5/5/2022	8:09 PM	0.3105358100	44.900	17.997	20.000	0.0000010000	-0.0000118661	4.4606603646E-9	0.0000259563	9.9056941504E-10	6.300	28.400
5/5/2022	8:10 PM	0.3205936500	44.900	17.999	20.000	0.0000010000	-0.0000118793	5.9855840308E-9	0.0000259333	3.1008063467E-9	6.300	28.400
5/5/2022	8:11 PM	0.3293942600	44.900	18.000	20.000	0.0000010000	-0.0000118703	6.2217441343E-9	0.0000259302	4.5014012963E-9	6.300	28.400
5/5/2022	8:11 PM	0.3394521000	44.900	18.000	20.000	0.0000010000	-0.0000118753	3.8775119652E-9	0.0000259636	4.1402208188E-10	6.300	28.400
5/5/2022	8:12 PM	0.3495099400	44.900	18.000	20.000	0.0000010000	-0.0000118693	3.7802284142E-9	0.0000259444	1.5648529270E-9	6.300	28.400
5/5/2022	8:13 PM	0.3595677800	44.900	18.001	20.000	0.0000010000	-0.0000118809	3.8778710198E-9	0.0000259511	1.0091825995E-9	6.300	28.400
5/5/2022	8:13 PM	0.3696256200	44.900	18.001	20.000	0.0000010000	-0.0000118739	7.8478205813E-9	0.0000259498	1.3970702436E-9	6.300	28.400
5/5/2022	8:14 PM	0.3796834600	44.900	18.000	20.000	0.0000010000	-0.0000118728	5.6786873141E-9	0.0000259618	1.0025581909E-9	6.300	28.400
5/5/2022	8:15 PM	0.3897413000	44.900	17.999	20.000	0.0000010000	-0.0000118711	5.2901547930E-9	0.0000259650	6.6099096785E-10	6.300	28.400
5/5/2022	8:15 PM	0.3997991400	44.900	17.999	20.000	0.0000010000	-0.0000118665	9.1411985319E-9	0.0000259465	1.0000000000E-9	6.300	28.400
5/5/2022	8:16 PM	0.4098569800	44.900	18.000	20.000	0.0000010000	-0.0000118789	4.7593960880E-9	0.0000259548	5.6368092477E-10	6.300	28.400
5/5/2022	8:17 PM	0.4199148200	44.900	18.000	20.000	0.0000010000	-0.0000118759	5.5938131421E-9	0.0000259503	6.4721359550E-10	6.300	28.400
5/5/2022	8:17 PM	0.4299726600	44.900	18.001	20.000	0.0000010000	-0.0000118693	9.4839682958E-9	0.0000259485	1.7777690229E-9	6.300	28.400
5/5/2022	8:18 PM	0.4400305000	44.900	18.001	20.000	0.0000010000	-0.0000118785	5.3053060469E-9	0.0000259576	8.5008167862E-10	6.300	28.400
5/5/2022	8:19 PM	0.4500883400	44.900	18.000	20.000	0.0000010000	-0.0000118851	5.9379639445E-9	0.0000259511	6.4031242374E-10	6.300	28.400
5/5/2022	8:19 PM	0.4601461800	44.900	18.000	20.000	0.0000010000	-0.0000118824	5.9966179292E-9	0.0000259549	8.7434164903E-10	6.300	28.400
5/5/2022	8:20 PM	0.4702040200	44.900	18.000	20.000	0.0000010000	-0.0000118682	6.6987459856E-9	0.0000259487	1.9533752993E-9	6.300	28.400
5/5/2022	8:21 PM	0.4802618600	44.900	18.000	20.000	0.0000010000	-0.0000118628	6.4772838518E-9	0.0000259538	1.1022703843E-9	6.300	28.400
5/5/2022	8:21 PM	0.4903197000	44.900	18.000	20.000	0.0000010000	-0.0000118703	7.6775377068E-9	0.0000259496	8.4176511044E-10	6.300	28.400
5/5/2022	8:22 PM	0.5003775400	44.900	18.001	20.000	0.0000010000	-0.0000118709	5.6874355807E-9	0.0000259509	8.8740730319E-10	6.300	28.400
5/5/2022	8:23 PM	0.4903197000	44.900	18.001	20.000	0.0000010000	-0.0000118673	2.4304309263E-9	0.0000259704	3.2360679775E-10	6.300	28.400
5/5/2022	8:24 PM	0.4802618600	44.900	18.002	20.000	0.0000010000	-0.0000118760	2.8227607578E-9	0.0000259662	4.3911649916E-10	6.300	28.400
5/5/2022	8:24 PM	0.4702040200	44.900	18.002	20.000	0.0000010000	-0.0000118789	5.4184669044E-9	0.0000259125	6.1105861990E-9	6.300	28.400
5/5/2022	8:25 PM	0.4601461800	44.900	18.000	20.000	0.0000010000	-0.0000118846	3.5315863743E-9	0.0000259671	8.6163530729E-10	6.300	28.400
5/5/2022	8:26 PM	0.4500883400	44.900	18.001	20.000	0.0000010000	-0.0000118681	6.3704105492E-9	0.0000259514	4.9664022582E-10	6.300	28.400
5/5/2022	8:26 PM	0.4400305000	44.900	18.001	20.000	0.0000010000	-0.0000118671	5.8952894461E-9	0.0000259643	9.5770568927E-10	6.300	28.400
5/5/2022	8:27 PM	0.4299726600	44.900	18.000	20.000	0.0000010000	-0.0000118720	4.7812701100E-9	0.0000259496	1.4602325267E-9	6.300	28.400
5/5/2022	8:28 PM	0.4199148200	44.900	18.000	20.000	0.0000010000	-0.0000118769	4.3603495108E-9	0.0000259354	2.3960765885E-9	6.300	28.400
5/5/2022	8:29 PM	0.4098569800	44.900	18.000	20.000	0.0000010000	-0.0000118591	5.9324282148E-9	0.0000259474	1.1857741531E-9	6.300	28.400
5/5/2022	8:29 PM	0.3997991400	44.900	18.000	20.000	0.0000010000	-0.0000118760	4.6097066977E-9	0.0000259570	6.3245553203E-10	6.300	28.400
5/5/2022	8:30 PM	0.3897413000	44.900	18.000	20.000	0.0000010000	-0.0000118618	7.5319052747E-9	0.0000259469	2.0223978466E-9	6.300	28.400
5/5/2022	8:31 PM	0.3796834600	44.900	18.000	20.000	0.0000010000	-0.0000118886	5.2678047414E-9	0.0000259800	5.8309518948E-10	6.300	28.400
5/5/2022	8:31 PM	0.3696256200	44.900	18.000	20.000	0.0000010000	-0.0000118809	4.1478464636E-9	0.0000259708	1.2247448714E-10	6.300	28.400
5/5/2022	8:32 PM	0.3595677800	44.900	18.000	20.000	0.0000010000	-0.0000118894	5.8495218446E-9	0.0000259638	1.3919772427E-9	6.300	28.400
5/5/2022	8:33 PM	0.3495099400	44.900	18.001	20.000	0.0000010000	-0.0000118738	6.9642897171E-9	0.0000259633	3.5495097568E-10	6.300	28.400
5/5/2022	8:33 PM	0.3394521000	44.900	18.001	20.000	0.0000010000	-0.0000118651	8.4213826746E-9	0.0000259421	3.1078912422E-9	6.300	28.400
5/5/2022	8:34 PM	0.3293942600	44.900	18.000	20.000	0.0000010000	-0.0000118749	5.4930515865E-9	0.0000259539	8.3784666345E-10	6.300	28.400
5/5/2022	8:35 PM	0.3205936500	44.900	18.001	20.000	0.0000010000	-0.0000118737	6.2057586259E-9	0.0000259557	1.3415691040E-9	6.300	28.400
5/5/2022	8:35 PM	0.3105358100	44.900	18.001	20.000	0.0000010000	-0.0000118623	7.0708121755E-9	0.0000259452	1.2110515400E-9	6.300	28.400
5/5/2022	8:36 PM	0.3004779700	44.900	18.001	20.000	0.0000010000	-0.0000118708	4.3260247946E-9	0.0000259615	3.5355339059E-10	6.200	28.400
5/5/2022	8:37 PM	0.2904201300	44.900	18.001	20.000	0.0000010000	-0.0000118718	5.4296827429E-9	0.0000259376	3.2070235422E-9	6.200	28.400
5/5/2022	8:37 PM	0.2803622900	44.900	18.000	20.000	0.0000010000	-0.0000118620	6.5760540915E-9	0.0000259698	8.2804416376E-10	6.300	28.400
5/5/2022	8:38 PM	0.2703044500	44.900	18.001	20.000	0.0000010000	-0.0000118742	3.9957571559E-9	0.0000259611	1.1070229163E-9	6.200	28.400
5/5/2022	8:39 PM	0.2602466100	44.900	17.999	20.000	0.0000010000	-0.0000118777	4.4971425810E-9	0.0000259540	1.6064544465E-9	6.200	28.400
5/5/2022	8:39 PM	0.2501887700	44.900	18.000	20.000	0.0000010000	-0.0000118611	5.9767889732E-9	0.0000259513	8.1237775947E-10	6.200	28.400
5/5/2022	8:40 PM	0.2401309300	44.900	18.000	20.000	0.0000010000	-0.0000118770	5.9037524519E-9	0.0000259686	5.4649857042E-10	6.200	28.400
5/5/2022	8:41 PM	0.2300730900	44.900	18.000	20.000	0.0000010000	-0.0000118671	5.8926882331E-9	0.0000259664	9.8102496759E-10	6.200	28.400
5/5/2022	8:41 PM	0.2200152500	44.900	18.000	20.000	0.0000010000	-0.0000118843	5.3162143907E-9	0.0000259657	7.2771912927E-10	6.200	28.400
5/5/2022	8:42 PM	0.2099574100	44.900	18.000	20.000	0.0000010000	-0.0000118727	5.8366489837E-9	0.0000259573	1.7520907974E-9	6.200	28.400
5/5/2022	8:43 PM	0.1998995700	44.900	18.000	20.000	0.0000010000	-0.0000118681	4.9885054371E-9	0.0000259666	8.6988284501E-10	6.200	28.400
5/5/2022	8:44 PM	0.1898417300	44.900	18.000	20.000	0.0000010000	-0.0000118881	7.2001583975E-9	0.0000259671	1.2108748006E-9	6.200	28.400
5/5/2022	8:44 PM	0.1797838900	44.900	18.001	20.000	0.0000010000	-0.0000118757	5.2090350741E-9	0.0000259735	4.3197516176E-10	6.200	28.400
5/5/2022	8:45 PM	0.1697260500	44.900	18.002	20.000	0.0000010000	-0.0000118764	8.6462447153E-9	0.0000259395	1.7306317353E-9	6.200	28.400
5/5/2022	8:46 PM	0.1596682100	44.900	18.001	20.000	0.0000010000	-0.0000118822	8.0858777430E-9	0.0000259629	3.7386127875E-10	6.200	28.400
5/5/2022	8:46 PM	0.1496103700	44.900	18.000	20.000	0.0000010000	-0.0000118653	4.8000236498E-9	0.0000259751	5.0620192023E-10	6.200	28.400
5/5/2022	8:47 PM	0.1395525300	44.900	17.999	20.000	0.0000010000	-0.0000118958	4.7544517743E-9	0.0000259529	1.7458515520E-9	6.200	28.400
5/5/2022	8:48 PM	0.1294946900	44.900	18.000	20.000	0.0000010000	-0.0000118814	4.1606654556E-9	0.0000259693	7.9534340381E-10	6.200	28.400
5/5/2022	8:48 PM	0.1194368500	0.900	18.000	20.000	0.0000010000	-0.0000118715	6.5428041365E-9	0.0000259627	5.8309518948E-10	6.200	28.400
5/5/2022	8:49 PM	0.1093790100	44.900	18.000	20.000	0.0000010000	-0.0000118689	5.8037521200E-9	0.0000259774	2.2247448714E-10	6.200	28.400
5/5/2022	8:50 PM	0.1005784000	44.900	18.000	20.000	0.0000010000	-0.0000118764	5.2437786749E-9	0.0000259511	1.2224744871E-9	6.200	28.400
5/5/2022	8:50 PM	0.0905205600	44.900	17.999	20.000	0.0000010000	-0.0000118747	7.2273801820E-9	0.0000259728	1.2585015750E-9	6.200	28.400
5/5/2022	8:51 PM	0.0804627200	44.900	18.000	20.000	0.0000010000	-0.0000118791	6.8851984093E-9	0.0000259379	3.5309226101E-9	6.200	28.400
5/5/2022	8:52 PM	0.0704048800	44.900	18.000	20.000	0.0000010000	-0.0000118775	5.8175895369E-9	0.0000259623	7.7008771255E-10	6.200	28.400
5/5/2022	8:53 PM	0.0603470400	44.900	18.000	20.000	0.0000010000	-0.0000118787	3.0205571687E-9	0.0000259484	2.9835039864E-9	6.200	28.400
5/5/2022	8:53 PM	0.0502892000	44.900	18.001	20.000	0.0000010000	-0.0000118854	7.4977409855E-9	0.0000259676	4.0000000000E-10	6.200	28.400
5/5/2022	8:54 PM	0.0402313600	44.900	17.999	20.000	0.0000010000	-0.0000118904	3.6516220710E-9	0.0000259688	3.5495097568E-10	6.200	28.400
5/5/2022	8:55 PM	0.0301735200	44.900	17.999	20.000	0.0000010000	-0.0000118813	5.8020476039E-9	0.0000259695	1.1896410602E-9	6.200	28.400
5/5/2022	8:55 PM	0.0201156800	44.900	18.000	20.000	0.0000010000	-0.0000118803	5.3414665944E-9	0.0000259401	3.3455922108E-9	6.200	28.400
5/5/2022	8:56 PM	0.0100578400	44.900	18.000	20.000	0.0000010000	-0.0000118820	6.1674360480E-9	0.0000259743	7.2166385809E-10	6.200	28.400
5/5/2022	8:57 PM	-0.0000000000	44.900	18.001	20.000	0.0000010000	-0.0000118766	3.2442879198E-9	0.0000259677	3.4608128489E-10	6.200	28.400
5/5/2022	8:57 PM	-0.0100578400	44.900	18.001	20.000	0.0000010000	-0.0000118939	5.2863111028E-9	0.0000259584	8.2764726786E-10	6.200	28.400
5/5/2022	8:58 PM	-0.0201156800	44.900	18.001	20.000	0.0000010000	-0.0000118806	5.6667311506E-9	0.0000259718	8.9526339942E-10	6.200	28.400
5/5/2022	8:59 PM	-0.0301735200	44.900	18.001	20.000	0.0000010000	-0.0000118789	4.0803718882E-9	0.0000259463	2.0472124262E-9	6.200	28.400
5/5/2022	8:59 PM	-0.0402313600	44.900	18.000	20.000	0.0000010000	-0.0000118830	4.2487570287E-9	0.0000259589	1.5355758232E-9	6.200	28.400
5/5/2022	9:00 PM	-0.0502892000	44.900	18.000	20.000	0.0000010000	-0.0000118749	3.4703948812E-9	0.0000259904	1.5721724422E-9	6.200	28.400
5/5/2022	9:01 PM	-0.0603470400	44.900	17.999	20.000	0.0000010000	-0.0000118726	5.6116005729E-9	0.0000259544	1.1813159295E-9	6.200	28.400
5/5/2022	9:01 PM	-0.0704048800	44.900	18.002	20.000	0.0000010000	-0.0000118826	4.1136803548E-9	0.0000259696	8.9418965053E-10	6.200	28.400
5/5/2022	9:02 PM	-0.0804627200	44.900	17.999	20.000	0.0000010000	-0.0000118967	5.6932063865E-9	0.0000259483	1.5099410155E-9	6.200	28.400
5/5/2022	9:03 PM	-0.0905205600	44.900	17.999	20.000	0.0000010000	-0.0000118726	4.9050132097E-9	0.0000259431	1.3768602296E-9	6.200	28.400
5/5/2022	9:03 PM	-0.1005784000	44.900	17.999	20.000	0.0000010000	-0.0000118888	5.1042484081E-9	0.0000259604	9.7403707289E-10	6.200	28.400
5/5/2022	9:04 PM	-0.1093790100	44.900	18.000	20.000	0.0000010000	-0.0000118818	6.9346273378E-9	0.0000259518	1.9248448444E-9	6.200	28.400
5/5/2022	9:05 PM	-0.1194368500	44.900	18.000	20.000	0.0000010000	-0.0000118805	4.6780830791E-9	0.0000259493	2.8102423104E-9	6.200	28.400
5/5/2022	9:06 PM	-0.1294946900	44.900	18.000	20.000	0.0000010000	-0.0000118824	3.2795270408E-9	0.0000259809	6.8476798574E-10	6.200	28.400
5/5/2022	9:07 PM	-0.1395525300	45.500	17.998	20.000	0.0000010000	-0.0000118877	5.2560748767E-9	0.0000259514	1.5291318655E-9	6.200	28.400
5/5/2022	9:07 PM	-0.1496103700	45.500	17.999	20.000	0.0000010000	-0.0000118975	7.0165076920E-9	0.0000259591	1.4385437231E-9	6.200	28.400
5/5/2022	9:08 PM	-0.1596682100	45.500	17.999	20.000	0.0000010000	-0.0000118840	6.4179294628E-9	0.0000259574	1.0704262972E-9	6.200	28.400
5/5/2022	9:09 PM	-0.1697260500	45.500	17.999	20.000	0.0000010000	-0.0000118886	5.7367525961E-9	0.0000259342	3.8948702633E-9	6.200	28.400
5/5/2022	9:09 PM	-0.1797838900	45.500	17.999	20.000	0.0000010000	-0.0000118824	6.2674462319E-9	0.0000259669	8.0099575176E-10	6.200	28.400
5/5/2022	9:10 PM	-0.1898417300	45.500	17.999	20.000	0.0000010000	-0.0000118823	2.3837466324E-9	0.0000259502	9.4405832340E-10	6.200	28.400
5/5/2022	9:11 PM	-0.1998995700	45.500	18.000	20.000	0.0000010000	-0.0000118753	8.6634256651E-9	0.0000259517	1.4213373913E-9	6.200	28.400
5/5/2022	9:11 PM	-0.2099574100	45.500	18.001	20.000	0.0000010000	-0.0000118873	6.2442794769E-9	0.0000259738	9.1488424909E-10	6.200	28.400
5/5/2022	9:12 PM	-0.2200152500	45.500	18.000	20.000	0.0000010000	-0.0000118726	6.9309575280E-9	0.0000259637	1.0337686373E-9	6.200	28.400
5/5/2022	9:13 PM	-0.2300730900	45.500	17.999	20.000	0.0000010000	-0.0000118810	5.6695224374E-9	0.0000259598	8.0000000000E-10	6.200	28.400
5/5/2022	9:14 PM	-0.2401309300	45.500	18.001	20.000	0.0000010000	-0.0000118888	6.7310641516E-9	0.0000259661	7.8366965395E-10	6.200	28.400
5/5/2022	9:14 PM	-0.2501887700	45.500	18.000	20.000	0.0000010000	-0.0000118881	3.3344242023E-9	0.0000259624	9.9865437593E-10	6.200	28.400
5/5/2022	9:15 PM	-0.2602466100	45.500	18.000	20.000	0.0000010000	-0.0000118852	5.9196118382E-9	0.0000259508	1.3592554199E-9	6.200	28.400
5/5/2022	9:16 PM	-0.2703044500	45.500	18.000	20.000	0.0000010000	-0.0000118699	4.9778901276E-9	0.0000259838	4.6368092478E-10	6.200	28.400
5/5/2022	9:16 PM	-0.2803622900	45.500	17.999	20.000	0.0000010000	-0.0000131492	3.9449673245E-9	0.0000247639	9.2736184955E-10	6.200	28.400
5/5/2022	9:17 PM	-0.2904201300	45.500	18.000	20.000	0.0000010000	-0.0000131522	4.3872464577E-9	0.0000247602	9.0801965128E-10	6.200	28.400
5/5/2022	9:18 PM	-0.3004779700	45.500	18.000	20.000	0.0000010000	-0.0000131569	2.8148375161E-9	0.0000247598	1.0398790721E-9	6.200	28.400
5/5/2022	9:18 PM	-0.3105358100	45.500	18.000	20.000	0.0000010000	-0.0000131614	5.0124586805E-9	0.0000247517	1.5776208397E-9	6.200	28.400
5/5/2022	9:19 PM	-0.3205936500	45.500	18.001	20.000	0.0000010000	-0.0000131611	5.9347274576E-9	0.0000247556	1.0825982435E-9	6.200	28.400
5/5/2022	9:20 PM	-0.3293942600	45.500	17.999	20.000	0.0000010000	-0.0000131482	3.9932717623E-9	0.0000247712	5.6968808264E-10	6.200	28.400
5/5/2022	9:21 PM	-0.3394521000	45.500	18.001	20.000	0.0000010000	-0.0000131655	9.1145379547E-9	0.0000247478	1.9464249197E-9	6.200	28.400
5/5/2022	9:21 PM	-0.3495099400	45.500	18.000	20.000	0.0000010000	-0.0000131614	7.3076627691E-9	0.0000247550	1.7516139304E-9	6.200	28.400
5/5/2022	9:22 PM	-0.3595677800	45.500	18.001	20.000	0.0000010000	-0.0000131656	6.3308888581E-9	0.0000247330	2.5711979401E-9	6.200	28.400
5/5/2022	9:23 PM	-0.3696256200	45.500	18.001	20.000	0.0000010000	-0.0000131536	5.8141034826E-9	0.0000247590	1.1850047376E-9	6.200	28.400
5/5/2022	9:23 PM	-0.3796834600	45.500	18.000	20.000	0.0000010000	-0.0000131645	3.6030561241E-9	0.0000247675	1.1543375949E-9	6.200	28.400
5/5/2022	9:24 PM	-0.3897413000	45.500	18.000	20.000	0.0000010000	-0.0000131496	5.6635876182E-9	0.0000247435	3.2273751006E-9	6.200	28.400
5/5/2022	9:25 PM	-0.3997991400	45.500	18.000	20.000	0.0000010000	-0.0000131614	3.7858780224E-9	0.0000247524	1.3315881612E-9	6.200	28.400
5/5/2022	9:25 PM	-0.4098569800	45.500	17.999	20.000	0.0000010000	-0.0000131514	5.8646560686E-9	0.0000247544	1.8708286934E-10	6.200	28.400
5/5/2022	9:26 PM	-0.4199148200	45.500	18.000	20.000	0.0000010000	-0.0000131588	5.4051195762E-9	0.0000247686	1.0041522987E-9	6.200	28.400
5/5/2022	9:27 PM	-0.4299726600	45.500	18.000	20.000	0.0000010000	-0.0000131653	5.2163806315E-9	0.0000247578	9.1547532151E-10	6.200	28.400
5/5/2022	9:27 PM	-0.4400305000	45.500	18.001	20.000	0.0000010000	-0.0000131638	5.7560591672E-9	0.0000247642	1.1803670365E-9	6.200	28.400
5/5/2022	9:28 PM	-0.4500883400	45.500	18.001	20.000	0.0000010000	-0.0000131453	4.1538719167E-9	0.0000247502	1.4910427743E-9	6.200	28.400
5/5/2022	9:29 PM	-0.4601461800	45.500	18.000	20.000	0.0000010000	-0.0000131480	5.7672741115E-9	0.0000247435	1.2247448714E-9	6.200	28.400
5/5/2022	9:29 PM	-0.4702040200	45.500	17.999	20.000	0.0000010000	-0.0000131635	6.3970902449E-9	0.0000247326	2.8032150562E-9	6.200	28.400
5/5/2022	9:30 PM	-0.4802618600	45.500	18.000	20.000	0.0000010000	-0.0000131518	5.3740876060E-9	0.0000247889	1.3511126801E-9	6.200	28.400
5/5/2022	9:31 PM	-0.4903197000	45.500	18.000	20.000	0.0000010000	-0.0000131569	4.0201769613E-9	0.0000247512	1.4976338337E-9	6.200	28.400
