! User Name:	Aditya
! Sample Name:	MR(DCMode)_FGT CrPS4_20K_PF_M0.7T_RH_0.5T
! Sample ID:	FGT/CrPS4
! Date:	5/4/2022	Time:	7:12 PM
! Current Source:	Keithley 224 Current Source
! Voltmeter V1:	Keithley 182 Degital voltmeter
! Voltmeter V2:	Keithley 2182A  NanoVoltmeter
! V1 (volts):	Rxx  Device 1
! V2 (volts):	Rxy Device 1
! Max Field (Tesla):0.500000	! Data points (0_maxT:50.000000	! Average Number:5.000000	
! Comments:	FGT/CrPS4 device was made in glove using flaking and dry transfering of flakes. 
! 
! 
! 
! 
Data	Time	Magnetic Field (T)	Helium Level (%)	VTI Temperature (K)	Sample Temparture (K)	Current (A) 	Voltage-1(V)	Std. of V1	Voltage-2 (V)	Std. of V2	VTI  Heater Power (%)	Sample Heater Power (%)
5/4/2022	7:14 PM	-0.5003775400	52.000	52.780	54.994	0.0000010000	-0.0000250134	5.8476309213E-9	0.0000110321	1.2135020405E-9	6.700	27.800
5/4/2022	7:15 PM	-0.4903197000	43.100	18.000	20.000	0.0000010000	-0.0000250141	6.5360963998E-9	0.0000110052	4.6368092477E-10	4.100	26.800
5/4/2022	7:16 PM	-0.4802618600	43.100	18.000	20.000	0.0000010000	-0.0000250251	4.6300405119E-9	0.0000110227	7.4295816944E-10	4.100	26.800
5/4/2022	7:16 PM	-0.4702040200	43.100	17.999	20.000	0.0000010000	-0.0000250104	4.6984518929E-9	0.0000109988	3.9154759474E-10	4.100	26.800
5/4/2022	7:17 PM	-0.4601461800	43.100	17.999	20.000	0.0000010000	-0.0000250235	5.3370719796E-9	0.0000110063	8.9206987131E-10	4.100	26.800
5/4/2022	7:18 PM	-0.4500883400	43.100	17.999	20.000	0.0000010000	-0.0000250141	5.6153938480E-9	0.0000110361	1.2455915849E-9	4.100	26.800
5/4/2022	7:18 PM	-0.4400305000	43.100	18.000	20.000	0.0000010000	-0.0000250243	2.5952502128E-9	0.0000110123	8.2739529308E-10	4.100	26.800
5/4/2022	7:19 PM	-0.4299726600	43.100	18.001	20.000	0.0000010000	-0.0000250148	6.3560257979E-9	0.0000110158	3.8708286934E-10	4.100	26.800
5/4/2022	7:20 PM	-0.4199148200	43.100	18.001	20.000	0.0000010000	-0.0000250174	5.4339460327E-9	0.0000110259	9.9386581434E-10	4.100	26.800
5/4/2022	7:21 PM	-0.4098569800	43.100	18.000	20.000	0.0000010000	-0.0000250184	4.4441477303E-9	0.0000110209	8.9418965053E-10	4.100	26.800
5/4/2022	7:21 PM	-0.3997991400	43.100	18.000	20.000	0.0000010000	-0.0000250180	6.8003767700E-9	0.0000109938	9.0471787406E-10	4.100	26.800
5/4/2022	7:22 PM	-0.3897413000	43.100	18.000	20.000	0.0000010000	-0.0000250207	8.7822015911E-9	0.0000110188	3.7416573868E-10	4.100	26.800
5/4/2022	7:23 PM	-0.3796834600	43.100	17.999	20.000	0.0000010000	-0.0000250112	4.3256004809E-9	0.0000109785	4.2899062187E-9	4.100	26.800
5/4/2022	7:23 PM	-0.3696256200	43.100	17.999	20.000	0.0000010000	-0.0000250175	5.9976697598E-9	0.0000109986	7.5522851952E-10	4.100	26.800
5/4/2022	7:24 PM	-0.3595677800	43.100	17.999	20.000	0.0000010000	-0.0000250251	6.9375070437E-9	0.0000110211	3.4519675235E-10	4.100	26.800
5/4/2022	7:25 PM	-0.3495099400	43.100	17.999	20.000	0.0000010000	-0.0000250112	5.2716828014E-9	0.0000110164	1.1238369250E-9	4.100	26.800
5/4/2022	7:25 PM	-0.3394521000	43.100	18.000	20.000	0.0000010000	-0.0000250284	5.9639191748E-9	0.0000110063	8.1237243570E-10	4.100	26.800
5/4/2022	7:26 PM	-0.3293942600	43.100	18.001	20.000	0.0000010000	-0.0000250294	5.9137765242E-9	0.0000110174	1.2120124021E-9	4.100	26.800
5/4/2022	7:27 PM	-0.3205936500	43.100	18.000	20.000	0.0000010000	-0.0000250226	3.8493403968E-9	0.0000110372	1.9286456063E-9	4.100	26.800
5/4/2022	7:27 PM	-0.3105358100	43.100	18.000	20.000	0.0000010000	-0.0000250180	4.5232016997E-9	0.0000109891	1.6894053971E-9	4.100	26.800
5/4/2022	7:28 PM	-0.3004779700	43.100	18.000	20.000	0.0000010000	-0.0000250208	7.2293049619E-9	0.0000110151	2.2534244983E-9	4.100	26.800
5/4/2022	7:29 PM	-0.2904201300	43.100	18.000	20.000	0.0000010000	-0.0000250320	6.3322663377E-9	0.0000110142	7.7416573868E-10	4.100	26.800
5/4/2022	7:30 PM	-0.2803622900	43.100	18.000	20.000	0.0000010000	-0.0000250074	6.3340975396E-9	0.0000110105	8.3804616516E-10	4.100	26.800
5/4/2022	7:30 PM	-0.2703044500	43.100	18.000	20.000	0.0000010000	-0.0000250308	4.3512512069E-9	0.0000110141	9.0471787406E-10	4.100	26.800
5/4/2022	7:31 PM	-0.2602466100	43.100	17.999	20.000	0.0000010000	-0.0000250107	4.2970511451E-9	0.0000110192	9.0710678119E-10	4.100	26.900
5/4/2022	7:32 PM	-0.2501887700	43.100	17.999	20.000	0.0000010000	-0.0000250301	5.3076059469E-9	0.0000110142	7.7008771255E-10	4.100	26.800
5/4/2022	7:32 PM	-0.2401309300	43.100	18.000	20.000	0.0000010000	-0.0000250073	4.1194112908E-9	0.0000110003	1.3564659966E-9	4.100	26.800
5/4/2022	7:33 PM	-0.2300730900	43.100	18.000	20.000	0.0000010000	-0.0000250260	2.4872798992E-9	0.0000110032	1.9875317823E-9	4.100	26.800
5/4/2022	7:34 PM	-0.2200152500	43.100	18.000	20.000	0.0000010000	-0.0000250173	6.1146085826E-9	0.0000110170	3.9154759474E-10	4.100	26.800
5/4/2022	7:34 PM	-0.2099574100	43.100	17.999	20.000	0.0000010000	-0.0000250218	6.0646450008E-9	0.0000110259	2.5811388301E-10	4.100	26.800
5/4/2022	7:35 PM	-0.1998995700	43.100	18.000	20.000	0.0000010000	-0.0000250206	5.3137425634E-9	0.0000109670	4.2430828689E-9	4.100	26.800
5/4/2022	7:36 PM	-0.1898417300	43.100	17.999	20.000	0.0000010000	-0.0000250243	4.4040862610E-9	0.0000110168	1.4121298353E-9	4.100	26.800
5/4/2022	7:37 PM	-0.1797838900	43.100	17.999	20.000	0.0000010000	-0.0000250216	7.7316773834E-9	0.0000110188	4.4203384502E-10	4.100	26.800
5/4/2022	7:37 PM	-0.1697260500	0.900	18.001	20.000	0.0000010000	-0.0000250308	8.0623455234E-9	0.0000109693	5.0833211891E-9	4.100	26.800
5/4/2022	7:38 PM	-0.1596682100	43.100	17.999	20.000	0.0000010000	-0.0000250058	7.4241220775E-9	0.0000110231	5.6368092477E-10	4.100	26.800
5/4/2022	7:39 PM	-0.1496103700	43.100	18.000	20.000	0.0000010000	-0.0000250195	6.5748238471E-9	0.0000110335	1.1281500598E-9	4.100	26.800
5/4/2022	7:39 PM	-0.1395525300	43.100	17.999	20.000	0.0000010000	-0.0000250201	7.7083815443E-9	0.0000110150	1.3194792169E-9	4.100	26.800
5/4/2022	7:40 PM	-0.1294946900	43.100	18.000	20.000	0.0000010000	-0.0000250188	4.0566903160E-9	0.0000110110	1.1545918207E-9	4.100	26.900
5/4/2022	7:41 PM	-0.1194368500	43.100	18.000	20.000	0.0000010000	-0.0000250138	7.4248247330E-9	0.0000110187	4.6368092477E-10	4.100	26.800
5/4/2022	7:41 PM	-0.1093790100	43.100	17.999	20.000	0.0000010000	-0.0000250202	2.8702675336E-9	0.0000109944	1.7610714480E-9	4.100	26.800
5/4/2022	7:42 PM	-0.1005784000	43.100	17.999	20.000	0.0000010000	-0.0000250287	6.7372452373E-9	0.0000109945	2.0106411231E-8	4.100	26.800
5/4/2022	7:43 PM	-0.0905205600	43.100	18.000	20.000	0.0000010000	-0.0000250321	7.4597240406E-9	0.0000110240	9.5166481892E-10	4.100	26.800
5/4/2022	7:43 PM	-0.0804627200	43.100	17.999	20.000	0.0000010000	-0.0000250152	5.0237460530E-9	0.0000110030	8.2739529308E-10	4.100	26.800
5/4/2022	7:44 PM	-0.0704048800	43.100	17.999	20.000	0.0000010000	-0.0000250226	5.7305262484E-9	0.0000110108	7.7008771255E-10	4.100	26.800
5/4/2022	7:45 PM	-0.0603470400	43.100	17.999	20.000	0.0000010000	-0.0000250322	4.7788517103E-9	0.0000110216	7.1237243570E-10	4.100	26.800
5/4/2022	7:45 PM	-0.0502892000	43.100	17.999	20.000	0.0000010000	-0.0000250175	5.6966628110E-9	0.0000110292	5.5355339059E-10	4.100	26.800
5/4/2022	7:46 PM	-0.0402313600	43.100	17.999	20.000	0.0000010000	-0.0000250392	5.6815981774E-9	0.0000110192	1.0432124137E-9	4.100	26.800
5/4/2022	7:47 PM	-0.0301735200	43.100	17.999	20.000	0.0000010000	-0.0000250237	6.5717016828E-9	0.0000110127	7.1763500472E-10	4.100	26.800
5/4/2022	7:47 PM	-0.0201156800	43.100	17.999	20.000	0.0000010000	-0.0000250383	4.9294683240E-9	0.0000110129	8.3900310986E-10	4.100	26.800
5/4/2022	7:48 PM	-0.0100578400	43.100	17.999	20.000	0.0000010000	-0.0000250276	4.7034638148E-9	0.0000110337	8.2540150734E-10	4.100	26.800
5/4/2022	7:49 PM	0.0000000000	43.100	18.000	20.000	0.0000010000	-0.0000250229	4.9231114317E-9	0.0000109983	1.8078573478E-9	4.100	26.800
5/4/2022	7:50 PM	0.0100578400	43.100	18.000	20.000	0.0000010000	-0.0000250237	5.2019136881E-9	0.0000109713	5.6538722030E-9	4.100	26.800
5/4/2022	7:50 PM	0.0201156800	43.100	17.998	20.000	0.0000010000	-0.0000250176	6.3373883984E-9	0.0000110375	1.4684078243E-9	4.100	26.800
5/4/2022	7:51 PM	0.0301735200	43.100	17.999	20.000	0.0000010000	-0.0000250293	4.8200736209E-9	0.0000110118	5.3851648071E-10	4.100	26.800
5/4/2022	7:52 PM	0.0402313600	43.100	17.999	20.000	0.0000010000	-0.0000250235	6.6181108235E-9	0.0000110106	1.0091825995E-9	4.100	26.800
5/4/2022	7:52 PM	0.0502892000	43.100	18.000	20.000	0.0000010000	-0.0000250302	3.3332896584E-9	0.0000110302	1.0025581909E-9	4.100	26.800
5/4/2022	7:53 PM	0.0603470400	43.100	17.998	20.000	0.0000010000	-0.0000250339	4.0260429546E-9	0.0000110346	1.1039933485E-9	4.100	26.800
5/4/2022	7:54 PM	0.0704048800	43.100	18.000	20.000	0.0000010000	-0.0000250143	7.9304896409E-9	0.0000110168	1.5527328977E-9	4.100	26.800
5/4/2022	7:54 PM	0.0804627200	43.100	18.000	20.000	0.0000010000	-0.0000250247	7.5908064773E-9	0.0000110232	2.8058837015E-10	4.100	26.800
5/4/2022	7:55 PM	0.0905205600	43.100	18.000	20.000	0.0000010000	-0.0000250183	5.9368202674E-9	0.0000110257	3.4608128489E-10	4.100	26.800
5/4/2022	7:56 PM	0.1005784000	43.100	17.999	20.000	0.0000010000	-0.0000250234	7.1446389090E-9	0.0000110156	5.8615541191E-10	4.100	26.800
5/4/2022	7:56 PM	0.1093790100	43.100	17.999	20.000	0.0000010000	-0.0000250267	9.4432959004E-9	0.0000110157	4.9154759474E-10	4.100	26.800
5/4/2022	7:57 PM	0.1194368500	43.100	18.001	20.000	0.0000010000	-0.0000250277	7.2813365932E-9	0.0000109839	4.8275149668E-9	4.100	26.800
5/4/2022	7:58 PM	0.1294946900	43.100	17.999	20.000	0.0000010000	-0.0000250143	4.6658044033E-9	0.0000110361	8.6163530729E-10	4.100	26.800
5/4/2022	7:58 PM	0.1395525300	43.100	17.999	20.000	0.0000010000	-0.0000250435	5.5508802434E-9	0.0000110267	4.9154759474E-10	4.100	26.800
5/4/2022	7:59 PM	0.1496103700	43.100	18.000	20.000	0.0000010000	-0.0000250307	5.1684160743E-9	0.0000110117	1.5799574674E-9	4.100	26.800
5/4/2022	8:00 PM	0.1596682100	43.100	17.999	20.000	0.0000010000	-0.0000250315	6.1235538776E-9	0.0000109944	3.2293646200E-9	4.100	26.800
5/4/2022	8:00 PM	0.1697260500	43.100	17.999	20.000	0.0000010000	-0.0000250351	6.3387200590E-9	0.0000110370	1.2791562463E-9	4.100	26.900
5/4/2022	8:01 PM	0.1797838900	43.100	17.998	20.000	0.0000010000	-0.0000250256	7.0142693109E-9	0.0000110222	1.9596167760E-9	4.100	26.800
5/4/2022	8:02 PM	0.1898417300	43.100	17.999	20.000	0.0000010000	-0.0000250317	5.2377983501E-9	0.0000110231	3.8708286934E-10	4.100	26.800
5/4/2022	8:02 PM	0.1998995700	43.100	18.000	20.000	0.0000010000	-0.0000250182	3.5591911916E-9	0.0000110292	6.6571333342E-10	4.100	26.800
5/4/2022	8:03 PM	0.2099574100	43.100	18.001	20.000	0.0000010000	-0.0000250450	6.3209065527E-9	0.0000110208	1.3002433073E-9	4.100	26.800
5/4/2022	8:04 PM	0.2200152500	43.100	18.000	20.000	0.0000010000	-0.0000250175	5.6269926778E-9	0.0000110283	8.2958126833E-10	4.100	26.800
5/4/2022	8:05 PM	0.2300730900	38.000	18.001	20.000	0.0000010000	-0.0000250275	4.5099046936E-9	0.0000110152	7.2559935005E-10	4.100	26.900
5/4/2022	8:05 PM	0.2401309300	38.000	18.000	20.000	0.0000010000	-0.0000250247	5.1932803282E-9	0.0000110054	1.5931090385E-9	4.100	26.900
5/4/2022	8:06 PM	0.2501887700	38.000	17.999	20.000	0.0000010000	-0.0000250162	7.0792213321E-9	0.0000110124	6.3851648071E-10	4.100	26.900
5/4/2022	8:07 PM	0.2602466100	38.000	17.999	20.000	0.0000010000	-0.0000250336	7.2467247344E-9	0.0000110080	5.8309518948E-10	4.100	26.900
5/4/2022	8:07 PM	0.2703044500	38.000	18.000	20.000	0.0000010000	-0.0000250304	4.4820405529E-9	0.0000110197	1.5452822726E-9	4.100	26.800
5/4/2022	8:08 PM	0.2803622900	38.000	18.000	20.000	0.0000010000	-0.0000243741	5.7436628827E-9	0.0000123717	4.7602787773E-10	4.100	26.800
5/4/2022	8:09 PM	0.2904201300	38.000	18.000	20.000	0.0000010000	-0.0000243737	3.4641233493E-9	0.0000123749	4.8989794856E-10	4.100	26.800
5/4/2022	8:09 PM	0.3004779700	38.000	18.000	20.000	0.0000010000	-0.0000243841	6.9469915970E-9	0.0000123707	1.1156011653E-9	4.100	26.900
5/4/2022	8:10 PM	0.3105358100	38.000	18.000	20.000	0.0000010000	-0.0000243594	6.3256972839E-9	0.0000123434	3.3106534226E-9	4.100	26.900
5/4/2022	8:11 PM	0.3205936500	38.000	17.999	20.000	0.0000010000	-0.0000243629	4.4090916093E-9	0.0000123695	3.5355339059E-10	4.100	26.800
5/4/2022	8:11 PM	0.3293942600	38.000	17.999	20.000	0.0000010000	-0.0000243705	5.9626779110E-9	0.0000123753	7.2771912927E-10	4.100	26.900
5/4/2022	8:12 PM	0.3394521000	38.000	18.000	20.000	0.0000010000	-0.0000243828	5.8781440524E-9	0.0000123717	5.6742346142E-10	4.100	26.800
5/4/2022	8:13 PM	0.3495099400	38.000	18.000	20.000	0.0000010000	-0.0000243771	9.1945947021E-9	0.0000123632	2.2286191867E-9	4.100	26.900
5/4/2022	8:13 PM	0.3595677800	38.000	18.000	20.000	0.0000010000	-0.0000243681	7.3022139993E-9	0.0000123677	6.5076379411E-10	4.100	26.900
5/4/2022	8:14 PM	0.3696256200	38.000	17.998	20.000	0.0000010000	-0.0000243565	6.9472708435E-9	0.0000123656	2.2247448714E-10	4.100	26.900
5/4/2022	8:15 PM	0.3796834600	38.000	18.000	20.000	0.0000010000	-0.0000243653	4.8140006937E-9	0.0000123754	7.4295816944E-10	4.100	26.800
5/4/2022	8:15 PM	0.3897413000	38.000	17.999	20.000	0.0000010000	-0.0000243618	1.8101599974E-9	0.0000123699	6.0777536076E-10	4.100	26.900
5/4/2022	8:16 PM	0.3997991400	38.000	17.999	20.000	0.0000010000	-0.0000243624	6.7279406653E-9	0.0000123686	6.2048368230E-10	4.100	26.900
5/4/2022	8:17 PM	0.4098569800	38.000	18.001	20.000	0.0000010000	-0.0000243615	7.6017429154E-9	0.0000123801	8.9526339942E-10	4.100	26.900
5/4/2022	8:18 PM	0.4199148200	38.000	18.000	20.000	0.0000010000	-0.0000243586	4.4984306607E-9	0.0000123777	4.2360679775E-10	4.100	26.900
5/4/2022	8:18 PM	0.4299726600	38.000	18.000	20.000	0.0000010000	-0.0000243671	3.2961570591E-9	0.0000123665	3.9154759474E-10	4.100	26.800
5/4/2022	8:19 PM	0.4400305000	38.000	18.000	20.000	0.0000010000	-0.0000243723	5.2284305729E-9	0.0000123817	1.1872268878E-9	4.100	26.900
5/4/2022	8:20 PM	0.4500883400	38.000	18.000	20.000	0.0000010000	-0.0000243676	6.9881551856E-9	0.0000123672	7.4031242374E-10	4.100	26.900
5/4/2022	8:20 PM	0.4601461800	38.000	18.000	20.000	0.0000010000	-0.0000243605	8.0387400679E-9	0.0000123729	5.9406747484E-10	4.100	26.800
5/4/2022	8:21 PM	0.4702040200	38.000	18.000	20.000	0.0000010000	-0.0000243600	5.1212680176E-9	0.0000123622	1.1801631212E-9	4.100	26.900
5/4/2022	8:22 PM	0.4802618600	0.900	18.000	20.000	0.0000010000	-0.0000243689	5.0102841650E-9	0.0000123809	1.0841646071E-9	4.100	26.900
5/4/2022	8:22 PM	0.4903197000	38.000	18.000	20.000	0.0000010000	-0.0000243628	6.8710370109E-9	0.0000123792	1.0704286871E-9	4.100	26.900
5/4/2022	8:23 PM	0.5003775400	38.000	18.000	20.000	0.0000010000	-0.0000243723	4.4610721973E-9	0.0000123735	8.2739529308E-10	4.100	26.800
5/4/2022	8:24 PM	0.4903197000	38.000	17.999	20.000	0.0000010000	-0.0000243751	6.4853487845E-9	0.0000123574	1.3815915536E-9	4.100	26.900
5/4/2022	8:24 PM	0.4802618600	38.000	17.999	20.000	0.0000010000	-0.0000243572	6.7410044874E-9	0.0000123075	5.1479866194E-9	4.100	26.900
5/4/2022	8:25 PM	0.4702040200	38.000	17.999	20.000	0.0000010000	-0.0000243723	3.3739305139E-9	0.0000123820	8.0756655164E-10	4.100	26.900
5/4/2022	8:26 PM	0.4601461800	38.000	17.999	20.000	0.0000010000	-0.0000243692	4.9846358320E-9	0.0000123719	7.8366965395E-10	4.100	26.900
5/4/2022	8:26 PM	0.4500883400	38.000	18.000	20.000	0.0000010000	-0.0000243660	3.9105917050E-9	0.0000123770	7.4031242374E-10	4.100	26.900
5/4/2022	8:27 PM	0.4400305000	38.000	17.999	20.000	0.0000010000	-0.0000243641	3.0004141694E-9	0.0000123710	1.0606601718E-9	4.100	26.900
5/4/2022	8:28 PM	0.4299726600	38.000	18.001	20.000	0.0000010000	-0.0000243679	7.4767043622E-9	0.0000123947	1.1224972160E-9	4.100	26.800
5/4/2022	8:28 PM	0.4199148200	38.000	18.000	20.000	0.0000010000	-0.0000243528	4.3172728792E-9	0.0000123826	4.2247448714E-10	4.100	26.900
5/4/2022	8:29 PM	0.4098569800	38.000	18.000	20.000	0.0000010000	-0.0000243653	6.6584105871E-9	0.0000123754	3.7742546282E-10	4.100	26.900
5/4/2022	8:30 PM	0.3997991400	38.000	17.999	20.000	0.0000010000	-0.0000243604	8.1250870569E-9	0.0000123492	7.2166385809E-10	4.100	26.900
5/4/2022	8:30 PM	0.3897413000	38.000	18.000	20.000	0.0000010000	-0.0000243727	2.8958586303E-9	0.0000123681	9.9386581434E-10	4.100	26.900
5/4/2022	8:31 PM	0.3796834600	38.000	18.000	20.000	0.0000010000	-0.0000243730	8.6479492529E-9	0.0000123753	1.2607961060E-9	4.100	26.900
5/4/2022	8:32 PM	0.3696256200	38.000	18.000	20.000	0.0000010000	-0.0000243662	7.7555074082E-9	0.0000123879	1.1669539803E-9	4.100	26.900
5/4/2022	8:32 PM	0.3595677800	38.000	17.998	20.000	0.0000010000	-0.0000243579	4.8784364745E-9	0.0000123598	3.0000000000E-10	4.100	26.900
5/4/2022	8:33 PM	0.3495099400	38.000	18.000	20.000	0.0000010000	-0.0000243614	3.3765566931E-9	0.0000123971	1.6740607615E-9	4.100	26.900
5/4/2022	8:34 PM	0.3394521000	38.000	18.000	20.000	0.0000010000	-0.0000243641	4.6294803713E-9	0.0000123814	1.0825982435E-9	4.100	26.800
5/4/2022	8:34 PM	0.3293942600	38.000	18.000	20.000	0.0000010000	-0.0000243623	5.4453235576E-9	0.0000123814	6.0620192023E-10	4.100	26.900
5/4/2022	8:35 PM	0.3205936500	38.000	17.999	20.000	0.0000010000	-0.0000243744	4.7108315127E-9	0.0000123720	5.0000000000E-10	4.100	26.900
5/4/2022	8:36 PM	0.3105358100	38.000	18.000	20.000	0.0000010000	-0.0000243702	4.2149134140E-9	0.0000123725	5.3011626335E-10	4.100	26.900
5/4/2022	8:37 PM	0.3004779700	38.000	18.000	20.000	0.0000010000	-0.0000243533	7.1799224884E-9	0.0000123249	5.1743252408E-9	4.100	26.900
5/4/2022	8:37 PM	0.2904201300	38.000	18.000	20.000	0.0000010000	-0.0000243691	4.1240333802E-9	0.0000123733	5.2247448714E-10	4.100	26.900
5/4/2022	8:38 PM	0.2803622900	38.000	18.000	20.000	0.0000010000	-0.0000243837	5.6589629551E-9	0.0000123263	4.6210561208E-9	4.100	26.900
5/4/2022	8:39 PM	0.2703044500	38.000	18.000	20.000	0.0000010000	-0.0000243591	3.4545205847E-9	0.0000123844	9.4005583283E-10	4.100	26.900
5/4/2022	8:39 PM	0.2602466100	38.000	17.999	20.000	0.0000010000	-0.0000243643	5.9891135222E-9	0.0000123548	1.0091825995E-9	4.100	26.900
5/4/2022	8:40 PM	0.2501887700	38.000	17.999	20.000	0.0000010000	-0.0000243646	9.3330977484E-9	0.0000123822	4.4203384502E-10	4.100	26.900
5/4/2022	8:41 PM	0.2401309300	38.000	17.999	20.000	0.0000010000	-0.0000243758	6.0146319131E-9	0.0000123790	5.3011626335E-10	4.200	26.900
5/4/2022	8:41 PM	0.2300730900	38.000	18.000	20.000	0.0000010000	-0.0000243678	4.5032280971E-9	0.0000123690	1.7928037960E-9	4.200	26.900
5/4/2022	8:42 PM	0.2200152500	38.000	17.999	19.999	0.0000010000	-0.0000243743	4.5884424831E-9	0.0000123753	4.9154759474E-10	4.200	26.900
5/4/2022	8:43 PM	0.2099574100	38.000	17.999	20.000	0.0000010000	-0.0000243636	2.5644420736E-9	0.0000123933	1.2806248475E-9	4.200	26.900
5/4/2022	8:44 PM	0.1998995700	38.000	18.000	20.000	0.0000010000	-0.0000243684	5.9728917322E-9	0.0000123189	4.6627277504E-9	4.200	26.900
5/4/2022	8:44 PM	0.1898417300	38.000	17.998	20.000	0.0000010000	-0.0000243673	6.4411876297E-9	0.0000123744	5.2867640737E-10	4.200	26.900
5/4/2022	8:45 PM	0.1797838900	38.000	18.000	20.000	0.0000010000	-0.0000243650	5.5383578230E-9	0.0000123807	1.0403124237E-9	4.200	26.900
5/4/2022	8:46 PM	0.1697260500	38.000	18.000	20.000	0.0000010000	-0.0000243669	4.8546730715E-9	0.0000123560	1.1299465711E-9	4.200	26.900
5/4/2022	8:46 PM	0.1596682100	38.000	17.999	20.000	0.0000010000	-0.0000243695	3.9955463403E-9	0.0000123763	6.3011626335E-10	4.200	26.900
5/4/2022	8:47 PM	0.1496103700	38.000	18.000	20.000	0.0000010000	-0.0000243735	6.7270763898E-9	0.0000123847	3.9154759474E-10	4.200	26.900
5/4/2022	8:48 PM	0.1395525300	38.000	18.000	20.000	0.0000010000	-0.0000243725	6.3199961854E-9	0.0000123735	2.8708286934E-10	4.200	26.900
5/4/2022	8:48 PM	0.1294946900	38.000	17.999	20.000	0.0000010000	-0.0000243808	7.1416683763E-9	0.0000123702	8.2739529308E-10	4.200	26.900
5/4/2022	8:49 PM	0.1194368500	38.000	17.999	20.000	0.0000010000	-0.0000243548	6.3983690456E-9	0.0000123983	1.5225821027E-9	4.200	26.900
5/4/2022	8:50 PM	0.1093790100	38.000	18.001	20.000	0.0000010000	-0.0000243729	6.3358386426E-9	0.0000123532	1.6443445211E-9	4.200	26.900
5/4/2022	8:50 PM	0.1005784000	38.000	18.000	20.000	0.0000010000	-0.0000243739	5.2085143624E-9	0.0000123646	4.0000000000E-10	4.200	26.900
5/4/2022	8:51 PM	0.0905205600	38.000	17.999	20.000	0.0000010000	-0.0000243671	4.4877904802E-9	0.0000123710	2.0000000000E-10	4.200	26.900
5/4/2022	8:52 PM	0.0804627200	38.000	18.000	20.000	0.0000010000	-0.0000243675	6.0027757666E-9	0.0000123987	2.5934344666E-9	4.200	26.900
5/4/2022	8:52 PM	0.0704048800	38.000	17.999	20.000	0.0000010000	-0.0000243704	7.5088779832E-9	0.0000123721	1.1437704174E-9	4.200	26.900
5/4/2022	8:53 PM	0.0603470400	38.000	17.999	20.000	0.0000010000	-0.0000243768	3.8870090970E-9	0.0000123812	1.5309881428E-9	4.200	26.900
5/4/2022	8:54 PM	0.0502892000	38.000	18.000	20.000	0.0000010000	-0.0000243723	5.3239799668E-9	0.0000123608	1.3579474285E-9	4.200	26.900
5/4/2022	8:54 PM	0.0402313600	38.000	17.999	20.000	0.0000010000	-0.0000243713	4.1624209376E-9	0.0000123759	1.4558083583E-9	4.200	26.900
5/4/2022	8:55 PM	0.0301735200	38.000	17.999	20.000	0.0000010000	-0.0000243822	5.7488993615E-9	0.0000123812	2.2247448714E-10	4.200	26.900
5/4/2022	8:56 PM	0.0201156800	38.000	17.999	20.000	0.0000010000	-0.0000243610	4.7319981728E-9	0.0000123734	8.0710678119E-10	4.200	26.900
5/4/2022	8:57 PM	0.0100578400	38.000	18.000	20.000	0.0000010000	-0.0000243774	5.5453410198E-9	0.0000123826	9.9865437593E-10	4.200	26.900
5/4/2022	8:57 PM	-0.0000000000	38.000	17.999	20.000	0.0000010000	-0.0000243740	7.2255029457E-9	0.0000123450	2.4697240688E-9	4.200	26.900
5/4/2022	8:58 PM	-0.0100578400	38.000	18.001	20.000	0.0000010000	-0.0000243653	5.3558517401E-9	0.0000123830	1.2276472679E-9	4.200	26.900
5/4/2022	8:59 PM	-0.0201156800	38.000	18.000	20.000	0.0000010000	-0.0000243565	5.5265060620E-9	0.0000123850	4.9664022582E-10	4.200	26.900
5/4/2022	8:59 PM	-0.0301735200	38.000	18.000	20.000	0.0000010000	-0.0000243819	5.7171228313E-9	0.0000123679	5.4063625993E-10	4.200	26.900
5/4/2022	9:00 PM	-0.0402313600	38.000	17.998	20.000	0.0000010000	-0.0000243757	3.4981006214E-9	0.0000123834	1.8708286934E-10	4.200	26.900
5/4/2022	9:01 PM	-0.0502892000	38.000	17.999	20.000	0.0000010000	-0.0000243839	5.4791949272E-9	0.0000123335	5.0629772426E-9	4.200	26.900
5/4/2022	9:01 PM	-0.0603470400	38.000	17.999	20.000	0.0000010000	-0.0000243837	4.6336196253E-9	0.0000123695	3.7416573868E-10	4.200	26.900
5/4/2022	9:02 PM	-0.0704048800	38.000	17.999	20.000	0.0000010000	-0.0000243762	2.6857797250E-9	0.0000123502	1.9461044282E-9	4.200	26.900
5/4/2022	9:03 PM	-0.0804627200	38.000	17.999	20.000	0.0000010000	-0.0000243739	4.1756768272E-9	0.0000123928	1.2990196787E-9	4.200	26.900
5/4/2022	9:03 PM	-0.0905205600	38.000	17.999	20.000	0.0000010000	-0.0000243705	4.8563432120E-9	0.0000123851	1.1788289045E-9	4.200	26.900
5/4/2022	9:04 PM	-0.1005784000	38.000	18.000	20.000	0.0000010000	-0.0000243709	7.3338388214E-9	0.0000123716	3.2247448714E-10	4.200	26.900
5/4/2022	9:05 PM	-0.1093790100	39.500	18.000	20.000	0.0000010000	-0.0000243757	6.9147112899E-9	0.0000123774	3.2360679775E-10	4.200	26.900
5/4/2022	9:05 PM	-0.1194368500	39.500	17.998	20.000	0.0000010000	-0.0000243776	4.6956265119E-9	0.0000123815	1.0606601718E-9	4.200	26.900
5/4/2022	9:06 PM	-0.1294946900	39.500	18.000	20.000	0.0000010000	-0.0000243740	6.0109173204E-9	0.0000123736	2.1710211265E-9	4.200	26.900
5/4/2022	9:07 PM	-0.1395525300	39.500	18.000	20.000	0.0000010000	-0.0000243723	5.8233054940E-9	0.0000123833	4.2360679775E-10	4.200	26.900
5/4/2022	9:07 PM	-0.1496103700	39.500	17.999	20.000	0.0000010000	-0.0000243779	3.9083284102E-9	0.0000123677	5.2881225443E-10	4.200	26.900
5/4/2022	9:08 PM	-0.1596682100	39.500	18.000	20.000	0.0000010000	-0.0000243765	5.1656258918E-9	0.0000123857	7.6278691088E-10	4.200	26.900
5/4/2022	9:09 PM	-0.1697260500	39.500	17.999	20.000	0.0000010000	-0.0000243732	5.2677379081E-9	0.0000123775	7.4031242374E-10	4.200	26.900
5/4/2022	9:10 PM	-0.1797838900	39.500	17.999	20.000	0.0000010000	-0.0000243862	7.0279311596E-9	0.0000123735	1.2840192568E-9	4.200	26.900
5/4/2022	9:10 PM	-0.1898417300	39.500	17.999	20.000	0.0000010000	-0.0000243832	2.9651373310E-9	0.0000123811	1.3409673646E-9	4.200	26.900
5/4/2022	9:11 PM	-0.1998995700	39.500	18.000	20.000	0.0000010000	-0.0000243781	4.7772065150E-9	0.0000123711	3.2247448714E-10	4.200	26.900
5/4/2022	9:12 PM	-0.2099574100	39.500	18.000	20.000	0.0000010000	-0.0000243678	6.1610490786E-9	0.0000123865	9.6397017595E-10	4.200	26.900
5/4/2022	9:12 PM	-0.2200152500	0.900	18.000	20.000	0.0000010000	-0.0000243850	5.3296120463E-9	0.0000123667	5.3011626335E-10	4.200	26.900
5/4/2022	9:13 PM	-0.2300730900	39.500	17.999	20.000	0.0000010000	-0.0000243808	3.9114582675E-9	0.0000123664	8.2764726786E-10	4.200	26.900
5/4/2022	9:14 PM	-0.2401309300	39.500	18.000	20.000	0.0000010000	-0.0000250278	6.2278729664E-9	0.0000110233	7.4031242374E-10	4.200	26.900
5/4/2022	9:14 PM	-0.2501887700	39.500	18.001	20.000	0.0000010000	-0.0000250192	5.3194295677E-9	0.0000110191	4.1402208188E-10	4.200	26.900
5/4/2022	9:15 PM	-0.2602466100	39.500	18.000	20.000	0.0000010000	-0.0000250273	5.0816761735E-9	0.0000110278	6.3851648071E-10	4.200	26.900
5/4/2022	9:16 PM	-0.2703044500	39.500	17.998	20.000	0.0000010000	-0.0000250228	5.3876073065E-9	0.0000110287	8.8476798574E-10	4.200	26.900
5/4/2022	9:17 PM	-0.2803622900	39.500	17.999	20.000	0.0000010000	-0.0000250340	6.5036297574E-9	0.0000110230	1.3995440896E-9	4.200	26.900
5/4/2022	9:17 PM	-0.2904201300	39.500	18.000	20.000	0.0000010000	-0.0000250187	3.1163680723E-9	0.0000109987	1.8819098822E-9	4.200	26.900
5/4/2022	9:18 PM	-0.3004779700	39.500	17.998	20.000	0.0000010000	-0.0000250319	5.7631483034E-9	0.0000109943	2.5398537621E-9	4.200	26.900
5/4/2022	9:19 PM	-0.3105358100	39.500	18.000	20.000	0.0000010000	-0.0000250116	3.0025624113E-9	0.0000110104	1.8708286934E-10	4.200	26.900
5/4/2022	9:19 PM	-0.3205936500	39.500	18.000	20.000	0.0000010000	-0.0000250237	7.4966296808E-9	0.0000109991	2.2240712722E-9	4.200	26.900
5/4/2022	9:20 PM	-0.3293942600	39.500	18.000	20.000	0.0000010000	-0.0000250275	5.3241860100E-9	0.0000110092	1.5225821027E-9	4.200	26.900
5/4/2022	9:21 PM	-0.3394521000	39.500	18.000	20.000	0.0000010000	-0.0000250218	4.0461640847E-9	0.0000110075	8.6522066420E-10	4.200	26.900
5/4/2022	9:21 PM	-0.3495099400	39.500	18.000	20.000	0.0000010000	-0.0000250216	4.5605355677E-9	0.0000110074	1.2022703843E-9	4.200	26.900
5/4/2022	9:22 PM	-0.3595677800	39.500	18.000	20.000	0.0000010000	-0.0000250158	4.1550828150E-9	0.0000110163	4.4203384502E-10	4.200	26.900
5/4/2022	9:23 PM	-0.3696256200	39.500	17.999	20.000	0.0000010000	-0.0000250196	6.7495231232E-9	0.0000110189	1.9924716621E-9	4.200	26.900
5/4/2022	9:23 PM	-0.3796834600	39.500	17.999	20.000	0.0000010000	-0.0000250199	5.5583794277E-9	0.0000109872	2.8786069033E-9	4.200	26.900
5/4/2022	9:24 PM	-0.3897413000	39.500	18.000	20.000	0.0000010000	-0.0000250172	4.0401512136E-9	0.0000110176	1.0892024376E-9	4.200	26.900
5/4/2022	9:25 PM	-0.3997991400	39.500	17.999	20.000	0.0000010000	-0.0000250062	6.9979640696E-9	0.0000110142	1.2247448714E-10	4.200	26.900
5/4/2022	9:25 PM	-0.4098569800	39.500	17.999	20.000	0.0000010000	-0.0000250180	5.8990732606E-9	0.0000110309	2.0524691859E-9	4.200	26.900
5/4/2022	9:26 PM	-0.4199148200	39.500	18.000	20.000	0.0000010000	-0.0000250292	5.5330239981E-9	0.0000110154	1.1426687794E-9	4.200	26.900
5/4/2022	9:27 PM	-0.4299726600	39.500	17.999	20.000	0.0000010000	-0.0000250112	6.0662275777E-9	0.0000110147	9.8600225733E-10	4.200	26.900
5/4/2022	9:27 PM	-0.4400305000	39.500	18.000	20.000	0.0000010000	-0.0000250209	3.9129594579E-9	0.0000110113	2.2247448714E-10	4.200	26.900
5/4/2022	9:28 PM	-0.4500883400	39.500	17.999	20.000	0.0000010000	-0.0000250176	3.1454143763E-9	0.0000110004	1.0224744871E-9	4.200	26.900
5/4/2022	9:29 PM	-0.4601461800	39.500	18.000	20.000	0.0000010000	-0.0000250249	4.3833740409E-9	0.0000110274	5.8823014636E-10	4.200	26.900
5/4/2022	9:29 PM	-0.4702040200	39.500	18.000	20.000	0.0000010000	-0.0000250210	4.5916194004E-9	0.0000110097	1.2607961060E-9	4.200	26.900
5/4/2022	9:30 PM	-0.4802618600	39.500	17.999	20.000	0.0000010000	-0.0000250187	3.7042283218E-9	0.0000110194	6.6099096785E-10	4.200	26.900
5/4/2022	9:31 PM	-0.4903197000	39.500	18.001	20.000	0.0000010000	-0.0000250130	6.3974756866E-9	0.0000110123	4.6368092477E-10	4.200	26.900
