! User Name:	Aditya
! Sample Name:	MR(DCMode)_FGT CrPS4_20K_Sr no 9_PF_N10T_RH_0.5T
! Sample ID:	FGT/CrPS4
! Date:	5/6/2022	Time:	3:22 AM
! Current Source:	Keithley 224 Current Source
! Voltmeter V1:	Keithley 182 Degital voltmeter
! Voltmeter V2:	Keithley 2182A  NanoVoltmeter
! V1 (volts):	Rxx  Device 1
! V2 (volts):	Rxy Device 1
! Max Field (Tesla):0.500000	! Data points (0_maxT:50.000000	! Average Number:5.000000	
! Comments:	FGT/CrPS4 device was made in glove using flaking and dry transfering of flakes. 
! 
! 
! 
! 
Data	Time	Magnetic Field (T)	Helium Level (%)	VTI Temperature (K)	Sample Temparture (K)	Current (A) 	Voltage-1(V)	Std. of V1	Voltage-2 (V)	Std. of V2	VTI  Heater Power (%)	Sample Heater Power (%)
5/6/2022	3:24 AM	0.5003775400	52.000	52.780	54.994	0.0000010000	-0.0000118833	5.1312351341E-9	0.0000259951	1.6424732034E-9	6.700	27.800
5/6/2022	3:25 AM	0.4903197000	38.400	18.002	19.999	0.0000010000	-0.0000118699	3.9488384334E-9	0.0000259556	2.0553663181E-9	6.700	28.700
5/6/2022	3:26 AM	0.4802618600	38.400	17.999	20.000	0.0000010000	-0.0000118803	4.6498707490E-9	0.0000259299	3.5641016151E-9	6.700	28.800
5/6/2022	3:27 AM	0.4702040200	38.400	18.000	20.000	0.0000010000	-0.0000118689	3.3131347509E-9	0.0000259512	2.3327398470E-9	6.700	28.700
5/6/2022	3:27 AM	0.4601461800	38.400	18.001	20.000	0.0000010000	-0.0000118723	5.1551839625E-9	0.0000259583	2.1836014868E-9	6.700	28.700
5/6/2022	3:28 AM	0.4500883400	38.400	18.003	20.000	0.0000010000	-0.0000118656	7.7849060995E-9	0.0000259597	2.4960883632E-9	6.700	28.700
5/6/2022	3:29 AM	0.4400305000	38.400	18.004	20.001	0.0000010000	-0.0000118781	7.2796373251E-9	0.0000259537	1.1819090848E-9	6.700	28.700
5/6/2022	3:29 AM	0.4299726600	38.400	18.002	20.000	0.0000010000	-0.0000118695	6.5354075936E-9	0.0000259811	1.6566265836E-9	6.700	28.700
5/6/2022	3:30 AM	0.4199148200	38.400	18.002	20.000	0.0000010000	-0.0000118839	6.3306351619E-9	0.0000259735	2.8708286934E-10	6.700	28.700
5/6/2022	3:31 AM	0.4098569800	38.400	18.002	20.000	0.0000010000	-0.0000118696	5.8045947274E-9	0.0000259484	3.0966674103E-9	6.600	28.700
5/6/2022	3:31 AM	0.3997991400	38.400	18.002	20.000	0.0000010000	-0.0000118830	7.7502438501E-9	0.0000259854	1.9955166539E-9	6.600	28.700
5/6/2022	3:32 AM	0.3897413000	38.400	18.002	20.000	0.0000010000	-0.0000118691	5.8988974150E-9	0.0000259806	6.2360679775E-10	6.600	28.700
5/6/2022	3:33 AM	0.3796834600	38.400	18.002	20.000	0.0000010000	-0.0000118753	6.7418848970E-9	0.0000259521	1.4947789731E-9	6.600	28.700
5/6/2022	3:33 AM	0.3696256200	38.400	18.001	20.000	0.0000010000	-0.0000118785	3.2487573975E-9	0.0000259498	2.9682993576E-9	6.600	28.700
5/6/2022	3:34 AM	0.3595677800	38.400	18.001	20.000	0.0000010000	-0.0000118774	5.5944512735E-9	0.0000259817	1.2902019707E-9	6.600	28.700
5/6/2022	3:35 AM	0.3495099400	38.400	18.000	20.000	0.0000010000	-0.0000118681	5.7099009655E-9	0.0000259617	7.3484692284E-10	6.600	28.700
5/6/2022	3:36 AM	0.3394521000	38.400	18.001	20.000	0.0000010000	-0.0000118755	5.7515889296E-9	0.0000259534	2.0956785296E-9	6.600	28.700
5/6/2022	3:36 AM	0.3293942600	38.400	18.000	20.000	0.0000010000	-0.0000118787	4.8150405727E-9	0.0000259724	4.5355339059E-10	6.600	28.700
5/6/2022	3:37 AM	0.3205936500	38.400	18.001	20.000	0.0000010000	-0.0000118740	4.1245049575E-9	0.0000259713	1.6210761431E-9	6.600	28.700
5/6/2022	3:38 AM	0.3105358100	38.400	18.001	20.000	0.0000010000	-0.0000118703	6.4968575428E-9	0.0000259778	1.2964268499E-9	6.600	28.700
5/6/2022	3:38 AM	0.3004779700	38.400	18.001	20.000	0.0000010000	-0.0000118828	7.4291567230E-9	0.0000259711	1.2796344341E-9	6.600	28.700
5/6/2022	3:39 AM	0.2904201300	38.400	18.000	20.000	0.0000010000	-0.0000118739	3.7398411688E-9	0.0000259609	1.6512018786E-9	6.600	28.700
5/6/2022	3:40 AM	0.2803622900	38.400	18.002	20.000	0.0000010000	-0.0000118792	4.5486276087E-9	0.0000259654	1.5291318655E-9	6.600	28.700
5/6/2022	3:40 AM	0.2703044500	38.400	18.001	20.000	0.0000010000	-0.0000118643	5.5804777169E-9	0.0000259298	4.9455418021E-9	6.600	28.700
5/6/2022	3:41 AM	0.2602466100	38.400	18.002	20.000	0.0000010000	-0.0000118822	9.4885768987E-9	0.0000259898	1.0444042793E-9	6.600	28.700
5/6/2022	3:42 AM	0.2501887700	38.400	18.001	20.000	0.0000010000	-0.0000118786	4.9314935265E-9	0.0000259864	6.0777536076E-10	6.600	28.700
5/6/2022	3:42 AM	0.2401309300	38.400	18.002	20.000	0.0000010000	-0.0000118642	3.9753977542E-9	0.0000259781	1.0000000000E-10	6.600	28.700
5/6/2022	3:43 AM	0.2300730900	38.400	18.001	20.000	0.0000010000	-0.0000118784	4.5067045501E-9	0.0000259622	1.8754389257E-9	6.600	28.700
5/6/2022	3:44 AM	0.2200152500	38.400	18.000	20.000	0.0000010000	-0.0000118814	3.8142079685E-9	0.0000259722	3.9154759474E-10	6.600	28.700
5/6/2022	3:44 AM	0.2099574100	38.400	18.001	20.000	0.0000010000	-0.0000118653	5.7737861694E-9	0.0000259710	6.3385391260E-10	6.600	28.700
5/6/2022	3:45 AM	0.1998995700	38.400	18.000	20.000	0.0000010000	-0.0000118592	5.4337149166E-9	0.0000259869	1.7216149268E-9	6.600	28.700
5/6/2022	3:46 AM	0.1898417300	38.400	18.000	20.000	0.0000010000	-0.0000118785	5.6688887973E-9	0.0000259831	6.3066409390E-10	6.600	28.700
5/6/2022	3:46 AM	0.1797838900	38.400	17.999	20.000	0.0000010000	-0.0000118730	6.8868485119E-9	0.0000259617	8.7543465798E-10	6.600	28.700
5/6/2022	3:47 AM	0.1697260500	38.400	18.001	20.000	0.0000010000	-0.0000118774	6.4162937754E-9	0.0000259852	9.6810783693E-10	6.600	28.700
5/6/2022	3:48 AM	0.1596682100	38.400	18.001	20.000	0.0000010000	-0.0000118877	6.3238850084E-9	0.0000259753	1.7610714480E-9	6.600	28.700
5/6/2022	3:48 AM	0.1496103700	38.400	18.000	20.000	0.0000010000	-0.0000118687	5.8081018874E-9	0.0000259775	8.3011626335E-10	6.600	28.700
5/6/2022	3:49 AM	0.1395525300	38.400	18.001	20.000	0.0000010000	-0.0000118756	5.4694296321E-9	0.0000259749	1.3033694078E-9	6.600	28.600
5/6/2022	3:50 AM	0.1294946900	38.400	18.000	20.000	0.0000010000	-0.0000118746	6.0811466733E-9	0.0000259639	2.4896146342E-9	6.600	28.700
5/6/2022	3:50 AM	0.1194368500	38.400	18.000	20.000	0.0000010000	-0.0000118927	7.9098596330E-9	0.0000259780	1.0273618495E-9	6.600	28.700
5/6/2022	3:51 AM	0.1093790100	38.400	17.997	20.000	0.0000010000	-0.0000118775	4.1236091817E-9	0.0000259653	1.7936386446E-9	6.600	28.700
5/6/2022	3:52 AM	0.1005784000	38.400	17.999	20.001	0.0000010000	-0.0000118706	5.6983301943E-9	0.0000259581	1.9403010576E-9	6.600	28.700
5/6/2022	3:53 AM	0.0905205600	38.400	17.998	20.000	0.0000010000	-0.0000118743	7.2901491649E-9	0.0000259644	2.3927377337E-9	6.600	28.700
5/6/2022	3:53 AM	0.0804627200	38.400	18.002	20.000	0.0000010000	-0.0000118750	9.8017318699E-9	0.0000259911	6.5076379411E-10	6.600	28.700
5/6/2022	3:54 AM	0.0704048800	38.400	18.000	20.000	0.0000010000	-0.0000118703	5.7271445941E-9	0.0000259831	6.5495097568E-10	6.600	28.700
5/6/2022	3:55 AM	0.0603470400	38.400	18.000	20.000	0.0000010000	-0.0000118708	6.0266531567E-9	0.0000259740	2.5337220466E-9	6.600	28.700
5/6/2022	3:55 AM	0.0502892000	38.400	18.001	20.000	0.0000010000	-0.0000118824	6.0354252579E-9	0.0000259719	1.0355183893E-9	6.600	28.700
5/6/2022	3:56 AM	0.0402313600	38.400	18.000	20.000	0.0000010000	-0.0000118767	4.3123124498E-9	0.0000259256	5.4843310487E-9	6.600	28.700
5/6/2022	3:57 AM	0.0301735200	38.400	18.000	20.000	0.0000010000	-0.0000118800	5.8420105365E-9	0.0000259843	5.6968808264E-10	6.600	28.700
5/6/2022	3:57 AM	0.0201156800	38.400	18.000	20.001	0.0000010000	-0.0000118777	3.1883572485E-9	0.0000259528	2.9127812812E-9	6.600	28.700
5/6/2022	3:58 AM	0.0100578400	38.400	18.000	20.000	0.0000010000	-0.0000118873	8.5434354547E-9	0.0000259654	2.1014160415E-9	6.600	28.700
5/6/2022	3:59 AM	-0.0000000000	38.400	18.001	20.000	0.0000010000	-0.0000118695	9.7666939480E-9	0.0000259860	1.1901823123E-9	6.600	28.700
5/6/2022	3:59 AM	-0.0100578400	38.400	18.001	20.000	0.0000010000	-0.0000118659	5.4203736892E-9	0.0000259732	1.1536605596E-9	6.600	28.700
5/6/2022	4:00 AM	-0.0201156800	38.400	18.001	20.000	0.0000010000	-0.0000118841	7.1656641344E-9	0.0000259684	1.1998427010E-9	6.600	28.700
5/6/2022	4:01 AM	-0.0301735200	38.400	18.001	20.000	0.0000010000	-0.0000118726	3.4540437970E-9	0.0000259673	9.8102496759E-10	6.600	28.700
5/6/2022	4:01 AM	-0.0402313600	38.400	17.999	20.000	0.0000010000	-0.0000118772	3.4802512738E-9	0.0000259706	2.2638558871E-9	6.600	28.700
5/6/2022	4:02 AM	-0.0502892000	38.400	18.000	20.000	0.0000010000	-0.0000118705	5.1859252292E-9	0.0000259876	8.8740730319E-10	6.600	28.700
5/6/2022	4:03 AM	-0.0603470400	38.400	18.001	20.000	0.0000010000	-0.0000118739	9.0835521883E-9	0.0000259799	2.4494897428E-10	6.600	28.700
5/6/2022	4:03 AM	-0.0704048800	38.400	18.000	20.001	0.0000010000	-0.0000118789	5.2006944884E-9	0.0000259560	3.1173218249E-9	6.600	28.700
5/6/2022	4:04 AM	-0.0804627200	38.400	18.000	20.000	0.0000010000	-0.0000118733	4.1568830930E-9	0.0000259915	3.1622776602E-10	6.600	28.700
5/6/2022	4:05 AM	-0.0905205600	38.400	18.000	20.000	0.0000010000	-0.0000118774	6.1542320827E-9	0.0000259742	6.0724247288E-10	6.600	28.700
5/6/2022	4:06 AM	-0.1005784000	38.400	17.999	20.000	0.0000010000	-0.0000118630	5.3127965364E-9	0.0000259820	1.0669539803E-9	6.600	28.700
5/6/2022	4:06 AM	-0.1093790100	38.400	17.998	20.000	0.0000010000	-0.0000118789	5.1107059732E-9	0.0000259721	8.7413930606E-10	6.600	28.700
5/6/2022	4:07 AM	-0.1194368500	40.600	17.999	20.000	0.0000010000	-0.0000118705	4.4844025709E-9	0.0000259902	2.8058837015E-10	6.600	28.700
5/6/2022	4:08 AM	-0.1294946900	40.600	17.999	20.000	0.0000010000	-0.0000118725	5.9238178745E-9	0.0000259685	1.1813159295E-9	6.600	28.700
5/6/2022	4:08 AM	-0.1395525300	40.600	17.999	20.000	0.0000010000	-0.0000118859	7.3673472732E-9	0.0000259837	1.2247448714E-10	6.600	28.700
5/6/2022	4:09 AM	-0.1496103700	40.600	18.000	20.000	0.0000010000	-0.0000118757	5.0409569593E-9	0.0000259923	9.0687121620E-10	6.600	28.700
5/6/2022	4:10 AM	-0.1596682100	40.600	17.999	20.000	0.0000010000	-0.0000118903	5.7102559550E-9	0.0000259708	9.1547532151E-10	6.600	28.700
5/6/2022	4:10 AM	-0.1697260500	40.600	17.999	20.000	0.0000010000	-0.0000118794	7.3222339384E-9	0.0000259728	1.6259301109E-9	6.600	28.700
5/6/2022	4:11 AM	-0.1797838900	40.600	18.000	20.000	0.0000010000	-0.0000118783	3.9609110203E-9	0.0000259863	6.5076379411E-10	6.600	28.700
5/6/2022	4:12 AM	-0.1898417300	40.600	17.998	20.000	0.0000010000	-0.0000118858	5.3801010446E-9	0.0000259774	1.6202563836E-9	6.600	28.700
5/6/2022	4:12 AM	-0.1998995700	40.600	17.999	20.000	0.0000010000	-0.0000118752	7.3213704908E-9	0.0000259811	1.3474192049E-9	6.600	28.700
5/6/2022	4:13 AM	-0.2099574100	40.600	18.000	20.000	0.0000010000	-0.0000118785	4.3007509231E-9	0.0000259749	1.2786711853E-9	6.600	28.700
5/6/2022	4:14 AM	-0.2200152500	40.600	17.999	20.000	0.0000010000	-0.0000118731	5.6191962276E-9	0.0000259635	2.6799202292E-9	6.600	28.700
5/6/2022	4:15 AM	-0.2300730900	40.600	18.001	20.000	0.0000010000	-0.0000118814	3.2476341954E-9	0.0000259693	9.4405832340E-10	6.600	28.600
5/6/2022	4:15 AM	-0.2401309300	40.600	18.001	20.000	0.0000010000	-0.0000131514	4.5748987165E-9	0.0000247786	1.9677078252E-9	6.600	28.600
5/6/2022	4:16 AM	-0.2501887700	40.600	18.000	20.000	0.0000010000	-0.0000131476	8.5697613746E-9	0.0000247675	1.2840192568E-9	6.600	28.600
5/6/2022	4:17 AM	-0.2602466100	40.600	17.999	20.000	0.0000010000	-0.0000131574	5.7971455987E-9	0.0000247945	7.7631558048E-10	6.600	28.700
5/6/2022	4:17 AM	-0.2703044500	40.600	18.001	20.000	0.0000010000	-0.0000131640	4.0970357516E-9	0.0000247945	1.1401754251E-9	6.600	28.700
5/6/2022	4:18 AM	-0.2803622900	40.600	18.000	20.000	0.0000010000	-0.0000131628	5.0850467669E-9	0.0000247885	1.1391164992E-9	6.600	28.700
5/6/2022	4:19 AM	-0.2904201300	40.600	18.000	20.000	0.0000010000	-0.0000131537	4.6887684717E-9	0.0000247651	7.9346745639E-10	6.600	28.700
5/6/2022	4:19 AM	-0.3004779700	40.600	18.000	20.000	0.0000010000	-0.0000131596	4.5698442603E-9	0.0000247838	1.8196182737E-9	6.600	28.700
5/6/2022	4:20 AM	-0.3105358100	40.600	18.001	20.000	0.0000010000	-0.0000131489	7.7941772368E-9	0.0000247807	7.7008771255E-10	6.600	28.700
5/6/2022	4:21 AM	-0.3205936500	40.600	18.002	20.000	0.0000010000	-0.0000131506	4.4513728061E-9	0.0000247761	1.6920745637E-9	6.600	28.600
5/6/2022	4:21 AM	-0.3293942600	40.600	18.001	20.000	0.0000010000	-0.0000131527	6.8230567377E-9	0.0000247660	1.3206612742E-9	6.600	28.700
5/6/2022	4:22 AM	-0.3394521000	40.600	18.000	20.000	0.0000010000	-0.0000131630	6.6416839207E-9	0.0000247705	2.3691882063E-9	6.600	28.700
5/6/2022	4:23 AM	-0.3495099400	40.600	17.999	20.000	0.0000010000	-0.0000131387	8.8620669772E-9	0.0000247675	3.3800887562E-9	6.600	28.700
5/6/2022	4:23 AM	-0.3595677800	40.600	18.000	20.000	0.0000010000	-0.0000131565	3.6317286727E-9	0.0000247629	1.6413868266E-9	6.600	28.700
5/6/2022	4:24 AM	-0.3696256200	40.600	18.000	20.000	0.0000010000	-0.0000131543	2.5686419172E-9	0.0000247632	1.7239086040E-9	6.600	28.700
5/6/2022	4:25 AM	-0.3796834600	40.600	18.001	20.001	0.0000010000	-0.0000131490	3.1285132244E-9	0.0000247640	2.0947827795E-9	6.600	28.600
5/6/2022	4:25 AM	-0.3897413000	40.600	17.999	20.000	0.0000010000	-0.0000131475	3.4875356834E-9	0.0000247632	1.7837458240E-9	6.600	28.700
5/6/2022	4:26 AM	-0.3997991400	40.600	17.999	20.000	0.0000010000	-0.0000131548	4.5065090360E-9	0.0000247751	1.3051168581E-9	6.600	28.700
5/6/2022	4:27 AM	-0.4098569800	40.600	18.000	20.000	0.0000010000	-0.0000131543	7.8762260233E-9	0.0000247683	6.7434164903E-10	6.600	28.700
5/6/2022	4:27 AM	-0.4199148200	40.600	18.000	20.000	0.0000010000	-0.0000131414	7.4606793966E-9	0.0000247786	1.3549900398E-9	6.600	28.600
5/6/2022	4:28 AM	-0.4299726600	40.600	18.001	20.000	0.0000010000	-0.0000131515	2.8250990023E-9	0.0000247372	4.3952701144E-9	6.600	28.600
5/6/2022	4:29 AM	-0.4400305000	40.600	18.002	20.000	0.0000010000	-0.0000131539	3.9696409305E-9	0.0000247822	5.9681613616E-10	6.500	28.600
5/6/2022	4:30 AM	-0.4500883400	40.600	18.001	20.000	0.0000010000	-0.0000131477	6.7121680846E-9	0.0000247800	6.3385391260E-10	6.600	28.600
5/6/2022	4:30 AM	-0.4601461800	40.600	18.001	20.000	0.0000010000	-0.0000131490	4.4919686542E-9	0.0000247606	3.1080102914E-9	6.600	28.600
5/6/2022	4:31 AM	-0.4702040200	40.600	18.000	20.000	0.0000010000	-0.0000131569	6.6441433237E-9	0.0000247707	1.0704286871E-9	6.600	28.700
5/6/2022	4:32 AM	-0.4802618600	40.600	18.000	20.000	0.0000010000	-0.0000131402	8.6810256215E-9	0.0000247826	7.5717058189E-10	6.600	28.600
5/6/2022	4:32 AM	-0.4903197000	40.600	17.999	20.000	0.0000010000	-0.0000131478	5.4506736448E-9	0.0000247891	4.1402208188E-10	6.600	28.700
5/6/2022	4:33 AM	-0.5003775400	40.600	17.999	20.000	0.0000010000	-0.0000131450	4.7301543518E-9	0.0000247678	3.5811388301E-10	6.600	28.700
5/6/2022	4:34 AM	-0.4903197000	40.600	18.001	20.001	0.0000010000	-0.0000131415	7.6187686760E-9	0.0000247932	9.6205775687E-10	6.500	28.600
5/6/2022	4:34 AM	-0.4802618600	40.600	18.001	20.000	0.0000010000	-0.0000131566	5.8216708058E-9	0.0000247779	3.0955735648E-10	6.500	28.600
5/6/2022	4:35 AM	-0.4702040200	40.600	18.000	20.000	0.0000010000	-0.0000131466	4.6358363499E-9	0.0000247802	7.3484692283E-10	6.600	28.600
5/6/2022	4:36 AM	-0.4601461800	40.600	18.001	20.000	0.0000010000	-0.0000131493	4.2866250779E-9	0.0000247733	1.3745170780E-9	6.600	28.600
5/6/2022	4:36 AM	-0.4500883400	40.600	18.000	20.000	0.0000010000	-0.0000131357	7.5123208886E-9	0.0000247520	1.7479789479E-9	6.500	28.700
5/6/2022	4:37 AM	-0.4400305000	40.600	18.000	20.000	0.0000010000	-0.0000131479	4.6210614597E-9	0.0000247708	1.4677077168E-9	6.500	28.600
5/6/2022	4:38 AM	-0.4299726600	40.600	18.000	20.000	0.0000010000	-0.0000131583	7.7165328808E-9	0.0000247688	1.2234076132E-9	6.500	28.600
5/6/2022	4:38 AM	-0.4199148200	40.600	18.001	20.000	0.0000010000	-0.0000131549	6.8212843739E-9	0.0000247241	5.8251627190E-9	6.500	28.600
5/6/2022	4:39 AM	-0.4098569800	40.600	18.000	20.000	0.0000010000	-0.0000131453	5.6884337829E-9	0.0000247835	1.2585015750E-9	6.500	28.600
5/6/2022	4:40 AM	-0.3997991400	40.600	17.999	20.000	0.0000010000	-0.0000131565	5.0057123393E-9	0.0000247684	2.3170562241E-9	6.500	28.600
5/6/2022	4:40 AM	-0.3897413000	40.600	17.999	20.000	0.0000010000	-0.0000131493	7.2565434675E-9	0.0000247599	1.8601075238E-9	6.500	28.600
5/6/2022	4:41 AM	-0.3796834600	40.600	18.000	20.000	0.0000010000	-0.0000131500	6.3627484580E-9	0.0000247709	4.9154759474E-10	6.500	28.600
5/6/2022	4:42 AM	-0.3696256200	40.600	18.001	20.000	0.0000010000	-0.0000131596	2.8847152298E-9	0.0000247768	2.1224744871E-9	6.500	28.600
5/6/2022	4:42 AM	-0.3595677800	40.600	18.000	20.000	0.0000010000	-0.0000131567	6.5650730678E-9	0.0000247803	5.5355339059E-10	6.500	28.600
5/6/2022	4:43 AM	-0.3495099400	40.600	18.000	20.000	0.0000010000	-0.0000131456	3.8090726242E-9	0.0000247861	4.1402208188E-10	6.500	28.600
5/6/2022	4:44 AM	-0.3394521000	40.600	18.000	20.000	0.0000010000	-0.0000131522	3.7142032806E-9	0.0000247511	3.1042937563E-9	6.500	28.600
5/6/2022	4:45 AM	-0.3293942600	40.600	18.000	20.000	0.0000010000	-0.0000131489	5.4713993250E-9	0.0000247534	1.9999437460E-9	6.500	28.600
5/6/2022	4:45 AM	-0.3205936500	40.600	18.000	20.000	0.0000010000	-0.0000131524	5.6131079543E-9	0.0000247801	8.7413930606E-10	6.500	28.600
5/6/2022	4:46 AM	-0.3105358100	40.600	18.001	20.000	0.0000010000	-0.0000131529	5.8332869991E-9	0.0000247897	5.5450633076E-10	6.500	28.600
5/6/2022	4:47 AM	-0.3004779700	40.600	17.999	20.000	0.0000010000	-0.0000131550	6.3324704348E-9	0.0000247650	2.3093141122E-9	6.500	28.600
5/6/2022	4:47 AM	-0.2904201300	40.600	18.001	20.000	0.0000010000	-0.0000131579	2.9438812007E-9	0.0000247617	1.5781745499E-9	6.500	28.600
5/6/2022	4:48 AM	-0.2803622900	40.600	18.002	20.000	0.0000010000	-0.0000131536	5.3620137444E-9	0.0000247671	1.4317778476E-9	6.500	28.600
5/6/2022	4:49 AM	-0.2703044500	40.600	18.001	20.000	0.0000010000	-0.0000131427	5.9745539994E-9	0.0000247472	3.5068111528E-9	6.500	28.600
5/6/2022	4:49 AM	-0.2602466100	40.600	18.002	20.000	0.0000010000	-0.0000131456	7.9681843883E-9	0.0000247749	1.1924716621E-9	6.500	28.600
5/6/2022	4:50 AM	-0.2501887700	40.600	18.001	20.000	0.0000010000	-0.0000131546	4.6693531241E-9	0.0000247824	9.7979589711E-10	6.500	28.600
5/6/2022	4:51 AM	-0.2401309300	0.900	18.000	20.000	0.0000010000	-0.0000131712	4.3899713117E-9	0.0000247700	1.6069764929E-9	6.500	28.600
5/6/2022	4:51 AM	-0.2300730900	40.600	18.000	20.000	0.0000010000	-0.0000131438	4.0624671489E-9	0.0000247398	4.6776284932E-9	6.500	28.600
5/6/2022	4:52 AM	-0.2200152500	40.600	18.000	20.000	0.0000010000	-0.0000131454	2.9229651867E-9	0.0000247898	4.0000000000E-10	6.500	28.600
5/6/2022	4:53 AM	-0.2099574100	40.600	18.001	20.000	0.0000010000	-0.0000131588	6.5051389624E-9	0.0000247645	2.4444526089E-9	6.500	28.600
5/6/2022	4:53 AM	-0.1998995700	40.600	18.000	20.000	0.0000010000	-0.0000131524	5.0802913280E-9	0.0000247305	6.3169867199E-9	6.500	28.600
5/6/2022	4:54 AM	-0.1898417300	40.600	18.000	20.000	0.0000010000	-0.0000131571	7.4974452856E-9	0.0000247860	1.3331809275E-9	6.500	28.600
5/6/2022	4:55 AM	-0.1797838900	40.600	17.999	20.000	0.0000010000	-0.0000131541	5.0206932001E-9	0.0000247703	1.5800727944E-9	6.500	28.600
5/6/2022	4:55 AM	-0.1697260500	40.600	18.000	20.000	0.0000010000	-0.0000131484	3.9039844789E-9	0.0000247860	6.6368092477E-10	6.500	28.600
5/6/2022	4:56 AM	-0.1596682100	40.600	18.000	20.000	0.0000010000	-0.0000131561	6.5906983160E-9	0.0000247903	3.4608128489E-10	6.500	28.600
5/6/2022	4:57 AM	-0.1496103700	40.600	18.001	20.000	0.0000010000	-0.0000131461	4.0315091089E-9	0.0000247722	1.0711883953E-9	6.500	28.600
5/6/2022	4:58 AM	-0.1395525300	40.600	17.999	20.000	0.0000010000	-0.0000131600	4.7243675998E-9	0.0000247736	1.4273359224E-9	6.500	28.600
5/6/2022	4:58 AM	-0.1294946900	40.600	18.000	20.000	0.0000010000	-0.0000131555	7.2033482407E-9	0.0000247601	1.1071067812E-9	6.500	28.600
5/6/2022	4:59 AM	-0.1194368500	40.600	18.000	20.000	0.0000010000	-0.0000131664	7.5632341859E-9	0.0000247905	8.8190908485E-10	6.500	28.600
5/6/2022	5:00 AM	-0.1093790100	40.600	18.000	20.000	0.0000010000	-0.0000131509	3.8409467280E-9	0.0000247866	1.0825982435E-9	6.500	28.600
5/6/2022	5:00 AM	-0.1005784000	40.600	18.001	20.000	0.0000010000	-0.0000131560	7.8971941163E-9	0.0000247713	1.6565504695E-9	6.500	28.600
5/6/2022	5:01 AM	-0.0905205600	40.600	17.999	20.000	0.0000010000	-0.0000131545	6.2091678168E-9	0.0000247715	1.9603438795E-9	6.500	28.600
5/6/2022	5:02 AM	-0.0804627200	40.600	17.999	20.000	0.0000010000	-0.0000131615	4.7165257044E-9	0.0000247935	9.3186001849E-10	6.500	28.600
5/6/2022	5:02 AM	-0.0704048800	40.600	18.002	20.000	0.0000010000	-0.0000131406	6.4541117613E-9	0.0000247898	6.9256219969E-10	6.500	28.600
5/6/2022	5:03 AM	-0.0603470400	40.600	18.001	20.000	0.0000010000	-0.0000131545	6.1294944047E-9	0.0000247556	3.6792679629E-9	6.500	28.600
5/6/2022	5:04 AM	-0.0502892000	40.600	18.000	20.000	0.0000010000	-0.0000131550	2.7760095087E-9	0.0000247753	6.3011626335E-10	6.500	28.600
5/6/2022	5:04 AM	-0.0402313600	40.600	17.999	20.000	0.0000010000	-0.0000131614	4.4030463316E-9	0.0000248019	1.0432124137E-9	6.500	28.600
5/6/2022	5:05 AM	-0.0301735200	40.600	18.001	20.000	0.0000010000	-0.0000131432	2.6788147365E-9	0.0000247907	4.7602787773E-10	6.500	28.600
5/6/2022	5:06 AM	-0.0201156800	40.600	18.000	20.000	0.0000010000	-0.0000131592	4.9924230349E-9	0.0000247828	1.0677078252E-9	6.500	28.600
5/6/2022	5:06 AM	-0.0100578400	40.600	18.001	20.000	0.0000010000	-0.0000131522	3.8438378322E-9	0.0000247791	1.7794838453E-9	6.500	28.600
5/6/2022	5:07 AM	0.0000000000	42.300	18.002	20.000	0.0000010000	-0.0000131571	4.1035247136E-9	0.0000248051	7.1863190045E-10	6.500	28.600
5/6/2022	5:08 AM	0.0100578400	42.300	18.000	20.000	0.0000010000	-0.0000131612	4.9989002971E-9	0.0000247787	1.2950784271E-9	6.500	28.600
5/6/2022	5:08 AM	0.0201156800	42.300	18.000	20.000	0.0000010000	-0.0000131623	7.2735945760E-9	0.0000247818	1.2560528920E-9	6.500	28.600
5/6/2022	5:09 AM	0.0301735200	42.300	18.000	20.000	0.0000010000	-0.0000131616	6.5105477790E-9	0.0000247712	1.9340207981E-9	6.500	28.600
5/6/2022	5:10 AM	0.0402313600	42.300	18.000	20.000	0.0000010000	-0.0000131527	7.0049333714E-9	0.0000247297	5.9841548709E-9	6.500	28.600
5/6/2022	5:10 AM	0.0502892000	42.300	17.999	20.000	0.0000010000	-0.0000131375	4.8257909421E-9	0.0000247912	1.1945549533E-9	6.500	28.600
5/6/2022	5:11 AM	0.0603470400	42.300	17.999	20.000	0.0000010000	-0.0000131435	3.6177871605E-9	0.0000247889	1.2386855211E-9	6.500	28.600
5/6/2022	5:12 AM	0.0704048800	42.300	17.999	20.000	0.0000010000	-0.0000131551	4.4916584126E-9	0.0000247362	5.0671443444E-9	6.500	28.600
5/6/2022	5:13 AM	0.0804627200	42.300	18.001	20.001	0.0000010000	-0.0000131572	4.8119498696E-9	0.0000247771	2.0367364281E-9	6.500	28.600
5/6/2022	5:13 AM	0.0905205600	42.300	18.001	20.000	0.0000010000	-0.0000131665	4.4345008418E-9	0.0000247779	2.0498050345E-9	6.500	28.600
5/6/2022	5:14 AM	0.1005784000	42.300	18.000	20.000	0.0000010000	-0.0000131561	5.0690633113E-9	0.0000247560	3.0735898304E-9	6.500	28.600
5/6/2022	5:15 AM	0.1093790100	42.300	18.000	20.000	0.0000010000	-0.0000131537	6.9569052016E-9	0.0000247951	1.0948253313E-9	6.500	28.600
5/6/2022	5:15 AM	0.1194368500	0.900	18.001	20.000	0.0000010000	-0.0000131536	7.4048396126E-9	0.0000247921	1.5721724422E-9	6.500	28.600
5/6/2022	5:16 AM	0.1294946900	42.300	17.999	20.000	0.0000010000	-0.0000131538	3.5988930808E-9	0.0000247718	3.1026927617E-9	6.500	28.600
5/6/2022	5:17 AM	0.1395525300	42.300	17.999	20.000	0.0000010000	-0.0000131612	7.0721510088E-9	0.0000247780	1.5659513090E-9	6.500	28.600
5/6/2022	5:17 AM	0.1496103700	42.300	18.001	20.000	0.0000010000	-0.0000131608	6.7286616000E-9	0.0000247925	9.6397017595E-10	6.500	28.600
5/6/2022	5:18 AM	0.1596682100	42.300	17.999	20.000	0.0000010000	-0.0000131523	2.8296285507E-9	0.0000247692	2.4993800098E-9	6.500	28.600
5/6/2022	5:19 AM	0.1697260500	42.300	18.000	20.000	0.0000010000	-0.0000131476	6.5604870916E-9	0.0000247830	1.0924716621E-9	6.500	28.600
5/6/2022	5:20 AM	0.1797838900	42.300	18.000	19.999	0.0000010000	-0.0000131591	4.0204536365E-9	0.0000247925	5.7416573868E-10	6.500	28.600
5/6/2022	5:20 AM	0.1898417300	42.300	18.000	20.000	0.0000010000	-0.0000131549	4.1342708666E-9	0.0000247829	1.5413259966E-9	6.500	28.600
5/6/2022	5:21 AM	0.1998995700	42.300	18.000	20.000	0.0000010000	-0.0000131565	5.3004445361E-9	0.0000247929	9.0593994213E-10	6.500	28.600
5/6/2022	5:22 AM	0.2099574100	42.300	18.000	20.000	0.0000010000	-0.0000131518	3.8237374010E-9	0.0000248025	1.0403124237E-9	6.500	28.600
5/6/2022	5:22 AM	0.2200152500	42.300	18.000	20.000	0.0000010000	-0.0000131496	6.4394880754E-9	0.0000247952	9.6397017595E-10	6.500	28.600
5/6/2022	5:23 AM	0.2300730900	42.300	18.000	20.000	0.0000010000	-0.0000131547	4.8051278312E-9	0.0000247843	1.1677078252E-9	6.500	28.600
5/6/2022	5:24 AM	0.2401309300	42.300	17.999	20.000	0.0000010000	-0.0000131562	6.2976286002E-9	0.0000247966	1.8708286934E-10	6.500	28.600
5/6/2022	5:24 AM	0.2501887700	42.300	18.001	20.000	0.0000010000	-0.0000131673	3.2332990873E-9	0.0000247992	8.2739529308E-10	6.500	28.600
5/6/2022	5:25 AM	0.2602466100	42.300	18.001	20.000	0.0000010000	-0.0000131561	5.8678194622E-9	0.0000247835	2.7933767230E-9	6.500	28.600
5/6/2022	5:26 AM	0.2703044500	42.300	17.999	20.000	0.0000010000	-0.0000131514	7.2850674919E-9	0.0000247870	1.0000000000E-9	6.500	28.600
5/6/2022	5:27 AM	0.2803622900	42.300	17.998	20.000	0.0000010000	-0.0000118722	6.6080507500E-9	0.0000259736	2.9154759474E-10	6.500	28.600
5/6/2022	5:27 AM	0.2904201300	42.300	17.999	20.000	0.0000010000	-0.0000118688	5.7282600551E-9	0.0000259709	7.4833147735E-10	6.500	28.600
5/6/2022	5:28 AM	0.3004779700	42.300	17.999	20.000	0.0000010000	-0.0000118745	5.8905990964E-9	0.0000259677	1.4396684744E-9	6.500	28.600
5/6/2022	5:29 AM	0.3105358100	42.300	18.001	20.000	0.0000010000	-0.0000118849	4.1558366195E-9	0.0000259674	2.1911534525E-9	6.500	28.600
5/6/2022	5:29 AM	0.3205936500	42.300	18.001	20.000	0.0000010000	-0.0000118672	3.9704788984E-9	0.0000259312	5.4194336819E-9	6.500	28.600
5/6/2022	5:30 AM	0.3293942600	42.300	18.001	20.000	0.0000010000	-0.0000118901	7.2990682411E-9	0.0000259727	5.8309518948E-10	6.500	28.600
5/6/2022	5:31 AM	0.3394521000	42.300	18.000	20.000	0.0000010000	-0.0000118727	5.8642945217E-9	0.0000259532	2.0686146325E-9	6.500	28.600
5/6/2022	5:31 AM	0.3495099400	42.300	18.000	20.000	0.0000010000	-0.0000118659	7.4349922025E-9	0.0000259772	4.1402208188E-10	6.500	28.600
5/6/2022	5:32 AM	0.3595677800	42.300	17.999	20.000	0.0000010000	-0.0000118785	9.7175901833E-9	0.0000259724	7.6278691088E-10	6.500	28.600
5/6/2022	5:33 AM	0.3696256200	42.300	18.000	20.001	0.0000010000	-0.0000118742	4.5491060234E-9	0.0000259717	8.3006407546E-10	6.500	28.600
5/6/2022	5:33 AM	0.3796834600	42.300	18.001	20.000	0.0000010000	-0.0000118747	3.4811334146E-9	0.0000259713	7.0990195136E-10	6.500	28.600
5/6/2022	5:34 AM	0.3897413000	42.300	18.002	20.000	0.0000010000	-0.0000118735	4.5884899973E-9	0.0000259658	1.5008078929E-9	6.500	28.600
5/6/2022	5:35 AM	0.3997991400	42.300	18.000	20.000	0.0000010000	-0.0000118696	5.3265191800E-9	0.0000259617	1.0759023111E-9	6.500	28.600
5/6/2022	5:35 AM	0.4098569800	42.300	18.000	20.000	0.0000010000	-0.0000118838	5.9855320009E-9	0.0000259787	5.5355339059E-10	6.500	28.600
5/6/2022	5:36 AM	0.4199148200	42.300	18.000	20.000	0.0000010000	-0.0000118658	7.8522808349E-9	0.0000259597	1.1788289045E-9	6.500	28.600
5/6/2022	5:37 AM	0.4299726600	42.300	18.000	20.000	0.0000010000	-0.0000118554	9.0283118037E-9	0.0000259690	3.9154759474E-10	6.500	28.600
5/6/2022	5:37 AM	0.4400305000	42.300	18.001	20.000	0.0000010000	-0.0000118719	5.9719066207E-9	0.0000259650	1.0560748235E-9	6.500	28.600
5/6/2022	5:38 AM	0.4500883400	42.300	18.001	20.000	0.0000010000	-0.0000118696	3.5801460921E-9	0.0000259594	2.0533752993E-9	6.500	28.600
5/6/2022	5:39 AM	0.4601461800	42.300	18.001	20.000	0.0000010000	-0.0000118767	3.9794769613E-9	0.0000259794	8.3832137633E-10	6.500	28.600
5/6/2022	5:39 AM	0.4702040200	42.300	18.000	20.001	0.0000010000	-0.0000118703	5.4739554557E-9	0.0000259740	2.0000000000E-10	6.500	28.600
5/6/2022	5:40 AM	0.4802618600	42.300	18.001	20.000	0.0000010000	-0.0000118599	6.6645914822E-9	0.0000259590	2.1636861895E-9	6.500	28.600
5/6/2022	5:41 AM	0.4903197000	42.300	18.000	20.001	0.0000010000	-0.0000118618	4.3911818840E-9	0.0000259423	2.8550496372E-9	6.500	28.600
