! User Name:	Aditya
! Sample Name:	MR(DCMode)_FGT CrPS4_20K_PF_P0.65T_RH_0.5T
! Sample ID:	FGT/CrPS4
! Date:	5/4/2022	Time:	10:42 PM
! Current Source:	Keithley 224 Current Source
! Voltmeter V1:	Keithley 182 Degital voltmeter
! Voltmeter V2:	Keithley 2182A  NanoVoltmeter
! V1 (volts):	Rxx  Device 1
! V2 (volts):	Rxy Device 1
! Max Field (Tesla):0.500000	! Data points (0_maxT:50.000000	! Average Number:5.000000	
! Comments:	FGT/CrPS4 device was made in glove using flaking and dry transfering of flakes. 
! 
! 
! 
! 
Data	Time	Magnetic Field (T)	Helium Level (%)	VTI Temperature (K)	Sample Temparture (K)	Current (A) 	Voltage-1(V)	Std. of V1	Voltage-2 (V)	Std. of V2	VTI  Heater Power (%)	Sample Heater Power (%)
5/4/2022	10:44 PM	0.5003775400	52.000	52.780	54.994	0.0000010000	-0.0000243713	7.1275687546E-9	0.0000123565	1.2534257188E-9	6.700	27.800
5/4/2022	10:45 PM	0.4903197000	40.400	18.000	20.000	0.0000010000	-0.0000243604	5.2492646394E-9	0.0000123755	6.6099096785E-10	4.200	26.900
5/4/2022	10:46 PM	0.4802618600	40.400	17.999	20.000	0.0000010000	-0.0000243702	6.0527854277E-9	0.0000123864	1.1372230445E-9	4.200	26.900
5/4/2022	10:47 PM	0.4702040200	40.400	17.999	20.000	0.0000010000	-0.0000243638	7.6933415672E-9	0.0000123480	2.5686071021E-9	4.200	26.900
5/4/2022	10:47 PM	0.4601461800	40.400	17.998	20.000	0.0000010000	-0.0000243640	8.3394841656E-9	0.0000123313	5.1337835475E-9	4.200	26.900
5/4/2022	10:48 PM	0.4500883400	40.400	17.999	20.000	0.0000010000	-0.0000243732	3.8348478957E-9	0.0000123616	1.2467344941E-9	4.200	26.900
5/4/2022	10:49 PM	0.4400305000	40.400	17.998	20.000	0.0000010000	-0.0000243730	6.8322984200E-9	0.0000123821	1.3236067978E-9	4.200	26.900
5/4/2022	10:49 PM	0.4299726600	40.400	18.000	20.000	0.0000010000	-0.0000243630	5.1492809522E-9	0.0000123697	6.0850436627E-10	4.200	26.900
5/4/2022	10:50 PM	0.4199148200	40.400	17.999	20.000	0.0000010000	-0.0000243639	2.4914744870E-9	0.0000123740	4.9664022582E-10	4.200	26.900
5/4/2022	10:51 PM	0.4098569800	40.400	17.999	20.000	0.0000010000	-0.0000243614	5.9428201248E-9	0.0000123328	3.2470509360E-9	4.200	26.900
5/4/2022	10:51 PM	0.3997991400	40.400	17.999	20.000	0.0000010000	-0.0000243692	8.0522934888E-9	0.0000123801	2.9154759474E-10	4.200	26.900
5/4/2022	10:52 PM	0.3897413000	40.400	17.999	20.000	0.0000010000	-0.0000243731	6.7573498114E-9	0.0000123767	2.8708286934E-10	4.200	26.900
5/4/2022	10:53 PM	0.3796834600	40.400	17.998	20.000	0.0000010000	-0.0000243680	3.2085099920E-9	0.0000123889	1.7792758557E-9	4.200	26.900
5/4/2022	10:53 PM	0.3696256200	40.400	17.999	20.000	0.0000010000	-0.0000243525	5.7286978558E-9	0.0000123590	1.0606601718E-9	4.200	26.900
5/4/2022	10:54 PM	0.3595677800	40.400	17.999	20.000	0.0000010000	-0.0000243780	5.6444127436E-9	0.0000123791	1.8708286934E-10	4.200	26.900
5/4/2022	10:55 PM	0.3495099400	40.400	17.999	20.000	0.0000010000	-0.0000243628	3.4852771765E-9	0.0000123675	4.7434164903E-10	4.200	26.900
5/4/2022	10:55 PM	0.3394521000	40.400	17.999	20.000	0.0000010000	-0.0000243690	5.5933756285E-9	0.0000123742	8.3006407546E-10	4.200	26.900
5/4/2022	10:56 PM	0.3293942600	40.400	17.999	20.000	0.0000010000	-0.0000243677	5.4888427659E-9	0.0000123630	1.3639430989E-9	4.300	26.900
5/4/2022	10:57 PM	0.3205936500	40.400	17.998	20.000	0.0000010000	-0.0000243656	4.9873672444E-9	0.0000123905	1.6183463906E-9	4.300	26.900
5/4/2022	10:58 PM	0.3105358100	40.400	18.000	20.000	0.0000010000	-0.0000243683	4.2141460522E-9	0.0000123698	1.0465143440E-9	4.300	26.900
5/4/2022	10:58 PM	0.3004779700	40.400	17.998	20.000	0.0000010000	-0.0000243673	7.0587000708E-9	0.0000123615	1.1775498521E-9	4.300	26.900
5/4/2022	10:59 PM	0.2904201300	40.400	17.999	20.000	0.0000010000	-0.0000243662	4.7321657641E-9	0.0000123770	1.1565563235E-9	4.300	27.000
5/4/2022	11:00 PM	0.2803622900	40.400	18.000	20.000	0.0000010000	-0.0000243811	8.0242350704E-9	0.0000123729	5.4649857042E-10	4.300	26.900
5/4/2022	11:00 PM	0.2703044500	40.400	17.998	20.000	0.0000010000	-0.0000243658	6.5629763543E-9	0.0000123921	1.2990196787E-9	4.300	26.900
5/4/2022	11:01 PM	0.2602466100	40.400	17.999	20.000	0.0000010000	-0.0000243609	5.1144733492E-9	0.0000123611	9.5137038954E-10	4.300	27.000
5/4/2022	11:02 PM	0.2501887700	40.400	17.998	20.000	0.0000010000	-0.0000243588	9.4112209283E-9	0.0000123360	2.5245661047E-9	4.300	27.000
5/4/2022	11:02 PM	0.2401309300	40.400	18.001	20.000	0.0000010000	-0.0000243833	8.3302019588E-9	0.0000123646	9.1547532152E-10	4.300	26.900
5/4/2022	11:03 PM	0.2300730900	40.400	17.999	20.000	0.0000010000	-0.0000243660	5.7258413687E-9	0.0000123795	7.9369451030E-10	4.300	27.000
5/4/2022	11:04 PM	0.2200152500	40.400	17.999	20.000	0.0000010000	-0.0000243693	5.4714575039E-9	0.0000123620	8.0279742393E-10	4.300	27.000
5/4/2022	11:04 PM	0.2099574100	40.400	18.000	20.000	0.0000010000	-0.0000243717	4.5493042692E-9	0.0000123753	1.3499870998E-9	4.300	26.900
5/4/2022	11:05 PM	0.1998995700	41.300	18.000	20.000	0.0000010000	-0.0000243682	3.7448608933E-9	0.0000123706	1.1039416252E-9	4.300	27.000
5/4/2022	11:06 PM	0.1898417300	41.300	17.999	20.000	0.0000010000	-0.0000243741	5.2981850736E-9	0.0000123768	8.2739529308E-10	4.300	27.000
5/4/2022	11:06 PM	0.1797838900	41.300	17.998	20.000	0.0000010000	-0.0000243676	6.5540972579E-9	0.0000123714	3.0955735648E-10	4.300	27.000
5/4/2022	11:07 PM	0.1697260500	0.900	17.999	20.000	0.0000010000	-0.0000243668	6.6659604650E-9	0.0000123703	3.3911649916E-10	4.300	26.900
5/4/2022	11:08 PM	0.1596682100	41.300	17.998	20.000	0.0000010000	-0.0000243534	5.7200647151E-9	0.0000123809	8.9569989342E-10	4.300	27.000
5/4/2022	11:09 PM	0.1496103700	41.300	18.000	20.000	0.0000010000	-0.0000243896	3.3315085881E-9	0.0000123797	9.3186001849E-10	4.300	27.000
5/4/2022	11:09 PM	0.1395525300	41.300	17.999	20.000	0.0000010000	-0.0000243572	6.2298677682E-9	0.0000123664	5.6742346142E-10	4.300	27.000
5/4/2022	11:10 PM	0.1294946900	41.300	17.999	20.000	0.0000010000	-0.0000243621	9.4184886803E-9	0.0000123831	7.6588924377E-10	4.300	27.000
5/4/2022	11:11 PM	0.1194368500	41.300	17.999	20.000	0.0000010000	-0.0000243876	7.6977580550E-9	0.0000123905	1.1751372269E-9	4.300	27.000
5/4/2022	11:11 PM	0.1093790100	41.300	17.999	20.000	0.0000010000	-0.0000243676	4.7987988364E-9	0.0000123802	1.6849686778E-9	4.300	27.000
5/4/2022	11:12 PM	0.1005784000	41.300	17.998	20.000	0.0000010000	-0.0000243715	5.5717646903E-9	0.0000123614	4.1402208188E-10	4.300	27.000
5/4/2022	11:13 PM	0.0905205600	41.300	17.998	20.000	0.0000010000	-0.0000243675	6.9451093815E-9	0.0000123789	5.1515439249E-10	4.300	27.000
5/4/2022	11:13 PM	0.0804627200	41.300	18.000	20.000	0.0000010000	-0.0000243731	4.9195400155E-9	0.0000123674	5.3385391260E-10	4.300	27.000
5/4/2022	11:14 PM	0.0704048800	41.300	17.998	20.000	0.0000010000	-0.0000243698	6.6596570074E-9	0.0000123732	2.8058837015E-10	4.300	27.000
5/4/2022	11:15 PM	0.0603470400	41.300	18.000	20.000	0.0000010000	-0.0000243746	6.0787065855E-9	0.0000123743	5.3851648071E-10	4.300	27.000
5/4/2022	11:15 PM	0.0502892000	41.300	18.000	20.000	0.0000010000	-0.0000243733	6.8490415089E-9	0.0000123798	7.6278691088E-10	4.300	27.000
5/4/2022	11:16 PM	0.0402313600	41.300	18.000	20.000	0.0000010000	-0.0000243663	4.0940979526E-9	0.0000123608	8.1414284285E-10	4.300	27.000
5/4/2022	11:17 PM	0.0301735200	41.300	17.999	20.000	0.0000010000	-0.0000243696	4.8862438166E-9	0.0000123794	2.2247448714E-10	4.300	27.000
5/4/2022	11:17 PM	0.0201156800	41.300	17.999	20.000	0.0000010000	-0.0000243732	5.6880801494E-9	0.0000123921	1.0705534411E-9	4.300	27.000
5/4/2022	11:18 PM	0.0100578400	41.300	17.998	20.000	0.0000010000	-0.0000243784	4.7322895890E-9	0.0000123843	1.0825982435E-9	4.300	27.000
5/4/2022	11:19 PM	-0.0000000000	41.300	18.001	20.000	0.0000010000	-0.0000243677	8.1942948940E-9	0.0000123743	1.8242753903E-9	4.300	27.000
5/4/2022	11:19 PM	-0.0100578400	41.300	18.000	20.000	0.0000010000	-0.0000243878	6.1791207336E-9	0.0000123719	7.9842630675E-10	4.300	27.000
5/4/2022	11:20 PM	-0.0201156800	41.300	17.998	20.000	0.0000010000	-0.0000243740	5.9714143062E-9	0.0000123710	9.1268221939E-10	4.300	27.000
5/4/2022	11:21 PM	-0.0301735200	41.300	17.999	20.000	0.0000010000	-0.0000243711	4.5773229025E-9	0.0000123839	7.6588924377E-10	4.300	27.000
5/4/2022	11:22 PM	-0.0402313600	41.300	17.999	20.000	0.0000010000	-0.0000243777	8.3443840321E-9	0.0000123783	3.9154759474E-10	4.300	27.000
5/4/2022	11:22 PM	-0.0502892000	41.300	17.999	20.000	0.0000010000	-0.0000243860	7.6144785198E-9	0.0000123743	3.5811388301E-10	4.300	27.000
5/4/2022	11:23 PM	-0.0603470400	41.300	17.999	20.000	0.0000010000	-0.0000243776	3.7679044088E-9	0.0000123710	4.7863046408E-10	4.300	27.000
5/4/2022	11:24 PM	-0.0704048800	41.300	17.999	20.000	0.0000010000	-0.0000243716	5.3552256064E-9	0.0000123595	7.8036765891E-10	4.300	27.000
5/4/2022	11:24 PM	-0.0804627200	41.300	17.997	20.000	0.0000010000	-0.0000243797	4.6579985999E-9	0.0000123398	3.0239047353E-9	4.300	27.000
5/4/2022	11:25 PM	-0.0905205600	41.300	18.000	20.000	0.0000010000	-0.0000243702	3.3772771770E-9	0.0000123633	9.7345667959E-10	4.300	27.000
5/4/2022	11:26 PM	-0.1005784000	41.300	18.000	20.000	0.0000010000	-0.0000243841	7.4695866369E-9	0.0000123708	1.0168783487E-9	4.300	27.000
5/4/2022	11:26 PM	-0.1093790100	41.300	17.997	20.000	0.0000010000	-0.0000243910	4.7773504467E-9	0.0000123583	8.9526339942E-10	4.400	27.000
5/4/2022	11:27 PM	-0.1194368500	41.300	18.000	20.000	0.0000010000	-0.0000243790	4.1394963728E-9	0.0000123650	8.2739529308E-10	4.300	27.000
5/4/2022	11:28 PM	-0.1294946900	41.300	18.000	20.000	0.0000010000	-0.0000243810	4.0608442462E-9	0.0000123772	3.9154759474E-10	4.300	27.000
5/4/2022	11:28 PM	-0.1395525300	41.300	18.000	20.000	0.0000010000	-0.0000243710	1.0583342169E-8	0.0000123180	6.3877095313E-9	4.300	27.000
5/4/2022	11:29 PM	-0.1496103700	41.300	18.000	20.000	0.0000010000	-0.0000243850	7.9944409603E-9	0.0000123717	8.3006407546E-10	4.300	27.000
5/4/2022	11:30 PM	-0.1596682100	41.300	18.000	20.000	0.0000010000	-0.0000243847	7.6186052939E-9	0.0000123865	4.9664022582E-10	4.300	27.000
5/4/2022	11:30 PM	-0.1697260500	41.300	17.999	20.000	0.0000010000	-0.0000243800	6.8288498317E-9	0.0000123776	2.4494897428E-10	4.400	27.000
5/4/2022	11:31 PM	-0.1797838900	41.300	17.999	20.000	0.0000010000	-0.0000243750	4.4585329114E-9	0.0000123819	4.5355339059E-10	4.400	27.000
5/4/2022	11:32 PM	-0.1898417300	41.300	17.999	20.000	0.0000010000	-0.0000243785	5.1920420157E-9	0.0000123699	2.2247448714E-10	4.400	27.000
5/4/2022	11:32 PM	-0.1998995700	41.300	17.999	20.000	0.0000010000	-0.0000243840	5.6220408035E-9	0.0000123686	5.8823014636E-10	4.400	27.000
5/4/2022	11:33 PM	-0.2099574100	41.300	17.999	20.000	0.0000010000	-0.0000243785	4.3080870637E-9	0.0000123778	2.0000000000E-10	4.400	27.000
5/4/2022	11:34 PM	-0.2200152500	41.300	17.999	20.000	0.0000010000	-0.0000243878	5.3020432765E-9	0.0000123770	3.7742546282E-10	4.400	27.000
5/4/2022	11:34 PM	-0.2300730900	41.300	18.000	20.000	0.0000010000	-0.0000243753	4.9970808999E-9	0.0000123749	8.9418965053E-10	4.400	27.000
5/4/2022	11:35 PM	-0.2401309300	41.300	18.000	20.000	0.0000010000	-0.0000243822	4.3471599803E-9	0.0000123881	9.8270701384E-10	4.400	27.000
5/4/2022	11:36 PM	-0.2501887700	41.300	18.000	20.000	0.0000010000	-0.0000243890	2.9842091993E-9	0.0000123789	1.0759023111E-9	4.400	27.000
5/4/2022	11:36 PM	-0.2602466100	41.300	17.999	20.000	0.0000010000	-0.0000243728	5.0974298194E-9	0.0000123548	1.3688151597E-9	4.400	27.000
5/4/2022	11:37 PM	-0.2703044500	41.300	18.000	20.000	0.0000010000	-0.0000243793	8.4841362530E-9	0.0000123806	4.1068966709E-10	4.400	27.000
5/4/2022	11:38 PM	-0.2803622900	41.300	17.999	20.000	0.0000010000	-0.0000250186	6.2182571092E-9	0.0000110294	1.3474192049E-9	4.400	27.000
5/4/2022	11:38 PM	-0.2904201300	41.300	17.999	20.000	0.0000010000	-0.0000250190	5.7749532897E-9	0.0000110150	2.4494897428E-10	4.400	27.000
5/4/2022	11:39 PM	-0.3004779700	41.300	17.999	20.000	0.0000010000	-0.0000250252	7.1435489938E-9	0.0000110064	5.6368092477E-10	4.400	27.000
5/4/2022	11:40 PM	-0.3105358100	41.300	17.998	20.000	0.0000010000	-0.0000250233	6.5197452189E-9	0.0000110128	2.2247448714E-10	4.400	27.000
5/4/2022	11:40 PM	-0.3205936500	41.300	18.000	20.000	0.0000010000	-0.0000250279	3.9620944984E-9	0.0000110202	1.9490279855E-9	4.400	27.000
5/4/2022	11:41 PM	-0.3293942600	41.300	18.000	20.000	0.0000010000	-0.0000250157	4.9844509988E-9	0.0000109978	2.8061030843E-9	4.400	27.000
5/4/2022	11:42 PM	-0.3394521000	41.300	18.000	20.000	0.0000010000	-0.0000250259	4.6364582158E-9	0.0000110120	5.0000000000E-10	4.400	27.000
5/4/2022	11:42 PM	-0.3495099400	41.300	18.000	20.000	0.0000010000	-0.0000250233	5.1017395500E-9	0.0000110249	5.1515439249E-10	4.400	27.000
5/4/2022	11:43 PM	-0.3595677800	41.300	17.999	20.000	0.0000010000	-0.0000250276	6.2889987989E-9	0.0000110073	1.2247448714E-10	4.400	27.000
5/4/2022	11:44 PM	-0.3696256200	41.300	17.999	20.000	0.0000010000	-0.0000250199	5.9016661617E-9	0.0000110093	1.2824608449E-9	4.400	27.000
5/4/2022	11:45 PM	-0.3796834600	41.300	17.999	20.000	0.0000010000	-0.0000250233	5.6040951512E-9	0.0000110220	1.0505999457E-9	4.400	27.000
5/4/2022	11:45 PM	-0.3897413000	41.300	18.000	20.000	0.0000010000	-0.0000250132	4.1717853069E-9	0.0000110133	5.8476798574E-10	4.400	27.000
5/4/2022	11:46 PM	-0.3997991400	41.300	18.001	20.000	0.0000010000	-0.0000250280	5.4528402868E-9	0.0000110234	4.1402208188E-10	4.400	27.000
5/4/2022	11:47 PM	-0.4098569800	41.300	18.000	20.001	0.0000010000	-0.0000250221	5.5067522848E-9	0.0000110053	4.6368092477E-10	4.400	27.000
5/4/2022	11:47 PM	-0.4199148200	41.300	18.000	20.000	0.0000010000	-0.0000250202	6.1191318169E-9	0.0000110108	7.6923276251E-10	4.400	27.000
5/4/2022	11:48 PM	-0.4299726600	41.300	18.000	20.000	0.0000010000	-0.0000250275	3.9631943432E-9	0.0000110224	8.6163530729E-10	4.400	27.000
5/4/2022	11:49 PM	-0.4400305000	41.300	18.000	20.000	0.0000010000	-0.0000250165	4.8677035621E-9	0.0000110219	6.5632839974E-10	4.400	27.000
5/4/2022	11:49 PM	-0.4500883400	41.300	18.000	20.000	0.0000010000	-0.0000250284	5.9654905125E-9	0.0000110142	5.0620192023E-10	4.400	27.000
5/4/2022	11:50 PM	-0.4601461800	41.300	17.998	20.000	0.0000010000	-0.0000250221	3.4668785723E-9	0.0000110003	1.3281563660E-9	4.400	27.000
5/4/2022	11:51 PM	-0.4702040200	41.300	18.000	20.000	0.0000010000	-0.0000250205	3.1927125740E-9	0.0000110163	2.8708286934E-10	4.400	27.000
5/4/2022	11:51 PM	-0.4802618600	41.300	17.999	20.000	0.0000010000	-0.0000250201	5.2631364257E-9	0.0000110343	8.3006407546E-10	4.400	27.000
5/4/2022	11:52 PM	-0.4903197000	41.300	17.999	20.000	0.0000010000	-0.0000250158	4.5236204184E-9	0.0000110065	8.2789503962E-10	4.400	27.000
5/4/2022	11:53 PM	-0.5003775400	41.300	18.000	20.000	0.0000010000	-0.0000250205	3.8669714509E-9	0.0000109913	1.4734000957E-9	4.400	27.000
5/4/2022	11:53 PM	-0.4903197000	41.300	18.000	20.000	0.0000010000	-0.0000250146	5.8770579200E-9	0.0000110257	1.3335784049E-9	4.400	27.000
5/4/2022	11:54 PM	-0.4802618600	41.300	17.999	20.000	0.0000010000	-0.0000250070	1.0577503277E-8	0.0000110181	8.3006407546E-10	4.400	27.000
5/4/2022	11:55 PM	-0.4702040200	41.300	17.998	20.000	0.0000010000	-0.0000250229	4.8047183324E-9	0.0000110265	8.2158383626E-10	4.400	27.000
5/4/2022	11:55 PM	-0.4601461800	41.300	18.000	20.000	0.0000010000	-0.0000250267	4.2985880854E-9	0.0000110138	5.8476798574E-10	4.400	27.000
5/4/2022	11:56 PM	-0.4500883400	41.300	18.001	20.000	0.0000010000	-0.0000250148	5.6510519308E-9	0.0000110071	1.5767784444E-9	4.400	27.000
5/4/2022	11:57 PM	-0.4400305000	41.300	18.000	20.000	0.0000010000	-0.0000250163	7.0336212621E-9	0.0000110016	6.4510098534E-10	4.400	27.000
5/4/2022	11:57 PM	-0.4299726600	41.300	18.000	20.000	0.0000010000	-0.0000250193	6.4832003265E-9	0.0000110028	9.0920421171E-10	4.400	27.000
5/4/2022	11:58 PM	-0.4199148200	41.300	17.999	20.000	0.0000010000	-0.0000250215	4.4035577503E-9	0.0000110184	7.5717058189E-10	4.400	27.000
5/4/2022	11:59 PM	-0.4098569800	41.300	18.000	20.000	0.0000010000	-0.0000250239	4.5077212561E-9	0.0000110090	5.7716018834E-10	4.400	27.000
5/4/2022	11:59 PM	-0.3997991400	41.300	18.000	20.000	0.0000010000	-0.0000250242	5.5858784714E-9	0.0000109560	5.9329788023E-9	4.400	27.000
5/5/2022	12:00 AM	-0.3897413000	41.300	17.999	20.000	0.0000010000	-0.0000250143	3.8522702996E-9	0.0000110264	1.1270058828E-9	4.400	27.000
5/5/2022	12:01 AM	-0.3796834600	41.300	18.001	20.000	0.0000010000	-0.0000250214	4.6558212579E-9	0.0000109997	5.0977282176E-10	4.400	27.000
5/5/2022	12:02 AM	-0.3696256200	41.300	18.000	20.000	0.0000010000	-0.0000250120	5.2201575889E-9	0.0000110108	1.2247448714E-10	4.400	27.000
5/5/2022	12:02 AM	-0.3595677800	41.300	17.999	20.000	0.0000010000	-0.0000250186	3.9174551352E-9	0.0000110055	3.3237190484E-9	4.400	27.000
5/5/2022	12:03 AM	-0.3495099400	41.300	18.000	20.000	0.0000010000	-0.0000250245	3.9118279140E-9	0.0000109995	1.6104154189E-9	4.400	27.000
5/5/2022	12:04 AM	-0.3394521000	41.300	17.999	20.000	0.0000010000	-0.0000250284	3.6498534855E-9	0.0000110081	3.8708286934E-10	4.400	27.000
5/5/2022	12:04 AM	-0.3293942600	41.300	18.000	20.000	0.0000010000	-0.0000250239	3.9188151159E-9	0.0000110167	1.2247448714E-10	4.400	27.000
5/5/2022	12:05 AM	-0.3205936500	43.200	17.999	20.000	0.0000010000	-0.0000250189	4.6776271265E-9	0.0000110288	9.3186001849E-10	4.400	27.000
5/5/2022	12:06 AM	-0.3105358100	43.200	17.999	20.000	0.0000010000	-0.0000250208	3.6314820901E-9	0.0000110071	3.4519675235E-10	4.400	27.000
5/5/2022	12:06 AM	-0.3004779700	43.200	17.999	20.000	0.0000010000	-0.0000250267	6.1055385911E-9	0.0000110018	4.7602787773E-10	4.400	27.000
5/5/2022	12:07 AM	-0.2904201300	43.200	18.000	20.000	0.0000010000	-0.0000250382	6.1632613806E-9	0.0000110203	4.1306485869E-10	4.400	27.000
5/5/2022	12:08 AM	-0.2803622900	43.200	18.000	20.000	0.0000010000	-0.0000250178	5.6498928366E-9	0.0000110334	1.1169491021E-9	4.400	27.000
5/5/2022	12:08 AM	-0.2703044500	43.200	17.999	20.000	0.0000010000	-0.0000250205	6.0565097220E-9	0.0000110118	5.5355339059E-10	4.400	27.000
5/5/2022	12:09 AM	-0.2602466100	43.200	17.999	20.000	0.0000010000	-0.0000250287	5.5894561982E-9	0.0000110126	1.2216772417E-9	4.400	27.000
5/5/2022	12:10 AM	-0.2501887700	43.200	17.998	20.000	0.0000010000	-0.0000250296	3.5323052736E-9	0.0000110124	5.1515439249E-10	4.400	27.000
5/5/2022	12:11 AM	-0.2401309300	43.200	18.000	20.000	0.0000010000	-0.0000250226	3.3024102363E-9	0.0000110197	2.8708286934E-10	4.400	27.000
5/5/2022	12:11 AM	-0.2300730900	43.200	18.000	20.000	0.0000010000	-0.0000250173	3.8090101531E-9	0.0000110032	1.0077358852E-9	4.400	27.000
5/5/2022	12:12 AM	-0.2200152500	43.200	18.001	20.000	0.0000010000	-0.0000250294	6.8311720384E-9	0.0000110023	1.6727967315E-9	4.400	27.000
5/5/2022	12:13 AM	-0.2099574100	43.200	18.000	20.000	0.0000010000	-0.0000250175	3.3715299603E-9	0.0000110177	4.7602787773E-10	4.400	27.000
5/5/2022	12:13 AM	-0.1998995700	43.200	17.999	20.000	0.0000010000	-0.0000250159	4.4930206506E-9	0.0000109888	3.5772892143E-9	4.400	27.000
5/5/2022	12:14 AM	-0.1898417300	43.200	18.000	20.000	0.0000010000	-0.0000250361	7.4894221155E-9	0.0000110223	8.2503868823E-10	4.400	27.000
5/5/2022	12:15 AM	-0.1797838900	43.200	17.999	20.000	0.0000010000	-0.0000250272	6.7349849312E-9	0.0000110209	1.2958064746E-9	4.400	27.000
5/5/2022	12:15 AM	-0.1697260500	43.200	17.999	20.000	0.0000010000	-0.0000250259	3.5229359407E-9	0.0000109982	1.8171876660E-9	4.400	27.000
5/5/2022	12:16 AM	-0.1596682100	43.200	18.000	20.000	0.0000010000	-0.0000250282	5.7233526077E-9	0.0000110266	6.4510098534E-10	4.400	27.000
5/5/2022	12:17 AM	-0.1496103700	43.200	17.999	20.000	0.0000010000	-0.0000250307	2.9802237117E-9	0.0000110058	7.4420493634E-10	4.400	27.000
5/5/2022	12:18 AM	-0.1395525300	43.200	18.000	20.000	0.0000010000	-0.0000250257	5.7541344884E-9	0.0000110207	4.9154759474E-10	4.400	27.000
5/5/2022	12:18 AM	-0.1294946900	43.200	17.999	20.000	0.0000010000	-0.0000250241	4.7564560979E-9	0.0000110244	7.8880488828E-10	4.400	27.000
5/5/2022	12:19 AM	-0.1194368500	43.200	18.001	20.000	0.0000010000	-0.0000250289	7.1337673914E-9	0.0000110071	1.3539918022E-9	4.400	27.000
5/5/2022	12:20 AM	-0.1093790100	43.200	17.999	20.000	0.0000010000	-0.0000250302	4.5328322485E-9	0.0000110164	1.1544628592E-9	4.400	27.000
5/5/2022	12:20 AM	-0.1005784000	43.200	18.000	20.000	0.0000010000	-0.0000250242	3.6692173696E-9	0.0000110248	3.0955735648E-10	4.400	27.000
5/5/2022	12:21 AM	-0.0905205600	43.200	18.000	20.000	0.0000010000	-0.0000250246	4.9591575723E-9	0.0000110053	1.5628738838E-9	4.400	27.000
5/5/2022	12:22 AM	-0.0804627200	43.200	18.000	20.000	0.0000010000	-0.0000250273	5.3496949007E-9	0.0000110220	5.0000000000E-10	4.400	27.000
5/5/2022	12:22 AM	-0.0704048800	43.200	18.000	20.000	0.0000010000	-0.0000250263	3.9335448052E-9	0.0000110068	7.6278691088E-10	4.400	27.000
5/5/2022	12:23 AM	-0.0603470400	43.200	18.000	20.000	0.0000010000	-0.0000250260	4.2202209483E-9	0.0000110143	7.5975531083E-10	4.400	27.000
5/5/2022	12:24 AM	-0.0502892000	43.200	17.999	20.000	0.0000010000	-0.0000250310	6.0359026756E-9	0.0000110191	1.4557877453E-9	4.400	27.000
5/5/2022	12:24 AM	-0.0402313600	43.200	17.999	20.000	0.0000010000	-0.0000250288	6.4928230357E-9	0.0000110094	1.4685702426E-9	4.400	27.000
5/5/2022	12:25 AM	-0.0301735200	43.200	18.000	20.000	0.0000010000	-0.0000250333	7.1109316734E-9	0.0000110099	1.2581138830E-9	4.400	27.000
5/5/2022	12:26 AM	-0.0201156800	43.200	17.999	20.000	0.0000010000	-0.0000250329	3.3790613762E-9	0.0000110055	3.9154759474E-10	4.400	27.000
5/5/2022	12:26 AM	-0.0100578400	43.200	17.999	20.000	0.0000010000	-0.0000250215	3.5285699714E-9	0.0000110362	1.5966239607E-9	4.400	27.000
5/5/2022	12:27 AM	0.0000000000	43.200	17.999	20.000	0.0000010000	-0.0000250263	3.5231339650E-9	0.0000110127	3.9154759474E-10	4.400	27.000
5/5/2022	12:28 AM	0.0100578400	43.200	18.000	20.000	0.0000010000	-0.0000250245	5.5969809204E-9	0.0000110223	1.1156011653E-9	4.400	27.000
5/5/2022	12:28 AM	0.0201156800	43.200	18.000	20.000	0.0000010000	-0.0000250345	6.5899764040E-9	0.0000110148	8.9379718813E-10	4.400	27.000
5/5/2022	12:29 AM	0.0301735200	43.200	17.999	20.000	0.0000010000	-0.0000250414	4.5338675521E-9	0.0000110346	9.9865437593E-10	4.400	27.000
5/5/2022	12:30 AM	0.0402313600	43.200	18.000	20.000	0.0000010000	-0.0000250204	7.4585205291E-9	0.0000110151	1.0676962334E-9	4.400	27.000
5/5/2022	12:31 AM	0.0502892000	43.200	18.000	20.000	0.0000010000	-0.0000250084	3.7354321775E-9	0.0000110001	2.5133142633E-9	4.400	27.000
5/5/2022	12:31 AM	0.0603470400	43.200	18.000	20.000	0.0000010000	-0.0000250283	5.6383356352E-9	0.0000110277	1.4677077168E-9	4.400	27.000
5/5/2022	12:32 AM	0.0704048800	43.200	17.999	20.000	0.0000010000	-0.0000250337	7.8727414989E-9	0.0000110152	8.1723431537E-10	4.400	27.000
5/5/2022	12:33 AM	0.0804627200	43.200	17.999	20.000	0.0000010000	-0.0000250308	5.5676588517E-9	0.0000109922	2.6866507681E-9	4.400	27.000
5/5/2022	12:33 AM	0.0905205600	43.200	18.000	20.000	0.0000010000	-0.0000250370	3.2079669765E-9	0.0000110254	7.0620192023E-10	4.400	27.000
5/5/2022	12:34 AM	0.1005784000	43.200	18.000	20.000	0.0000010000	-0.0000250304	4.0564436677E-9	0.0000110254	1.6718601239E-9	4.400	27.000
5/5/2022	12:35 AM	0.1093790100	43.200	18.000	20.000	0.0000010000	-0.0000250399	4.1787759403E-9	0.0000110182	7.7439472766E-10	4.400	27.100
5/5/2022	12:35 AM	0.1194368500	43.200	18.000	20.000	0.0000010000	-0.0000250169	4.6213344171E-9	0.0000110263	1.3189357051E-9	4.400	27.000
5/5/2022	12:36 AM	0.1294946900	43.200	17.999	20.000	0.0000010000	-0.0000250246	4.0584546321E-9	0.0000110071	8.6988284501E-10	4.400	27.000
5/5/2022	12:37 AM	0.1395525300	43.200	17.999	20.000	0.0000010000	-0.0000250222	5.3214114078E-9	0.0000110124	8.3006407546E-10	4.400	27.000
5/5/2022	12:37 AM	0.1496103700	43.200	17.999	20.000	0.0000010000	-0.0000250416	4.9351989117E-9	0.0000110155	9.8270701384E-10	4.400	27.100
5/5/2022	12:38 AM	0.1596682100	43.200	18.000	20.000	0.0000010000	-0.0000250364	5.7445049454E-9	0.0000110210	7.0556967662E-10	4.400	27.000
5/5/2022	12:39 AM	0.1697260500	43.200	18.000	20.000	0.0000010000	-0.0000250386	3.5783813439E-9	0.0000110111	7.8880488828E-10	4.400	27.000
5/5/2022	12:40 AM	0.1797838900	43.200	17.999	20.000	0.0000010000	-0.0000250273	4.1502940792E-9	0.0000110253	8.1723431537E-10	4.400	27.100
5/5/2022	12:40 AM	0.1898417300	43.200	17.999	20.000	0.0000010000	-0.0000250251	5.3204465672E-9	0.0000110231	8.3784666345E-10	4.400	27.100
5/5/2022	12:41 AM	0.1998995700	43.200	17.999	20.000	0.0000010000	-0.0000250373	7.7954002993E-9	0.0000109946	2.7224488846E-9	4.400	27.000
5/5/2022	12:42 AM	0.2099574100	43.200	17.998	20.000	0.0000010000	-0.0000250243	6.2008348809E-9	0.0000110302	1.3970702436E-9	4.400	27.000
5/5/2022	12:42 AM	0.2200152500	43.200	18.000	20.000	0.0000010000	-0.0000250277	6.3402906385E-9	0.0000110109	1.4382820889E-9	4.400	27.000
5/5/2022	12:43 AM	0.2300730900	43.200	17.999	20.000	0.0000010000	-0.0000250259	9.2450489971E-9	0.0000110192	2.2247448714E-10	4.400	27.100
5/5/2022	12:44 AM	0.2401309300	43.200	17.999	20.000	0.0000010000	-0.0000243567	5.8389730060E-9	0.0000123677	2.5495097568E-10	4.400	27.000
5/5/2022	12:44 AM	0.2501887700	43.200	17.999	20.000	0.0000010000	-0.0000243642	4.7374952461E-9	0.0000123573	3.3769071362E-9	4.400	27.100
5/5/2022	12:45 AM	0.2602466100	43.200	18.000	20.000	0.0000010000	-0.0000243686	3.4926613262E-9	0.0000123766	4.5355339059E-10	4.400	27.000
5/5/2022	12:46 AM	0.2703044500	43.200	17.999	20.000	0.0000010000	-0.0000243699	4.7260156008E-9	0.0000123737	3.9154759474E-10	4.400	27.000
5/5/2022	12:46 AM	0.2803622900	43.200	17.999	20.000	0.0000010000	-0.0000243661	5.2773839387E-9	0.0000123638	1.7384198571E-9	4.400	27.100
5/5/2022	12:47 AM	0.2904201300	43.200	18.002	20.000	0.0000010000	-0.0000243690	4.5212816179E-9	0.0000123637	6.0850436627E-10	4.400	27.000
5/5/2022	12:48 AM	0.3004779700	43.200	18.000	20.000	0.0000010000	-0.0000243680	4.3169950706E-9	0.0000123661	4.4966147775E-10	4.400	27.000
5/5/2022	12:49 AM	0.3105358100	43.200	17.999	20.000	0.0000010000	-0.0000243732	5.0131475328E-9	0.0000123783	4.4203384502E-10	4.400	27.100
5/5/2022	12:49 AM	0.3205936500	43.200	17.999	20.000	0.0000010000	-0.0000243539	4.1220674213E-9	0.0000123769	6.6368092477E-10	4.400	27.000
5/5/2022	12:50 AM	0.3293942600	43.200	18.000	20.000	0.0000010000	-0.0000243601	2.3253025658E-9	0.0000123671	4.1402208188E-10	4.400	27.000
5/5/2022	12:51 AM	0.3394521000	43.200	17.998	20.000	0.0000010000	-0.0000243750	4.4498374060E-9	0.0000123748	7.2166385809E-10	4.400	27.100
5/5/2022	12:51 AM	0.3495099400	43.200	18.000	20.000	0.0000010000	-0.0000243606	7.1072069888E-9	0.0000123753	5.8309518948E-10	4.400	27.000
5/5/2022	12:52 AM	0.3595677800	43.200	18.000	20.000	0.0000010000	-0.0000243631	8.5967657160E-9	0.0000123767	5.6124860802E-10	4.400	27.100
5/5/2022	12:53 AM	0.3696256200	43.200	17.998	20.000	0.0000010000	-0.0000243754	6.1452243456E-9	0.0000123771	3.0955735648E-10	4.400	27.100
5/5/2022	12:54 AM	0.3796834600	43.200	18.000	20.000	0.0000010000	-0.0000243605	6.2258031679E-9	0.0000123681	5.4063625993E-10	4.400	27.000
5/5/2022	12:54 AM	0.3897413000	43.200	17.999	20.000	0.0000010000	-0.0000243505	5.9343600204E-9	0.0000123698	8.2540150734E-10	4.400	27.100
5/5/2022	12:55 AM	0.3997991400	43.200	18.000	20.000	0.0000010000	-0.0000243686	4.1323950834E-9	0.0000123744	2.4494897428E-10	4.400	27.000
5/5/2022	12:56 AM	0.4098569800	43.200	17.998	20.000	0.0000010000	-0.0000243548	6.6488467426E-9	0.0000123634	8.8740730319E-10	4.400	27.000
5/5/2022	12:56 AM	0.4199148200	43.200	18.000	20.000	0.0000010000	-0.0000243686	6.2186006677E-9	0.0000123717	3.9154759474E-10	4.400	27.000
5/5/2022	12:57 AM	0.4299726600	43.200	18.000	20.000	0.0000010000	-0.0000243629	3.9995352337E-9	0.0000123533	1.2444647224E-9	4.400	27.000
5/5/2022	12:58 AM	0.4400305000	43.200	18.000	20.000	0.0000010000	-0.0000243607	4.0096171876E-9	0.0000123663	4.9154759474E-10	4.400	27.000
5/5/2022	12:58 AM	0.4500883400	43.200	18.001	20.000	0.0000010000	-0.0000243618	4.2783317374E-9	0.0000123501	1.3496831821E-9	4.400	27.100
5/5/2022	12:59 AM	0.4601461800	43.200	18.000	20.000	0.0000010000	-0.0000243667	2.9361474322E-9	0.0000123676	7.3971896142E-10	4.400	27.000
5/5/2022	1:00 AM	0.4702040200	43.200	18.001	19.999	0.0000010000	-0.0000243652	2.6129351204E-9	0.0000123667	1.1803670365E-9	4.400	27.100
5/5/2022	1:00 AM	0.4802618600	43.200	18.001	20.000	0.0000010000	-0.0000243707	6.9580230534E-9	0.0000123753	8.3006407546E-10	4.400	27.000
5/5/2022	1:01 AM	0.4903197000	43.200	17.999	20.000	0.0000010000	-0.0000243695	4.2599059521E-9	0.0000123802	4.7416573868E-10	4.400	27.100
