! User Name:	Aditya
! Sample Name:	MR(DCMode)_FGT CrPS4_20K_PF_N5T_RH_0.5T
! Sample ID:	FGT/CrPS4
! Date:	5/5/2022	Time:	3:59 PM
! Current Source:	Keithley 224 Current Source
! Voltmeter V1:	Keithley 182 Degital voltmeter
! Voltmeter V2:	Keithley 2182A  NanoVoltmeter
! V1 (volts):	Rxx  Device 1
! V2 (volts):	Rxy Device 1
! Max Field (Tesla):0.500000	! Data points (0_maxT:50.000000	! Average Number:5.000000	
! Comments:	FGT/CrPS4 device was made in glove using flaking and dry transfering of flakes. 
! 
! 
! 
! 
Data	Time	Magnetic Field (T)	Helium Level (%)	VTI Temperature (K)	Sample Temparture (K)	Current (A) 	Voltage-1(V)	Std. of V1	Voltage-2 (V)	Std. of V2	VTI  Heater Power (%)	Sample Heater Power (%)
5/5/2022	4:01 PM	-0.5003775400	52.000	52.780	54.994	0.0000010000	-0.0000250599	2.9487433311E-9	0.0000108838	9.6205775687E-10	6.700	27.800
5/5/2022	4:02 PM	-0.4903197000	54.300	18.076	20.012	0.0000010000	-0.0000250478	3.8264015525E-9	0.0000108811	3.2360679775E-10	8.400	29.800
5/5/2022	4:03 PM	-0.4802618600	55.400	18.062	20.005	0.0000010000	-0.0000250476	5.2349083428E-9	0.0000108838	7.3385391260E-10	8.000	29.500
5/5/2022	4:04 PM	-0.4702040200	54.600	18.058	20.004	0.0000010000	-0.0000250552	4.1316414672E-9	0.0000108767	2.5495097568E-10	7.800	29.400
5/5/2022	4:05 PM	-0.4601461800	54.000	18.053	20.004	0.0000010000	-0.0000250514	2.8093835094E-9	0.0000108594	3.5557883712E-9	7.600	29.300
5/5/2022	4:05 PM	-0.4500883400	53.700	18.055	20.004	0.0000010000	-0.0000250624	4.1993513722E-9	0.0000108947	4.6368092477E-10	7.500	29.100
5/5/2022	4:06 PM	-0.4400305000	55.000	18.047	20.004	0.0000010000	-0.0000250556	4.9399448164E-9	0.0000108962	1.5691103654E-9	7.300	29.000
5/5/2022	4:07 PM	-0.4299726600	54.600	18.043	20.003	0.0000010000	-0.0000250495	3.4338808432E-9	0.0000108939	8.1763500472E-10	7.200	29.000
5/5/2022	4:07 PM	-0.4199148200	54.600	18.035	20.002	0.0000010000	-0.0000250708	3.2886975369E-9	0.0000108879	5.4649857042E-10	7.100	28.900
5/5/2022	4:08 PM	-0.4098569800	54.600	18.035	20.002	0.0000010000	-0.0000250611	3.8900178288E-9	0.0000108337	4.7782092569E-9	7.000	28.800
5/5/2022	4:09 PM	-0.3997991400	54.600	18.028	20.001	0.0000010000	-0.0000250455	3.6059709854E-9	0.0000108822	9.6397017595E-10	6.900	28.800
5/5/2022	4:09 PM	-0.3897413000	54.600	18.031	20.002	0.0000010000	-0.0000250609	4.4532565744E-9	0.0000108896	8.0771519135E-10	6.800	28.700
5/5/2022	4:10 PM	-0.3796834600	54.600	18.029	20.002	0.0000010000	-0.0000250615	7.1945745262E-9	0.0000108867	4.4203384502E-10	6.700	28.700
5/5/2022	4:11 PM	-0.3696256200	54.600	18.021	20.001	0.0000010000	-0.0000250383	5.4950406441E-9	0.0000108778	7.7631558048E-10	6.600	28.600
5/5/2022	4:11 PM	-0.3595677800	54.600	18.016	20.001	0.0000010000	-0.0000250593	4.9721270423E-9	0.0000108750	6.6099096785E-10	6.600	28.600
5/5/2022	4:12 PM	-0.3495099400	54.600	18.015	20.001	0.0000010000	-0.0000250609	5.3475483520E-9	0.0000108894	1.1477512681E-9	6.500	28.600
5/5/2022	4:13 PM	-0.3394521000	54.600	18.015	20.001	0.0000010000	-0.0000250527	6.0530760010E-9	0.0000108880	1.1751372269E-9	6.500	28.500
5/5/2022	4:13 PM	-0.3293942600	54.600	18.014	20.001	0.0000010000	-0.0000250706	7.5702818594E-9	0.0000108832	1.2247448714E-10	6.400	28.500
5/5/2022	4:14 PM	-0.3205936500	54.600	18.017	20.001	0.0000010000	-0.0000250605	7.8879399725E-9	0.0000109006	1.2447058924E-9	6.400	28.500
5/5/2022	4:15 PM	-0.3105358100	54.600	18.013	20.000	0.0000010000	-0.0000250619	5.9504479786E-9	0.0000108397	4.0676484951E-9	6.300	28.400
5/5/2022	4:15 PM	-0.3004779700	54.600	18.012	20.001	0.0000010000	-0.0000250576	8.1877469125E-9	0.0000108927	7.0415229868E-10	6.300	28.400
5/5/2022	4:16 PM	-0.2904201300	54.600	18.012	20.001	0.0000010000	-0.0000250487	3.8135059545E-9	0.0000108881	8.9379718813E-10	6.300	28.400
5/5/2022	4:17 PM	-0.2803622900	54.600	18.011	20.001	0.0000010000	-0.0000250606	5.3085699419E-9	0.0000108871	4.4966147775E-10	6.200	28.400
5/5/2022	4:17 PM	-0.2703044500	54.600	18.006	20.000	0.0000010000	-0.0000250584	5.4987897493E-9	0.0000108722	1.2526593236E-9	6.200	28.400
5/5/2022	4:18 PM	-0.2602466100	54.600	18.008	20.000	0.0000010000	-0.0000250646	6.2750758903E-9	0.0000108952	8.8881944173E-10	6.200	28.400
5/5/2022	4:19 PM	-0.2501887700	54.600	18.007	20.001	0.0000010000	-0.0000250736	6.3674971152E-9	0.0000109021	9.7403707289E-10	6.200	28.300
5/5/2022	4:19 PM	-0.2401309300	54.600	18.009	20.001	0.0000010000	-0.0000131436	6.4980646718E-9	0.0000247866	2.2507453310E-9	6.100	28.300
5/5/2022	4:20 PM	-0.2300730900	54.600	18.009	20.001	0.0000010000	-0.0000131463	3.2895365386E-9	0.0000247963	1.6753828451E-9	6.100	28.300
5/5/2022	4:21 PM	-0.2200152500	54.600	18.010	20.001	0.0000010000	-0.0000131569	3.5623644838E-9	0.0000248199	2.9154759474E-10	6.100	28.300
5/5/2022	4:21 PM	-0.2099574100	54.600	18.007	20.000	0.0000010000	-0.0000131487	3.9649023486E-9	0.0000248034	1.1995074486E-9	6.100	28.300
5/5/2022	4:22 PM	-0.1998995700	54.600	18.006	20.000	0.0000010000	-0.0000131484	6.4662117583E-9	0.0000248037	1.3768602296E-9	6.000	28.300
5/5/2022	4:23 PM	-0.1898417300	54.600	18.006	20.000	0.0000010000	-0.0000131536	5.9108819261E-9	0.0000247784	4.3647047126E-9	6.000	28.200
5/5/2022	4:24 PM	-0.1797838900	54.600	18.005	20.000	0.0000010000	-0.0000131512	3.6536556547E-9	0.0000248194	1.3641201571E-9	6.000	28.200
5/5/2022	4:24 PM	-0.1697260500	54.600	18.004	20.000	0.0000010000	-0.0000131472	6.4589533983E-9	0.0000248018	1.6662878299E-9	6.000	28.200
5/5/2022	4:25 PM	-0.1596682100	54.600	18.003	20.000	0.0000010000	-0.0000131450	6.2255220336E-9	0.0000248071	1.3460250527E-9	6.000	28.200
5/5/2022	4:26 PM	-0.1496103700	54.600	18.006	20.000	0.0000010000	-0.0000131493	6.3903942521E-9	0.0000248148	1.3666374007E-9	6.000	28.200
5/5/2022	4:26 PM	-0.1395525300	54.600	18.002	20.000	0.0000010000	-0.0000131558	3.7474672323E-9	0.0000248210	3.2247448714E-10	6.000	28.200
5/5/2022	4:27 PM	-0.1294946900	54.600	18.004	20.000	0.0000010000	-0.0000131545	4.2233439628E-9	0.0000248134	1.5093031240E-9	5.900	28.200
5/5/2022	4:28 PM	-0.1194368500	54.600	18.002	20.000	0.0000010000	-0.0000131464	5.6110633845E-9	0.0000248157	7.5522851952E-10	5.900	28.200
5/5/2022	4:28 PM	-0.1093790100	54.600	18.002	20.000	0.0000010000	-0.0000131508	6.2708469946E-9	0.0000247905	3.0411325920E-9	5.900	28.200
5/5/2022	4:29 PM	-0.1005784000	54.600	18.002	20.000	0.0000010000	-0.0000131417	5.2000691605E-9	0.0000248146	1.1409532330E-9	5.900	28.200
5/5/2022	4:30 PM	-0.0905205600	54.600	18.002	20.000	0.0000010000	-0.0000131504	7.1517655996E-9	0.0000248068	1.2216013566E-9	5.900	28.200
5/5/2022	4:30 PM	-0.0804627200	54.600	18.001	20.000	0.0000010000	-0.0000131554	6.2811443373E-9	0.0000248304	1.0820365039E-9	5.900	28.200
5/5/2022	4:31 PM	-0.0704048800	54.600	18.001	20.000	0.0000010000	-0.0000131585	4.9946469992E-9	0.0000248222	6.4802701743E-10	5.900	28.200
5/5/2022	4:32 PM	-0.0603470400	54.600	18.001	20.000	0.0000010000	-0.0000131406	4.9166787521E-9	0.0000248135	9.2736184955E-10	5.900	28.200
5/5/2022	4:32 PM	-0.0502892000	54.600	18.002	20.000	0.0000010000	-0.0000131572	4.6279622747E-9	0.0000247938	1.8487327928E-9	5.900	28.200
5/5/2022	4:33 PM	-0.0402313600	54.600	18.001	20.000	0.0000010000	-0.0000131576	7.1610145872E-9	0.0000248203	2.2247448714E-10	5.900	28.200
5/5/2022	4:34 PM	-0.0301735200	54.600	18.001	20.000	0.0000010000	-0.0000131495	5.0766948788E-9	0.0000248139	1.2748608634E-9	5.900	28.100
5/5/2022	4:35 PM	-0.0201156800	54.600	18.002	20.000	0.0000010000	-0.0000131538	7.4662170848E-9	0.0000248123	8.2739529308E-10	5.900	28.200
5/5/2022	4:35 PM	-0.0100578400	54.600	18.000	20.000	0.0000010000	-0.0000131480	4.6691780054E-9	0.0000248304	3.7742546282E-10	5.900	28.200
5/5/2022	4:36 PM	0.0000000000	54.600	18.000	20.000	0.0000010000	-0.0000131490	6.9005464980E-9	0.0000248217	9.6397017595E-10	5.900	28.200
5/5/2022	4:37 PM	0.0100578400	54.600	18.000	20.000	0.0000010000	-0.0000131539	3.9331390532E-9	0.0000248064	2.1408573742E-9	5.900	28.200
5/5/2022	4:37 PM	0.0201156800	54.600	18.001	20.000	0.0000010000	-0.0000131475	4.4131614363E-9	0.0000248191	8.7763297987E-10	5.900	28.200
5/5/2022	4:38 PM	0.0301735200	54.600	18.000	20.000	0.0000010000	-0.0000131454	5.8031609517E-9	0.0000248098	2.0420551357E-9	5.900	28.100
5/5/2022	4:39 PM	0.0402313600	54.600	18.001	20.000	0.0000010000	-0.0000131531	7.1182583667E-9	0.0000247764	5.1274247881E-9	5.900	28.100
5/5/2022	4:40 PM	0.0502892000	54.600	18.000	20.000	0.0000010000	-0.0000131480	5.1531161150E-9	0.0000248245	7.4031242374E-10	5.900	28.100
5/5/2022	4:40 PM	0.0603470400	54.600	18.001	20.000	0.0000010000	-0.0000131554	6.1626102127E-9	0.0000248110	2.6811082238E-9	5.900	28.200
5/5/2022	4:41 PM	0.0704048800	54.600	18.000	20.000	0.0000010000	-0.0000131551	4.0303817469E-9	0.0000248402	4.6368092478E-10	5.900	28.100
5/5/2022	4:42 PM	0.0804627200	54.600	17.999	20.000	0.0000010000	-0.0000131440	4.4886334475E-9	0.0000248230	1.2236067977E-9	5.900	28.100
5/5/2022	4:42 PM	0.0905205600	54.600	18.002	20.000	0.0000010000	-0.0000131460	4.2061488223E-9	0.0000248336	6.8506723903E-10	5.800	28.100
5/5/2022	4:43 PM	0.1005784000	54.600	18.002	20.000	0.0000010000	-0.0000131544	4.6355385494E-9	0.0000248166	7.1489031929E-10	5.900	28.100
5/5/2022	4:44 PM	0.1093790100	54.600	18.000	20.000	0.0000010000	-0.0000131489	5.7357452030E-9	0.0000248330	7.0710678119E-10	5.800	28.100
5/5/2022	4:44 PM	0.1194368500	54.600	18.000	20.000	0.0000010000	-0.0000131467	6.3509500207E-9	0.0000248433	5.2247448714E-10	5.800	28.100
5/5/2022	4:45 PM	0.1294946900	54.600	17.999	20.000	0.0000010000	-0.0000131442	6.3504067010E-9	0.0000248391	2.2247448714E-10	5.800	28.100
5/5/2022	4:46 PM	0.1395525300	54.600	18.002	20.000	0.0000010000	-0.0000131441	6.4432146165E-9	0.0000248082	2.0661669118E-9	5.800	28.100
5/5/2022	4:47 PM	0.1496103700	54.600	18.000	20.000	0.0000010000	-0.0000131373	5.2410019612E-9	0.0000248220	1.2113055385E-9	5.800	28.100
5/5/2022	4:47 PM	0.1596682100	54.600	18.000	20.000	0.0000010000	-0.0000131508	6.6419414381E-9	0.0000248131	1.7591369029E-9	5.800	28.100
5/5/2022	4:48 PM	0.1697260500	54.600	17.999	20.000	0.0000010000	-0.0000131496	4.4233319065E-9	0.0000248292	2.8708286934E-10	5.800	28.100
5/5/2022	4:49 PM	0.1797838900	54.600	18.000	20.000	0.0000010000	-0.0000131671	5.4127688178E-9	0.0000248227	5.8309518948E-10	5.800	28.100
5/5/2022	4:49 PM	0.1898417300	54.600	18.000	20.000	0.0000010000	-0.0000131606	5.3831799254E-9	0.0000248199	2.5881243100E-9	5.800	28.100
5/5/2022	4:50 PM	0.1998995700	54.600	18.000	20.000	0.0000010000	-0.0000131502	6.4217163873E-9	0.0000247941	4.9414873748E-9	5.800	28.100
5/5/2022	4:51 PM	0.2099574100	54.600	18.001	20.000	0.0000010000	-0.0000131435	4.4660088334E-9	0.0000248079	1.3938179790E-9	5.800	28.100
5/5/2022	4:52 PM	0.2200152500	54.600	18.001	20.000	0.0000010000	-0.0000131499	5.7101377561E-9	0.0000248131	1.7445961649E-9	5.800	28.100
5/5/2022	4:52 PM	0.2300730900	54.600	17.999	20.000	0.0000010000	-0.0000131540	7.2123240516E-9	0.0000247816	4.6962620649E-9	5.800	28.100
5/5/2022	4:53 PM	0.2401309300	54.600	18.000	20.000	0.0000010000	-0.0000131519	6.2737646952E-9	0.0000248417	1.7441364810E-9	5.800	28.100
5/5/2022	4:54 PM	0.2501887700	54.600	17.998	20.000	0.0000010000	-0.0000131412	6.0025707657E-9	0.0000248245	7.1863190045E-10	5.800	28.100
5/5/2022	4:55 PM	0.2602466100	54.600	17.998	20.000	0.0000010000	-0.0000131479	6.3656962672E-9	0.0000248146	1.9899748742E-9	5.800	28.100
5/5/2022	4:55 PM	0.2703044500	54.600	17.999	20.000	0.0000010000	-0.0000131361	6.1999793545E-9	0.0000247641	6.4487966713E-9	5.800	28.100
5/5/2022	4:56 PM	0.2803622900	54.600	18.000	20.000	0.0000010000	-0.0000118741	4.1645283305E-9	0.0000260025	5.7716018834E-10	5.800	28.100
5/5/2022	4:57 PM	0.2904201300	54.600	18.001	20.000	0.0000010000	-0.0000118623	7.5768828620E-9	0.0000260110	1.4685702426E-9	5.800	28.100
5/5/2022	4:57 PM	0.3004779700	54.600	18.000	20.000	0.0000010000	-0.0000118772	3.2750371211E-9	0.0000259876	1.4280836332E-9	5.800	28.100
5/5/2022	4:58 PM	0.3105358100	54.600	18.000	20.000	0.0000010000	-0.0000118583	6.4400340884E-9	0.0000260013	5.8309518948E-10	5.800	28.100
5/5/2022	4:59 PM	0.3205936500	54.600	18.000	20.000	0.0000010000	-0.0000118670	4.3095767035E-9	0.0000260039	6.4510098534E-10	5.800	28.100
5/5/2022	4:59 PM	0.3293942600	54.600	18.000	20.000	0.0000010000	-0.0000118682	4.2670082318E-9	0.0000259796	2.0418735111E-9	5.800	28.100
5/5/2022	5:00 PM	0.3394521000	54.600	18.000	20.000	0.0000010000	-0.0000118684	6.4846000434E-9	0.0000260013	2.4972220948E-9	5.800	28.100
5/5/2022	5:01 PM	0.3495099400	54.600	18.000	20.000	0.0000010000	-0.0000118704	3.9800188334E-9	0.0000259977	1.7331255256E-9	5.800	28.100
5/5/2022	5:01 PM	0.3595677800	54.600	18.000	20.000	0.0000010000	-0.0000118639	4.9398688785E-9	0.0000259903	1.1543375949E-9	5.800	28.100
5/5/2022	5:02 PM	0.3696256200	54.600	18.000	20.000	0.0000010000	-0.0000118662	3.5480846538E-9	0.0000260093	5.5259075049E-10	5.800	28.100
5/5/2022	5:03 PM	0.3796834600	54.600	18.000	20.000	0.0000010000	-0.0000118626	6.4575972909E-9	0.0000259883	1.2405084759E-9	5.800	28.100
5/5/2022	5:03 PM	0.3897413000	54.600	18.000	20.000	0.0000010000	-0.0000118729	3.4672176872E-9	0.0000259948	1.1617692031E-9	5.800	28.100
5/5/2022	5:04 PM	0.3997991400	54.600	17.999	20.000	0.0000010000	-0.0000118684	6.1234370432E-9	0.0000259676	4.8090517798E-9	5.800	28.100
5/5/2022	5:05 PM	0.4098569800	54.600	18.000	20.000	0.0000010000	-0.0000118615	4.8547723847E-9	0.0000260117	3.0955735648E-10	5.800	28.100
5/5/2022	5:05 PM	0.4199148200	54.600	18.001	20.000	0.0000010000	-0.0000118795	5.2904349537E-9	0.0000260029	7.5355339059E-10	5.800	28.100
5/5/2022	5:06 PM	0.4299726600	52.300	18.001	20.000	0.0000010000	-0.0000118744	6.5297174496E-9	0.0000259869	1.4382820889E-9	5.800	28.100
5/5/2022	5:07 PM	0.4400305000	52.300	18.000	20.000	0.0000010000	-0.0000118792	6.1569997642E-9	0.0000259791	2.3466256146E-9	5.800	28.100
5/5/2022	5:08 PM	0.4500883400	52.300	17.998	20.000	0.0000010000	-0.0000118797	5.5343234180E-9	0.0000259577	4.8448970112E-9	5.800	28.100
5/5/2022	5:08 PM	0.4601461800	52.300	18.001	20.000	0.0000010000	-0.0000118743	5.1458376849E-9	0.0000259981	3.0955735648E-10	5.800	28.100
5/5/2022	5:09 PM	0.4702040200	52.300	18.001	20.000	0.0000010000	-0.0000118665	3.5081625915E-9	0.0000259956	6.5632839974E-10	5.800	28.100
5/5/2022	5:10 PM	0.4802618600	52.300	18.000	20.000	0.0000010000	-0.0000118699	6.5696229544E-9	0.0000259888	1.0147301372E-9	5.800	28.100
5/5/2022	5:10 PM	0.4903197000	52.300	18.000	20.000	0.0000010000	-0.0000118675	7.1457536740E-9	0.0000259852	1.5776208397E-9	5.800	28.100
5/5/2022	5:11 PM	0.5003775400	52.300	18.001	20.000	0.0000010000	-0.0000118716	5.4896866340E-9	0.0000259846	1.8970077422E-9	5.800	28.100
5/5/2022	5:12 PM	0.4903197000	52.300	17.999	20.000	0.0000010000	-0.0000118715	3.2097457517E-9	0.0000260016	1.0066157946E-9	5.800	28.100
5/5/2022	5:12 PM	0.4802618600	52.300	18.000	20.000	0.0000010000	-0.0000118597	7.3771332197E-9	0.0000260092	8.8350228320E-10	5.800	28.100
5/5/2022	5:13 PM	0.4702040200	52.300	17.999	20.000	0.0000010000	-0.0000118679	6.4939970775E-9	0.0000259946	1.6082332390E-9	5.800	28.100
5/5/2022	5:14 PM	0.4601461800	52.300	17.999	20.000	0.0000010000	-0.0000118641	4.9765112352E-9	0.0000259408	5.8375185972E-9	5.800	28.100
5/5/2022	5:14 PM	0.4500883400	52.300	18.001	20.000	0.0000010000	-0.0000118689	5.3153950835E-9	0.0000260117	3.8708286934E-10	5.800	28.100
5/5/2022	5:15 PM	0.4400305000	52.300	18.001	20.000	0.0000010000	-0.0000118727	4.2245194371E-9	0.0000260086	1.3918854664E-9	5.800	28.100
5/5/2022	5:16 PM	0.4299726600	52.300	18.000	20.000	0.0000010000	-0.0000118670	4.2104308510E-9	0.0000259847	2.1427075932E-9	5.800	28.100
5/5/2022	5:16 PM	0.4199148200	52.300	18.001	20.000	0.0000010000	-0.0000118650	5.6207809506E-9	0.0000259871	2.0197909547E-9	5.800	28.100
5/5/2022	5:17 PM	0.4098569800	52.300	18.001	20.000	0.0000010000	-0.0000118658	7.3662060582E-9	0.0000259955	8.3011626335E-10	5.800	28.100
5/5/2022	5:18 PM	0.3997991400	52.300	18.000	20.000	0.0000010000	-0.0000118651	3.2732122543E-9	0.0000259926	1.0002039759E-9	5.800	28.100
5/5/2022	5:18 PM	0.3897413000	52.300	18.000	20.000	0.0000010000	-0.0000118594	4.1715689306E-9	0.0000260015	7.0710678119E-10	5.800	28.100
5/5/2022	5:19 PM	0.3796834600	52.300	17.999	20.000	0.0000010000	-0.0000118665	4.8616739652E-9	0.0000260055	3.5355339059E-10	5.800	28.100
5/5/2022	5:20 PM	0.3696256200	52.300	18.000	20.000	0.0000010000	-0.0000118753	5.9357920585E-9	0.0000260193	9.1488424909E-10	5.800	28.100
5/5/2022	5:21 PM	0.3595677800	52.300	18.000	20.000	0.0000010000	-0.0000118627	5.1935503307E-9	0.0000259740	2.1343731430E-9	5.800	28.100
5/5/2022	5:21 PM	0.3495099400	52.300	18.000	20.000	0.0000010000	-0.0000118702	7.7278061978E-9	0.0000259755	3.9486889930E-9	5.800	28.100
5/5/2022	5:22 PM	0.3394521000	52.300	17.999	20.000	0.0000010000	-0.0000118500	5.8524767504E-9	0.0000260089	1.3767196437E-9	5.800	28.100
5/5/2022	5:23 PM	0.3293942600	52.300	17.999	20.000	0.0000010000	-0.0000118633	7.0033890135E-9	0.0000260137	1.3189357051E-9	5.800	28.100
5/5/2022	5:23 PM	0.3205936500	52.300	17.999	20.000	0.0000010000	-0.0000118674	5.9867392904E-9	0.0000260018	1.5984484079E-9	5.800	28.100
5/5/2022	5:24 PM	0.3105358100	52.300	17.999	20.000	0.0000010000	-0.0000118643	7.1473496208E-9	0.0000260006	1.5089753914E-9	5.800	28.100
5/5/2022	5:25 PM	0.3004779700	52.300	18.001	20.000	0.0000010000	-0.0000118675	4.2331857557E-9	0.0000260023	7.7416573868E-10	5.800	28.100
5/5/2022	5:25 PM	0.2904201300	52.300	18.001	20.000	0.0000010000	-0.0000118697	6.1055029633E-9	0.0000260093	2.8708286934E-10	5.800	28.100
5/5/2022	5:26 PM	0.2803622900	52.300	18.001	20.000	0.0000010000	-0.0000118738	5.0530747434E-9	0.0000260022	1.0025581909E-9	5.800	28.100
5/5/2022	5:27 PM	0.2703044500	52.300	18.001	20.000	0.0000010000	-0.0000118766	6.0727652484E-9	0.0000260077	6.0415229868E-10	5.800	28.100
5/5/2022	5:27 PM	0.2602466100	52.300	18.001	20.000	0.0000010000	-0.0000118662	5.1345448890E-9	0.0000259993	8.1723431537E-10	5.800	28.100
5/5/2022	5:28 PM	0.2501887700	52.300	17.999	20.000	0.0000010000	-0.0000118708	7.6061145867E-9	0.0000260118	7.2166385809E-10	5.800	28.100
5/5/2022	5:29 PM	0.2401309300	52.300	18.000	20.000	0.0000010000	-0.0000118693	7.2322795490E-9	0.0000260030	1.6730326075E-9	5.800	28.100
5/5/2022	5:29 PM	0.2300730900	52.300	18.000	20.000	0.0000010000	-0.0000118768	2.2053210135E-9	0.0000259948	1.9802560136E-9	5.800	28.100
5/5/2022	5:30 PM	0.2200152500	52.300	18.001	20.000	0.0000010000	-0.0000118584	4.9305766952E-9	0.0000259946	2.0867715122E-9	5.800	28.100
5/5/2022	5:31 PM	0.2099574100	52.300	18.000	20.000	0.0000010000	-0.0000118719	6.6594114568E-9	0.0000259669	3.7419223486E-9	5.800	28.100
5/5/2022	5:31 PM	0.1998995700	52.300	18.000	20.000	0.0000010000	-0.0000118760	3.5935093380E-9	0.0000260059	6.6368092477E-10	5.800	28.100
5/5/2022	5:32 PM	0.1898417300	52.300	18.001	20.000	0.0000010000	-0.0000118778	6.4566333737E-9	0.0000260178	6.3066409390E-10	5.800	28.100
5/5/2022	5:33 PM	0.1797838900	52.300	18.000	20.000	0.0000010000	-0.0000118715	5.8024400318E-9	0.0000259911	1.2514889173E-9	5.800	28.100
5/5/2022	5:34 PM	0.1697260500	52.300	18.001	20.000	0.0000010000	-0.0000118701	3.7315811375E-9	0.0000259952	1.4786711853E-9	5.800	28.100
5/5/2022	5:34 PM	0.1596682100	52.300	18.000	20.000	0.0000010000	-0.0000118832	7.1297339666E-9	0.0000260138	8.8693175582E-10	5.800	28.100
5/5/2022	5:35 PM	0.1496103700	52.300	18.001	20.000	0.0000010000	-0.0000118629	7.5518530155E-9	0.0000260085	1.0695268783E-9	5.800	28.100
5/5/2022	5:36 PM	0.1395525300	52.300	18.000	20.000	0.0000010000	-0.0000118514	4.9480185912E-9	0.0000260004	1.2908066317E-9	5.800	28.100
5/5/2022	5:36 PM	0.1294946900	52.300	17.998	20.000	0.0000010000	-0.0000118724	4.2241001082E-9	0.0000259716	3.7031234756E-9	5.800	28.100
5/5/2022	5:37 PM	0.1194368500	52.300	18.001	20.000	0.0000010000	-0.0000118836	4.3345528852E-9	0.0000260050	1.0635598309E-9	5.800	28.100
5/5/2022	5:38 PM	0.1093790100	52.300	18.001	20.000	0.0000010000	-0.0000118724	7.4493265359E-9	0.0000260055	8.4010949186E-10	5.800	28.100
5/5/2022	5:38 PM	0.1005784000	52.300	18.002	20.000	0.0000010000	-0.0000118691	6.1662566276E-9	0.0000259957	1.7146428199E-9	5.800	28.100
5/5/2022	5:39 PM	0.0905205600	52.300	18.000	20.000	0.0000010000	-0.0000118671	7.9400996897E-9	0.0000260042	1.0765348119E-9	5.800	28.100
5/5/2022	5:40 PM	0.0804627200	52.300	17.999	20.000	0.0000010000	-0.0000118795	6.1576113716E-9	0.0000260094	6.3851648071E-10	5.800	28.100
5/5/2022	5:40 PM	0.0704048800	52.300	18.000	20.000	0.0000010000	-0.0000118700	3.6784277381E-9	0.0000259800	2.5801260471E-9	5.800	28.100
5/5/2022	5:41 PM	0.0603470400	52.300	17.999	20.000	0.0000010000	-0.0000118707	5.2767185156E-9	0.0000260116	1.4351312866E-9	5.800	28.100
5/5/2022	5:42 PM	0.0502892000	52.300	18.000	20.000	0.0000010000	-0.0000118589	6.0958947730E-9	0.0000260065	1.7107141422E-9	5.800	28.100
5/5/2022	5:43 PM	0.0402313600	52.300	18.000	20.000	0.0000010000	-0.0000118622	4.3952936118E-9	0.0000259824	4.0974761870E-9	5.800	28.100
5/5/2022	5:43 PM	0.0301735200	52.300	18.000	20.000	0.0000010000	-0.0000118756	5.6578217989E-9	0.0000260005	1.5652475843E-9	5.800	28.100
5/5/2022	5:44 PM	0.0201156800	52.300	17.999	20.000	0.0000010000	-0.0000118690	3.1921285578E-9	0.0000260017	1.2022703843E-9	5.800	28.100
5/5/2022	5:45 PM	0.0100578400	52.300	17.999	20.000	0.0000010000	-0.0000118635	8.0930691993E-9	0.0000260142	1.0307695934E-9	5.800	28.100
5/5/2022	5:45 PM	-0.0000000000	52.300	18.000	20.000	0.0000010000	-0.0000118699	4.2248010363E-9	0.0000259945	2.4420076857E-9	5.800	28.100
5/5/2022	5:46 PM	-0.0100578400	52.300	18.000	20.000	0.0000010000	-0.0000118729	3.6150275962E-9	0.0000260338	8.7080596449E-10	5.800	28.100
5/5/2022	5:47 PM	-0.0201156800	52.300	18.000	20.000	0.0000010000	-0.0000118770	7.3571985098E-9	0.0000260058	1.3641201571E-9	5.800	28.100
5/5/2022	5:47 PM	-0.0301735200	52.300	18.000	20.000	0.0000010000	-0.0000118719	5.6291674294E-9	0.0000260046	1.0486354197E-9	5.800	28.100
5/5/2022	5:48 PM	-0.0402313600	52.300	17.999	20.000	0.0000010000	-0.0000118777	4.9659650373E-9	0.0000260135	1.0704286871E-9	5.800	28.100
5/5/2022	5:49 PM	-0.0502892000	52.300	18.000	20.001	0.0000010000	-0.0000118694	5.0863610859E-9	0.0000259903	1.7101066668E-9	5.800	28.100
5/5/2022	5:49 PM	-0.0603470400	52.300	18.001	20.000	0.0000010000	-0.0000118730	3.9266845047E-9	0.0000260002	2.0455076458E-9	5.800	28.100
5/5/2022	5:50 PM	-0.0704048800	52.300	18.000	20.000	0.0000010000	-0.0000118682	7.6695814021E-9	0.0000260008	2.0061904147E-9	5.800	28.100
5/5/2022	5:51 PM	-0.0804627200	52.300	18.000	20.000	0.0000010000	-0.0000118907	5.5358704624E-9	0.0000260106	1.0881110051E-9	5.800	28.100
5/5/2022	5:52 PM	-0.0905205600	52.300	17.999	20.000	0.0000010000	-0.0000118715	5.9256138229E-9	0.0000259716	5.1216767111E-9	5.800	28.100
5/5/2022	5:52 PM	-0.1005784000	52.300	18.000	20.000	0.0000010000	-0.0000118651	3.6657235919E-9	0.0000260099	6.8365122743E-10	5.800	28.100
5/5/2022	5:53 PM	-0.1093790100	52.300	17.999	20.000	0.0000010000	-0.0000118804	9.7327179351E-9	0.0000260033	1.2560528920E-9	5.800	28.100
5/5/2022	5:54 PM	-0.1194368500	52.300	17.999	20.000	0.0000010000	-0.0000118704	7.4468822602E-9	0.0000259723	4.7891456550E-9	5.800	28.100
5/5/2022	5:55 PM	-0.1294946900	52.300	17.999	20.000	0.0000010000	-0.0000118807	5.0282447193E-9	0.0000260152	5.9328478957E-10	5.800	28.100
5/5/2022	5:55 PM	-0.1395525300	52.300	18.001	20.000	0.0000010000	-0.0000118791	7.8222324948E-9	0.0000260222	2.8708286934E-10	5.800	28.100
5/5/2022	5:56 PM	-0.1496103700	52.300	17.999	20.000	0.0000010000	-0.0000118751	5.7151203168E-9	0.0000260098	5.6368092477E-10	5.800	28.100
5/5/2022	5:57 PM	-0.1596682100	52.300	18.000	20.000	0.0000010000	-0.0000118768	5.4961191633E-9	0.0000260144	4.9664022582E-10	5.800	28.100
5/5/2022	5:57 PM	-0.1697260500	52.300	17.999	20.000	0.0000010000	-0.0000118705	7.0919076748E-9	0.0000260165	3.5355339059E-10	5.800	28.100
5/5/2022	5:58 PM	-0.1797838900	52.300	18.001	20.000	0.0000010000	-0.0000118779	6.8250270964E-9	0.0000260073	4.7863046408E-10	5.800	28.100
5/5/2022	5:59 PM	-0.1898417300	52.300	18.002	20.000	0.0000010000	-0.0000118758	4.4837944797E-9	0.0000260086	1.3120122125E-9	5.800	28.100
5/5/2022	5:59 PM	-0.1998995700	52.300	17.999	20.000	0.0000010000	-0.0000118681	6.3372708824E-9	0.0000260300	6.6099096785E-10	5.800	28.100
5/5/2022	6:00 PM	-0.2099574100	52.300	18.001	20.000	0.0000010000	-0.0000118736	5.3693280151E-9	0.0000260137	1.2806248475E-9	5.800	28.100
5/5/2022	6:01 PM	-0.2200152500	52.300	18.001	20.000	0.0000010000	-0.0000118752	5.8183909501E-9	0.0000260110	1.3590270217E-9	5.800	28.100
5/5/2022	6:01 PM	-0.2300730900	52.300	18.001	20.000	0.0000010000	-0.0000118701	5.3581681083E-9	0.0000259470	5.4644681654E-9	5.800	28.100
5/5/2022	6:02 PM	-0.2401309300	52.300	18.001	20.000	0.0000010000	-0.0000131500	2.9552780178E-9	0.0000248189	1.4561525868E-9	5.800	28.100
5/5/2022	6:03 PM	-0.2501887700	52.300	18.000	20.000	0.0000010000	-0.0000131436	5.3927741868E-9	0.0000248168	3.9633576589E-10	5.800	28.100
5/5/2022	6:03 PM	-0.2602466100	52.300	17.999	20.000	0.0000010000	-0.0000131639	2.8596471182E-9	0.0000248333	1.1707877060E-9	5.800	28.100
5/5/2022	6:04 PM	-0.2703044500	52.300	18.000	20.000	0.0000010000	-0.0000131537	4.4012039004E-9	0.0000248202	2.0000000000E-10	5.800	28.100
5/5/2022	6:05 PM	-0.2803622900	52.300	18.000	20.000	0.0000010000	-0.0000131531	3.7504586897E-9	0.0000247973	1.0337686373E-9	5.800	28.100
5/5/2022	6:05 PM	-0.2904201300	52.300	18.000	20.000	0.0000010000	-0.0000131474	6.7249310523E-9	0.0000247953	2.0655254646E-9	5.800	28.100
5/5/2022	6:06 PM	-0.3004779700	47.100	18.000	20.000	0.0000010000	-0.0000131480	4.6297381288E-9	0.0000248164	1.5583203834E-9	5.800	28.100
5/5/2022	6:07 PM	-0.3105358100	47.100	18.000	20.000	0.0000010000	-0.0000131419	4.9768267354E-9	0.0000248268	5.5355339059E-10	5.800	28.100
5/5/2022	6:07 PM	-0.3205936500	47.100	18.000	20.000	0.0000010000	-0.0000131456	6.0647100770E-9	0.0000247789	2.7815408832E-9	5.800	28.100
5/5/2022	6:08 PM	-0.3293942600	47.100	17.999	20.000	0.0000010000	-0.0000131447	5.9191391033E-9	0.0000248007	1.4922400697E-9	5.800	28.100
5/5/2022	6:09 PM	-0.3394521000	47.100	18.001	20.000	0.0000010000	-0.0000131500	5.0042892166E-9	0.0000248071	1.7014775788E-9	5.800	28.100
5/5/2022	6:10 PM	-0.3495099400	47.100	18.001	20.000	0.0000010000	-0.0000131462	5.0340767095E-9	0.0000248013	8.4031242374E-10	5.800	28.100
5/5/2022	6:10 PM	-0.3595677800	47.100	18.001	20.000	0.0000010000	-0.0000131508	2.8131772460E-9	0.0000248035	1.8421251390E-9	5.800	28.100
5/5/2022	6:11 PM	-0.3696256200	47.100	18.000	20.000	0.0000010000	-0.0000131457	5.0971925367E-9	0.0000248105	1.1540368496E-9	5.800	28.100
5/5/2022	6:12 PM	-0.3796834600	47.100	18.000	20.000	0.0000010000	-0.0000131486	6.5769999545E-9	0.0000247963	2.4971508655E-9	5.800	28.100
5/5/2022	6:12 PM	-0.3897413000	47.100	18.000	20.000	0.0000010000	-0.0000131473	6.1055316567E-9	0.0000247966	1.9294055871E-9	5.800	28.100
5/5/2022	6:13 PM	-0.3997991400	47.100	18.000	20.000	0.0000010000	-0.0000131413	5.5379473750E-9	0.0000248110	6.9154759474E-10	5.800	28.100
5/5/2022	6:14 PM	-0.4098569800	47.100	18.001	20.000	0.0000010000	-0.0000131468	4.7592972839E-9	0.0000248066	1.0112939289E-9	5.800	28.100
5/5/2022	6:14 PM	-0.4199148200	47.100	18.000	20.000	0.0000010000	-0.0000131453	4.2030433623E-9	0.0000248073	5.6968808264E-10	5.800	28.100
5/5/2022	6:15 PM	-0.4299726600	47.100	18.000	20.000	0.0000010000	-0.0000131458	5.5666926647E-9	0.0000248171	4.1402208188E-10	5.800	28.100
5/5/2022	6:16 PM	-0.4400305000	47.100	18.000	20.000	0.0000010000	-0.0000131476	3.8130958847E-9	0.0000248107	8.2540150734E-10	5.800	28.100
5/5/2022	6:17 PM	-0.4500883400	47.100	18.000	20.000	0.0000010000	-0.0000131424	5.1805694654E-9	0.0000248014	9.4833147736E-10	5.800	28.100
5/5/2022	6:17 PM	-0.4601461800	47.100	18.001	20.000	0.0000010000	-0.0000131409	6.6532583456E-9	0.0000247589	4.9119567100E-9	5.800	28.100
5/5/2022	6:18 PM	-0.4702040200	47.100	18.002	20.000	0.0000010000	-0.0000131419	4.9804261162E-9	0.0000247944	2.1066002536E-9	5.800	28.100
5/5/2022	6:19 PM	-0.4802618600	47.100	17.999	20.000	0.0000010000	-0.0000131446	7.3304123368E-9	0.0000248060	1.1795545314E-9	5.800	28.100
5/5/2022	6:19 PM	-0.4903197000	47.100	18.000	20.000	0.0000010000	-0.0000131375	4.5727883864E-9	0.0000248352	1.1769054214E-9	5.800	28.100
