! User Name:	Aditya 
! Sample Name:	Device 2_PF 1T Training effect
! Sample ID:	FGT/CrPS4
! Date:	5/23/2022	Time:	3:21 PM
! Current Source:	Keithley 224 Current Source
! Voltmeter V1:	Keithley 182 Degital voltmeter
! Voltmeter V2:	Keithley 2182A  NanoVoltmeter
! V1 (volts):	Rxx Device 1
! V2 (volts):	Rxy Device 1
! Max Field (Tesla):0.000000	! Data points (0_maxT:75.000000	! Average Number:5.000000	
! Comments:	FGT/CrPS4 device was made in glove using flaking and dry transfering of flakes. 
! 
! 
! 
! 
Data	Time	Magnetic Field (T)	Helium Level (%)	VTI Temperature (K)	Sample Temparture (K)	Current (A) 	Voltage-1(V)	Std. of V1	Voltage-2 (V)	Std. of V2	VTI  Heater Power (%)	Sample Heater Power (%)
5/23/2022	3:23 PM	0.1005784000	52.000	52.780	54.994	0.0000010000	-0.0000121405	5.5065942573E-9	0.0000262173	9.4425345123E-10	6.700	27.800
5/23/2022	3:24 PM	0.0955494800	42.300	118.010	120.000	0.0000010000	-0.0000121546	7.8811471135E-9	0.0000262180	4.7863046408E-10	20.100	43.900
5/23/2022	3:25 PM	0.0905205600	42.300	118.010	120.000	0.0000010000	-0.0000121210	6.4131214130E-9	0.0000262255	3.2247448714E-10	20.000	43.800
5/23/2022	3:25 PM	0.0854916400	42.300	118.010	120.000	0.0000010000	-0.0000121257	6.7518771498E-9	0.0000262243	6.3851648071E-10	20.000	43.700
5/23/2022	3:26 PM	0.0804627200	42.300	118.010	120.000	0.0000010000	-0.0000121389	6.4837320728E-9	0.0000262235	3.2247448714E-10	20.000	43.600
5/23/2022	3:27 PM	0.0754338000	42.300	118.010	120.000	0.0000010000	-0.0000121277	5.8991178384E-9	0.0000262360	6.2911671436E-10	20.000	43.400
5/23/2022	3:27 PM	0.0704048800	42.300	118.000	120.000	0.0000010000	-0.0000121504	6.8573429657E-9	0.0000262197	5.5259075049E-10	20.000	43.400
5/23/2022	3:28 PM	0.0653759600	42.300	118.010	120.000	0.0000010000	-0.0000121418	8.4402036144E-9	0.0000262252	1.4519202405E-9	20.000	43.400
5/23/2022	3:29 PM	0.0603470400	42.300	118.010	120.000	0.0000010000	-0.0000121459	5.9816996291E-9	0.0000262145	4.6159098630E-10	20.000	43.400
5/23/2022	3:29 PM	0.0553181200	42.300	118.010	120.000	0.0000010000	-0.0000121450	3.6533025799E-9	0.0000261918	2.4420076857E-9	20.000	43.200
5/23/2022	3:30 PM	0.0502892000	42.300	118.010	120.000	0.0000010000	-0.0000121323	4.2637906240E-9	0.0000262239	7.7017805882E-10	19.900	43.200
5/23/2022	3:31 PM	0.0452602800	42.300	118.010	120.000	0.0000010000	-0.0000121487	6.0753295683E-9	0.0000261823	2.3108154104E-9	19.900	43.200
5/23/2022	3:31 PM	0.0402313600	42.300	118.010	120.000	0.0000010000	-0.0000121366	5.0986749043E-9	0.0000262150	1.0918007434E-9	19.900	43.100
5/23/2022	3:32 PM	0.0352024400	42.300	118.000	120.000	0.0000010000	-0.0000121490	6.6451111214E-9	0.0000262226	4.9154759474E-10	19.900	43.000
5/23/2022	3:32 PM	0.0301735200	42.300	118.000	120.000	0.0000010000	-0.0000121423	5.0601647332E-9	0.0000262038	8.0428200203E-10	19.900	43.000
5/23/2022	3:33 PM	0.0251446000	42.300	118.000	120.000	0.0000010000	-0.0000121445	4.5233442387E-9	0.0000262042	8.2540150734E-10	19.900	42.900
5/23/2022	3:34 PM	0.0201156800	42.300	118.000	120.000	0.0000010000	-0.0000121316	6.7265940652E-9	0.0000262095	8.3804616516E-10	19.900	42.800
5/23/2022	3:34 PM	0.0150867600	42.300	118.000	120.000	0.0000010000	-0.0000121442	4.2528213231E-9	0.0000261904	1.3113055385E-9	19.900	42.800
5/23/2022	3:35 PM	0.0100578400	42.300	118.000	120.000	0.0000010000	-0.0000121394	5.9835857517E-9	0.0000262285	8.6332495807E-10	19.900	42.800
5/23/2022	3:36 PM	0.0050289200	0.900	118.000	120.000	0.0000010000	-0.0000121176	6.8109305953E-9	0.0000262214	1.0232844665E-9	19.900	42.700
5/23/2022	3:36 PM	0.0000000000	42.300	118.000	120.000	0.0000010000	-0.0000121286	8.6924542868E-9	0.0000261916	1.0825982435E-9	19.900	42.600
5/23/2022	3:37 PM	-0.0050289200	43.400	118.000	120.000	0.0000010000	-0.0000121330	8.6568384655E-9	0.0000262178	1.2247448714E-10	19.900	42.600
5/23/2022	3:38 PM	-0.0100578400	43.400	118.010	120.000	0.0000010000	-0.0000121464	3.4359000492E-9	0.0000262080	8.0756655164E-10	19.900	42.600
5/23/2022	3:38 PM	-0.0150867600	43.400	118.010	120.000	0.0000010000	-0.0000121526	7.4652660453E-9	0.0000262199	1.1788289045E-9	19.900	42.500
5/23/2022	3:39 PM	-0.0201156800	43.400	118.010	120.000	0.0000010000	-0.0000121364	3.7575104260E-9	0.0000262170	5.8615541191E-10	19.800	42.600
5/23/2022	3:40 PM	-0.0251446000	43.400	118.000	120.000	0.0000010000	-0.0000121156	7.5992337349E-9	0.0000262248	4.7602787773E-10	19.800	42.500
5/23/2022	3:40 PM	-0.0301735200	43.400	118.000	120.000	0.0000010000	-0.0000121311	5.6458550451E-9	0.0000261749	4.3872770780E-9	19.800	42.400
5/23/2022	3:41 PM	-0.0352024400	43.400	118.000	120.000	0.0000010000	-0.0000121206	4.9843235414E-9	0.0000262204	6.4510098534E-10	19.800	42.500
5/23/2022	3:41 PM	-0.0402313600	43.400	118.000	120.000	0.0000010000	-0.0000121482	4.9446003405E-9	0.0000262268	7.2559935005E-10	19.800	42.400
5/23/2022	3:42 PM	-0.0452602800	43.400	118.000	120.000	0.0000010000	-0.0000121447	6.8885188306E-9	0.0000262237	4.0620192023E-10	19.800	42.400
5/23/2022	3:43 PM	-0.0502892000	43.400	118.000	120.000	0.0000010000	-0.0000121371	6.4227757253E-9	0.0000261651	4.6181965403E-9	19.800	42.400
5/23/2022	3:43 PM	-0.0553181200	43.400	118.000	120.000	0.0000010000	-0.0000131153	5.5195728010E-9	0.0000253362	4.2360679775E-10	19.800	42.300
5/23/2022	3:44 PM	-0.0603470400	43.400	118.000	120.000	0.0000010000	-0.0000131077	5.7881388502E-9	0.0000253297	7.2166385809E-10	19.800	42.300
5/23/2022	3:45 PM	-0.0653759600	43.400	118.000	120.000	0.0000010000	-0.0000131397	6.3569438007E-9	0.0000253321	4.6094414809E-10	19.800	42.300
5/23/2022	3:45 PM	-0.0704048800	43.400	118.000	120.000	0.0000010000	-0.0000131080	6.5185922557E-9	0.0000253243	1.7715260645E-9	19.800	42.200
5/23/2022	3:46 PM	-0.0754338000	43.400	118.000	120.000	0.0000010000	-0.0000131202	4.0911978546E-9	0.0000253400	9.5166481892E-10	19.800	42.300
5/23/2022	3:47 PM	-0.0804627200	43.400	118.000	120.000	0.0000010000	-0.0000131342	6.4178627892E-9	0.0000253378	5.0620192023E-10	19.800	42.300
5/23/2022	3:47 PM	-0.0854916400	43.400	118.000	120.000	0.0000010000	-0.0000131152	7.7887082812E-9	0.0000253381	9.1268221939E-10	19.800	42.200
5/23/2022	3:48 PM	-0.0905205600	43.400	118.000	120.000	0.0000010000	-0.0000131109	7.9311431860E-9	0.0000253311	4.5355339059E-10	19.800	42.200
5/23/2022	3:49 PM	-0.0955494800	43.400	118.000	120.000	0.0000010000	-0.0000131193	4.7974777287E-9	0.0000253268	5.5259075049E-10	19.800	42.200
5/23/2022	3:49 PM	-0.1005784000	43.400	118.000	120.000	0.0000010000	-0.0000131003	7.9794086977E-9	0.0000253078	1.5002878847E-9	19.800	42.200
5/23/2022	3:50 PM	-0.1005784000	43.400	118.000	120.000	0.0000010000	-0.0000131137	7.3782291103E-9	0.0000253300	3.9154759474E-10	19.800	42.100
5/23/2022	3:50 PM	-0.0955494800	43.400	118.000	120.000	0.0000010000	-0.0000131201	4.1156101596E-9	0.0000253398	9.0801965128E-10	19.800	42.100
5/23/2022	3:51 PM	-0.0905205600	43.400	118.000	120.000	0.0000010000	-0.0000131308	6.4762529879E-9	0.0000253251	7.8579944521E-10	19.800	42.100
5/23/2022	3:52 PM	-0.0854916400	43.400	118.000	120.000	0.0000010000	-0.0000131056	5.5956874448E-9	0.0000253380	7.2166385809E-10	19.800	42.100
5/23/2022	3:52 PM	-0.0804627200	43.400	118.000	120.000	0.0000010000	-0.0000131035	6.0378336297E-9	0.0000253214	4.1068966709E-10	19.800	42.100
5/23/2022	3:53 PM	-0.0754338000	43.400	118.000	120.000	0.0000010000	-0.0000131212	5.6885723691E-9	0.0000253098	2.0084522113E-9	19.800	42.000
5/23/2022	3:54 PM	-0.0704048800	43.400	118.000	120.000	0.0000010000	-0.0000131284	8.7847464248E-9	0.0000253130	1.0725962421E-9	19.800	42.000
5/23/2022	3:54 PM	-0.0653759600	43.400	118.000	120.000	0.0000010000	-0.0000131138	4.1453477972E-9	0.0000253293	1.0307695934E-9	19.800	42.000
5/23/2022	3:55 PM	-0.0603470400	43.400	118.000	120.000	0.0000010000	-0.0000131245	5.6964419407E-9	0.0000253487	1.2607961060E-9	19.800	42.000
5/23/2022	3:56 PM	-0.0553181200	43.400	118.000	120.000	0.0000010000	-0.0000130983	6.7415397870E-9	0.0000253388	5.6124860802E-10	19.800	42.100
5/23/2022	3:56 PM	-0.0502892000	43.400	118.000	120.000	0.0000010000	-0.0000131280	5.9505750925E-9	0.0000253436	4.9154759474E-10	19.800	42.000
5/23/2022	3:57 PM	-0.0452602800	43.400	118.010	120.000	0.0000010000	-0.0000131250	6.9768856832E-9	0.0000253047	2.6890820700E-9	19.800	42.000
5/23/2022	3:57 PM	-0.0402313600	43.400	118.000	120.000	0.0000010000	-0.0000131154	4.9535895516E-9	0.0000253382	1.0825982435E-9	19.800	42.000
5/23/2022	3:58 PM	-0.0352024400	43.400	118.000	120.000	0.0000010000	-0.0000131143	1.7796917703E-9	0.0000253342	1.0677078252E-9	19.800	42.000
5/23/2022	3:59 PM	-0.0301735200	43.400	118.000	120.000	0.0000010000	-0.0000131304	7.4609098717E-9	0.0000253321	7.0397754210E-10	19.800	41.900
5/23/2022	3:59 PM	-0.0251446000	43.400	118.000	120.000	0.0000010000	-0.0000131162	4.3312755317E-9	0.0000253365	5.7416573868E-10	19.800	41.900
5/23/2022	4:00 PM	-0.0201156800	43.400	118.000	120.000	0.0000010000	-0.0000131042	5.2411584171E-9	0.0000253458	7.6278691088E-10	19.800	41.900
5/23/2022	4:01 PM	-0.0150867600	43.400	118.000	120.000	0.0000010000	-0.0000131344	6.1493409386E-9	0.0000253218	8.1723431537E-10	19.800	42.000
5/23/2022	4:01 PM	-0.0100578400	43.400	118.000	120.000	0.0000010000	-0.0000131054	4.3080690641E-9	0.0000253466	1.0144781624E-9	19.800	41.900
5/23/2022	4:02 PM	-0.0050289200	43.400	118.000	120.000	0.0000010000	-0.0000131054	4.0282856514E-9	0.0000253368	1.2157629975E-9	19.800	41.900
5/23/2022	4:03 PM	0.0000000000	43.400	118.000	120.000	0.0000010000	-0.0000131367	6.4307702810E-9	0.0000253262	1.2838086404E-9	19.800	41.900
5/23/2022	4:03 PM	0.0050289200	43.400	118.000	120.000	0.0000010000	-0.0000131099	7.9527859168E-9	0.0000253263	1.7973439119E-9	19.800	41.800
5/23/2022	4:04 PM	0.0100578400	43.400	118.000	120.000	0.0000010000	-0.0000131157	6.7347775665E-9	0.0000253290	2.1208447402E-9	19.800	41.900
5/23/2022	4:05 PM	0.0150867600	43.400	118.000	120.000	0.0000010000	-0.0000130391	9.8827521612E-9	0.0000253525	5.3011626335E-10	19.800	41.900
5/23/2022	4:06 PM	0.0201156800	43.400	118.000	120.000	0.0000010000	-0.0000125145	3.3738714120E-9	0.0000258768	1.0091825995E-9	19.700	41.800
5/23/2022	4:06 PM	0.0251446000	43.400	118.000	120.000	0.0000010000	-0.0000123577	7.9487895763E-9	0.0000260596	7.7362538165E-10	19.700	41.900
5/23/2022	4:07 PM	0.0301735200	43.400	118.000	120.000	0.0000010000	-0.0000122800	6.0915108446E-9	0.0000261574	8.5893372442E-10	19.700	41.900
5/23/2022	4:07 PM	0.0352024400	43.400	118.000	120.000	0.0000010000	-0.0000121828	3.4399448197E-9	0.0000261919	5.6540887349E-10	19.700	41.800
5/23/2022	4:08 PM	0.0402313600	43.400	118.000	120.000	0.0000010000	-0.0000121789	2.3396830885E-9	0.0000261543	5.2226703944E-9	19.700	41.800
5/23/2022	4:09 PM	0.0452602800	43.400	118.000	120.000	0.0000010000	-0.0000121798	7.4991578783E-9	0.0000262158	1.2024029905E-9	19.700	41.900
5/23/2022	4:09 PM	0.0502892000	0.900	118.000	120.000	0.0000010000	-0.0000121718	6.9853731352E-9	0.0000261960	3.7704350618E-9	19.700	41.800
5/23/2022	4:10 PM	0.0553181200	43.400	118.000	120.000	0.0000010000	-0.0000121550	6.5528562066E-9	0.0000262352	6.6571333342E-10	19.700	41.800
5/23/2022	4:11 PM	0.0603470400	43.400	118.000	120.000	0.0000010000	-0.0000121670	3.6554924714E-9	0.0000261825	3.9481880382E-9	19.700	41.800
5/23/2022	4:11 PM	0.0653759600	43.400	118.000	120.000	0.0000010000	-0.0000121633	5.1258211831E-9	0.0000262402	5.0000000000E-10	19.700	41.900
5/23/2022	4:12 PM	0.0704048800	43.400	118.000	120.000	0.0000010000	-0.0000121426	5.4504105270E-9	0.0000262258	5.3851648071E-10	19.700	41.800
5/23/2022	4:13 PM	0.0754338000	43.400	118.000	120.000	0.0000010000	-0.0000121563	5.5000039106E-9	0.0000262119	1.9147602503E-9	19.700	41.800
5/23/2022	4:13 PM	0.0804627200	43.400	118.000	120.000	0.0000010000	-0.0000121421	4.7614170954E-9	0.0000262303	8.5391142906E-10	19.700	41.800
5/23/2022	4:14 PM	0.0854916400	43.400	118.000	120.000	0.0000010000	-0.0000121391	3.6646054530E-9	0.0000262305	1.0678332235E-9	19.700	41.800
5/23/2022	4:15 PM	0.0905205600	43.400	118.000	120.000	0.0000010000	-0.0000121398	4.9294257266E-9	0.0000262487	8.4031242374E-10	19.700	41.800
5/23/2022	4:15 PM	0.0955494800	43.400	118.000	120.000	0.0000010000	-0.0000121386	6.5163658726E-9	0.0000262564	9.9247166206E-10	19.700	41.700
5/23/2022	4:16 PM	0.1005784000	43.400	118.000	120.000	0.0000010000	-0.0000121317	7.5827575160E-9	0.0000262475	1.4273359224E-9	19.700	41.800
5/23/2022	4:17 PM	0.1005784000	43.400	118.000	120.000	0.0000010000	-0.0000121228	5.9061544252E-9	0.0000262488	1.9917516038E-9	19.700	41.800
5/23/2022	4:18 PM	0.0955494800	43.400	118.000	120.000	0.0000010000	-0.0000121382	5.9335660459E-9	0.0000262080	3.8845964394E-9	19.700	41.700
5/23/2022	4:18 PM	0.0905205600	43.400	118.000	120.000	0.0000010000	-0.0000121186	9.7811448418E-9	0.0000262570	5.8309518948E-10	19.700	41.700
5/23/2022	4:19 PM	0.0854916400	43.400	118.000	120.000	0.0000010000	-0.0000121429	5.2664690037E-9	0.0000262413	1.1924716621E-9	19.700	41.800
5/23/2022	4:20 PM	0.0804627200	43.400	118.000	120.000	0.0000010000	-0.0000121322	9.7559941060E-9	0.0000262357	2.6470961911E-9	19.700	41.700
5/23/2022	4:20 PM	0.0754338000	43.400	118.000	120.000	0.0000010000	-0.0000121466	5.7934727249E-9	0.0000262554	1.3347600084E-9	19.700	41.700
5/23/2022	4:21 PM	0.0704048800	43.400	118.000	120.000	0.0000010000	-0.0000121417	6.1382638522E-9	0.0000262390	5.0990195136E-10	19.700	41.800
5/23/2022	4:22 PM	0.0653759600	43.400	118.000	120.000	0.0000010000	-0.0000121233	6.7287868122E-9	0.0000262320	1.7496169101E-9	19.700	41.800
5/23/2022	4:22 PM	0.0603470400	43.400	118.000	120.000	0.0000010000	-0.0000121365	4.1727282736E-9	0.0000262551	5.8615541191E-10	19.700	41.800
5/23/2022	4:23 PM	0.0553181200	43.400	118.000	120.000	0.0000010000	-0.0000121318	4.7653174721E-9	0.0000262584	5.2867640737E-10	19.700	41.800
5/23/2022	4:24 PM	0.0502892000	43.400	118.000	120.000	0.0000010000	-0.0000121483	5.6585699002E-9	0.0000262422	8.3006407546E-10	19.700	41.700
5/23/2022	4:24 PM	0.0452602800	43.400	118.000	120.000	0.0000010000	-0.0000121397	7.2752461510E-9	0.0000262327	9.5012175500E-10	19.700	41.800
5/23/2022	4:25 PM	0.0402313600	43.400	118.000	120.000	0.0000010000	-0.0000121394	3.2966555356E-9	0.0000262604	2.9154759474E-10	19.700	41.800
5/23/2022	4:26 PM	0.0352024400	43.400	118.000	120.000	0.0000010000	-0.0000121236	5.9128304409E-9	0.0000262513	2.2247448714E-10	19.700	41.700
5/23/2022	4:26 PM	0.0301735200	43.400	118.000	120.000	0.0000010000	-0.0000121325	9.7790368727E-9	0.0000262287	1.8451863090E-9	19.700	41.700
5/23/2022	4:27 PM	0.0251446000	43.400	118.000	120.000	0.0000010000	-0.0000121213	6.5552296466E-9	0.0000262467	9.3005376189E-10	19.700	41.800
5/23/2022	4:27 PM	0.0201156800	43.400	118.000	120.000	0.0000010000	-0.0000121231	3.4517847954E-9	0.0000262127	2.8330545849E-9	19.700	41.700
5/23/2022	4:28 PM	0.0150867600	43.400	118.000	120.000	0.0000010000	-0.0000121434	6.6353835903E-9	0.0000262422	3.7416573868E-10	19.700	41.700
5/23/2022	4:29 PM	0.0100578400	43.400	118.000	120.000	0.0000010000	-0.0000121350	4.8591086456E-9	0.0000261916	4.3162161915E-9	19.700	41.700
5/23/2022	4:29 PM	0.0050289200	43.400	118.000	120.000	0.0000010000	-0.0000121347	7.4662436413E-9	0.0000262495	7.3851648071E-10	19.700	41.600
5/23/2022	4:30 PM	0.0000000000	43.400	118.000	120.000	0.0000010000	-0.0000121361	5.6849193057E-9	0.0000262221	8.6332495807E-10	19.700	41.700
5/23/2022	4:31 PM	-0.0050289200	43.400	118.000	120.000	0.0000010000	-0.0000121317	7.6942793534E-9	0.0000262343	7.6226618169E-10	19.700	41.700
5/23/2022	4:31 PM	-0.0100578400	43.400	118.000	120.000	0.0000010000	-0.0000126311	7.0676941968E-9	0.0000258851	1.8708286934E-10	19.700	41.700
5/23/2022	4:32 PM	-0.0150867600	43.400	118.000	120.000	0.0000010000	-0.0000128432	6.4402750855E-9	0.0000255721	9.8929710972E-10	19.700	41.700
5/23/2022	4:33 PM	-0.0201156800	43.400	118.000	120.000	0.0000010000	-0.0000129513	5.2639541578E-9	0.0000254474	1.7724171476E-9	19.700	41.700
5/23/2022	4:34 PM	-0.0251446000	43.400	118.000	120.000	0.0000010000	-0.0000130519	4.0887102113E-9	0.0000253370	3.7742546282E-10	19.700	41.600
5/23/2022	4:34 PM	-0.0301735200	43.400	118.000	120.000	0.0000010000	-0.0000130672	5.9021486301E-9	0.0000253108	8.5192024052E-10	19.700	41.700
5/23/2022	4:35 PM	-0.0352024400	43.400	118.000	120.000	0.0000010000	-0.0000130911	7.7617137962E-9	0.0000252957	5.6742346142E-10	19.700	41.600
5/23/2022	4:35 PM	-0.0402313600	43.400	118.000	120.000	0.0000010000	-0.0000130917	7.7447729264E-9	0.0000252904	1.0759023111E-9	19.700	41.600
5/23/2022	4:36 PM	-0.0452602800	43.400	118.000	120.000	0.0000010000	-0.0000130873	4.8457175540E-9	0.0000253090	5.8615541191E-10	19.700	41.600
5/23/2022	4:37 PM	-0.0502892000	44.900	118.000	120.000	0.0000010000	-0.0000131129	7.8567653651E-9	0.0000252651	2.7554964085E-9	19.700	41.700
5/23/2022	4:37 PM	-0.0553181200	44.900	118.000	120.000	0.0000010000	-0.0000130955	3.6590750107E-9	0.0000252942	9.0593994213E-10	19.700	41.700
5/23/2022	4:38 PM	-0.0603470400	44.900	118.000	120.000	0.0000010000	-0.0000130882	6.5977256942E-9	0.0000252759	2.3156457071E-9	19.700	41.600
5/23/2022	4:39 PM	-0.0653759600	44.900	118.000	120.000	0.0000010000	-0.0000131093	7.9832112789E-9	0.0000252918	4.9154759474E-10	19.700	41.700
5/23/2022	4:39 PM	-0.0704048800	44.900	118.000	120.000	0.0000010000	-0.0000131046	7.1670354336E-9	0.0000252831	6.0620192023E-10	19.700	41.700
5/23/2022	4:40 PM	-0.0754338000	44.900	118.000	120.000	0.0000010000	-0.0000131203	6.3018400769E-9	0.0000252936	6.6368092477E-10	19.700	41.600
5/23/2022	4:41 PM	-0.0804627200	44.900	118.000	120.000	0.0000010000	-0.0000131254	5.0714334782E-9	0.0000252899	4.9154759474E-10	19.700	41.600
5/23/2022	4:41 PM	-0.0854916400	44.900	118.000	120.000	0.0000010000	-0.0000131262	4.0079365841E-9	0.0000252910	1.1191948626E-9	19.700	41.700
5/23/2022	4:42 PM	-0.0905205600	44.900	118.000	120.000	0.0000010000	-0.0000131304	7.3875430279E-9	0.0000252882	1.1191948626E-9	19.700	41.600
5/23/2022	4:43 PM	-0.0955494800	44.900	118.000	120.000	0.0000010000	-0.0000131180	5.5558726649E-9	0.0000252837	1.8201189299E-9	19.700	41.700
5/23/2022	4:43 PM	-0.1005784000	44.900	118.000	120.000	0.0000010000	-0.0000131362	5.8799008585E-9	0.0000252763	5.5355339059E-10	19.700	41.600
5/23/2022	4:44 PM	-0.1005784000	44.900	118.000	120.000	0.0000010000	-0.0000131071	5.0277281762E-9	0.0000252934	9.9386581434E-10	19.700	41.600
5/23/2022	4:45 PM	-0.0955494800	44.900	118.000	120.000	0.0000010000	-0.0000131229	3.5260594196E-9	0.0000252321	5.1971566293E-9	19.700	41.700
5/23/2022	4:45 PM	-0.0905205600	44.900	118.000	120.000	0.0000010000	-0.0000131327	5.6326488056E-9	0.0000252726	7.5717058189E-10	19.700	41.700
5/23/2022	4:46 PM	-0.0854916400	44.900	118.000	120.000	0.0000010000	-0.0000131278	4.5281269848E-9	0.0000252744	8.3900310986E-10	19.700	41.700
5/23/2022	4:47 PM	-0.0804627200	44.900	118.000	120.000	0.0000010000	-0.0000131502	4.8835697778E-9	0.0000252721	3.2247448714E-10	19.700	41.600
5/23/2022	4:47 PM	-0.0754338000	44.900	118.000	120.000	0.0000010000	-0.0000131389	5.4061236357E-9	0.0000252189	5.0855824044E-9	19.700	41.600
5/23/2022	4:48 PM	-0.0704048800	44.900	118.000	120.000	0.0000010000	-0.0000131168	6.1821783432E-9	0.0000252813	6.8506723903E-10	19.600	41.600
5/23/2022	4:48 PM	-0.0653759600	44.900	118.010	120.000	0.0000010000	-0.0000131258	4.8645976101E-9	0.0000252800	1.0704262972E-9	19.600	41.600
5/23/2022	4:49 PM	-0.0603470400	44.900	118.000	120.000	0.0000010000	-0.0000131481	9.8317659752E-9	0.0000252756	1.5703661856E-9	19.600	41.600
5/23/2022	4:50 PM	-0.0553181200	44.900	118.000	120.000	0.0000010000	-0.0000131331	6.1537260329E-9	0.0000252533	3.9226938193E-9	19.600	41.500
5/23/2022	4:50 PM	-0.0502892000	44.900	118.000	120.000	0.0000010000	-0.0000131233	8.0857504688E-9	0.0000252715	6.7185085508E-10	19.600	41.600
5/23/2022	4:51 PM	-0.0452602800	44.900	118.000	120.000	0.0000010000	-0.0000131168	7.1055310643E-9	0.0000252738	1.6877220714E-9	19.600	41.600
5/23/2022	4:52 PM	-0.0402313600	44.900	118.000	120.000	0.0000010000	-0.0000131248	5.1548696735E-9	0.0000252892	6.0724247288E-10	19.600	41.700
5/23/2022	4:52 PM	-0.0352024400	44.900	118.000	120.000	0.0000010000	-0.0000131293	4.9289892895E-9	0.0000252457	2.5795598325E-9	19.600	41.700
5/23/2022	4:53 PM	-0.0301735200	44.900	118.000	120.000	0.0000010000	-0.0000131176	4.9694465862E-9	0.0000252799	1.4095815835E-9	19.600	41.700
5/23/2022	4:54 PM	-0.0251446000	44.900	118.000	120.000	0.0000010000	-0.0000131400	7.4401086704E-9	0.0000252745	1.3884098727E-9	19.600	41.600
5/23/2022	4:54 PM	-0.0201156800	44.900	118.000	120.000	0.0000010000	-0.0000131109	5.5271366001E-9	0.0000252810	4.7863046408E-10	19.600	41.600
5/23/2022	4:55 PM	-0.0150867600	44.900	118.000	120.000	0.0000010000	-0.0000131239	3.6892544886E-9	0.0000252787	1.2247448714E-10	19.600	41.600
5/23/2022	4:56 PM	-0.0100578400	44.900	118.000	120.000	0.0000010000	-0.0000131124	6.6670780957E-9	0.0000253126	1.7888234000E-9	19.600	41.600
5/23/2022	4:56 PM	-0.0050289200	44.900	118.000	120.000	0.0000010000	-0.0000131294	5.0327994647E-9	0.0000252924	8.7464278423E-10	19.600	41.500
5/23/2022	4:57 PM	0.0000000000	44.900	118.000	120.000	0.0000010000	-0.0000131124	7.1506461079E-9	0.0000252887	3.8708286934E-10	19.600	41.600
5/23/2022	4:58 PM	0.0050289200	44.900	118.000	120.000	0.0000010000	-0.0000131175	6.1345736005E-9	0.0000252930	7.1328223783E-10	19.600	41.600
5/23/2022	4:58 PM	0.0100578400	44.900	118.000	120.000	0.0000010000	-0.0000131056	5.3504862762E-9	0.0000253085	5.8476798574E-10	19.600	41.700
5/23/2022	4:59 PM	0.0150867600	44.900	118.000	120.000	0.0000010000	-0.0000129641	1.3104654185E-8	0.0000253397	4.7855777343E-10	19.600	41.700
5/23/2022	4:59 PM	0.0201156800	44.900	118.000	120.000	0.0000010000	-0.0000125031	5.9511208796E-9	0.0000257665	1.1300537619E-9	19.600	41.700
5/23/2022	5:00 PM	0.0251446000	44.900	118.000	120.000	0.0000010000	-0.0000123690	5.5671774935E-9	0.0000259497	5.3227962169E-10	19.600	41.600
5/23/2022	5:01 PM	0.0301735200	44.900	118.000	120.000	0.0000010000	-0.0000122738	8.6578658257E-9	0.0000260561	9.1032982688E-10	19.600	41.700
5/23/2022	5:01 PM	0.0352024400	44.900	118.000	120.000	0.0000010000	-0.0000122096	3.0813563594E-9	0.0000261220	3.5355339059E-10	19.600	41.600
5/23/2022	5:02 PM	0.0402313600	44.900	118.000	120.000	0.0000010000	-0.0000121888	7.4105003815E-9	0.0000261220	1.1278272554E-9	19.600	41.700
5/23/2022	5:03 PM	0.0452602800	44.900	118.000	120.000	0.0000010000	-0.0000121835	4.5605080905E-9	0.0000261468	8.2739529308E-10	19.600	41.600
5/23/2022	5:03 PM	0.0502892000	44.900	118.000	120.000	0.0000010000	-0.0000121672	4.5640391255E-9	0.0000261472	6.3851648071E-10	19.600	41.600
5/23/2022	5:04 PM	0.0553181200	44.900	118.000	120.000	0.0000010000	-0.0000121788	6.0817482347E-9	0.0000261097	5.0233236749E-9	19.600	41.600
5/23/2022	5:05 PM	0.0603470400	44.900	118.000	120.000	0.0000010000	-0.0000121687	7.2527190362E-9	0.0000261523	1.1788289045E-9	19.600	41.700
5/23/2022	5:05 PM	0.0653759600	44.900	118.000	120.000	0.0000010000	-0.0000121701	8.6397596749E-9	0.0000261204	2.8311577041E-9	19.600	41.600
5/23/2022	5:06 PM	0.0704048800	44.900	118.000	120.000	0.0000010000	-0.0000121663	6.4850500301E-9	0.0000261505	1.1813159295E-9	19.600	41.600
5/23/2022	5:06 PM	0.0754338000	44.900	118.000	120.000	0.0000010000	-0.0000121572	5.8703341492E-9	0.0000261499	5.6540887349E-10	19.600	41.700
5/23/2022	5:07 PM	0.0804627200	44.900	118.000	120.000	0.0000010000	-0.0000121582	5.0891787104E-9	0.0000261712	4.7602787773E-10	19.600	41.600
5/23/2022	5:08 PM	0.0854916400	44.900	118.000	120.000	0.0000010000	-0.0000121448	8.2930900763E-9	0.0000261555	7.2166385809E-10	19.600	41.600
5/23/2022	5:08 PM	0.0905205600	44.900	118.000	120.000	0.0000010000	-0.0000121259	8.4777829622E-9	0.0000261700	2.2360679775E-10	19.600	41.600
5/23/2022	5:09 PM	0.0955494800	44.900	118.000	120.000	0.0000010000	-0.0000121332	6.5003113327E-9	0.0000261633	1.7100193872E-9	19.600	41.600
5/23/2022	5:10 PM	0.1005784000	44.900	118.000	120.000	0.0000010000	-0.0000121391	5.3993448999E-9	0.0000261863	3.4608128489E-10	19.600	41.600
5/23/2022	5:10 PM	0.1005784000	44.900	118.000	120.000	0.0000010000	-0.0000121594	8.2217648599E-9	0.0000262021	1.2389511693E-9	19.600	41.700
5/23/2022	5:12 PM	0.0955494800	44.900	118.000	120.000	0.0000010000	-0.0000121573	6.6230097162E-9	0.0000261673	1.7507141400E-9	19.600	41.600
5/23/2022	5:12 PM	0.0905205600	44.900	118.000	120.000	0.0000010000	-0.0000121501	3.4247277231E-9	0.0000261775	6.6099096785E-10	19.600	41.600
5/23/2022	5:13 PM	0.0854916400	44.900	118.000	120.000	0.0000010000	-0.0000121354	6.8719341259E-9	0.0000261851	9.2247448714E-10	19.600	41.600
5/23/2022	5:14 PM	0.0804627200	44.900	118.000	120.000	0.0000010000	-0.0000121528	6.4502848561E-9	0.0000261839	1.1039933485E-9	19.600	41.600
5/23/2022	5:15 PM	0.0754338000	44.900	118.000	120.000	0.0000010000	-0.0000121145	1.0506056866E-8	0.0000261883	5.5259075049E-10	19.600	41.600
5/23/2022	5:15 PM	0.0704048800	44.900	118.000	120.000	0.0000010000	-0.0000121499	5.6489345906E-9	0.0000262019	3.7386127875E-10	19.600	41.600
5/23/2022	5:16 PM	0.0653759600	44.900	118.000	120.000	0.0000010000	-0.0000121256	9.1665821109E-9	0.0000261814	7.3911649916E-10	19.600	41.600
5/23/2022	5:17 PM	0.0603470400	44.900	118.000	120.000	0.0000010000	-0.0000121497	4.5431899054E-9	0.0000261680	9.6810783693E-10	19.600	41.600
5/23/2022	5:17 PM	0.0553181200	44.900	118.000	120.000	0.0000010000	-0.0000121435	4.0517384933E-9	0.0000261903	6.9774951497E-10	19.600	41.600
5/23/2022	5:18 PM	0.0502892000	44.900	118.000	120.000	0.0000010000	-0.0000121517	4.0867618541E-9	0.0000261796	1.1590001630E-9	19.600	41.600
5/23/2022	5:19 PM	0.0452602800	44.900	118.000	120.000	0.0000010000	-0.0000121416	5.4855166202E-9	0.0000261662	1.2913281926E-9	19.600	41.600
5/23/2022	5:19 PM	0.0402313600	44.900	118.000	120.000	0.0000010000	-0.0000121411	6.2726069024E-9	0.0000261690	1.1300537619E-9	19.600	41.500
5/23/2022	5:20 PM	0.0352024400	44.900	118.000	120.000	0.0000010000	-0.0000121476	4.9869637912E-9	0.0000261838	2.8058837015E-10	19.600	41.600
5/23/2022	5:21 PM	0.0301735200	44.900	118.000	120.000	0.0000010000	-0.0000121618	8.4840126113E-9	0.0000261891	8.6163530729E-10	19.600	41.600
5/23/2022	5:21 PM	0.0251446000	44.900	118.000	120.000	0.0000010000	-0.0000121514	3.7111949836E-9	0.0000261750	5.7008771255E-10	19.600	41.700
5/23/2022	5:22 PM	0.0201156800	44.900	118.000	120.000	0.0000010000	-0.0000121444	6.1516373519E-9	0.0000261919	5.0990195136E-10	19.600	41.600
5/23/2022	5:23 PM	0.0150867600	44.900	118.000	120.000	0.0000010000	-0.0000121453	7.7311394942E-9	0.0000261891	6.4510098534E-10	19.600	41.500
5/23/2022	5:23 PM	0.0100578400	44.900	118.000	120.000	0.0000010000	-0.0000121492	3.8257079578E-9	0.0000261683	1.1056026806E-9	19.600	41.600
5/23/2022	5:24 PM	0.0050289200	44.900	118.000	120.000	0.0000010000	-0.0000121453	6.9468684207E-9	0.0000261726	4.5355339059E-10	19.600	41.600
5/23/2022	5:25 PM	0.0000000000	44.900	118.000	120.000	0.0000010000	-0.0000121538	7.0475061394E-9	0.0000261531	1.0935733522E-9	19.500	41.500
5/23/2022	5:25 PM	-0.0050289200	44.900	118.000	120.000	0.0000010000	-0.0000121841	8.1805654189E-9	0.0000261549	5.4649857042E-10	19.500	41.600
5/23/2022	5:26 PM	-0.0100578400	44.900	118.000	120.000	0.0000010000	-0.0000126496	8.4761746681E-9	0.0000258453	7.5975531082E-10	19.600	41.600
5/23/2022	5:26 PM	-0.0150867600	44.900	118.000	120.000	0.0000010000	-0.0000128216	8.3701260916E-9	0.0000256178	3.0000000000E-10	19.600	41.600
5/23/2022	5:27 PM	-0.0201156800	44.900	118.000	120.000	0.0000010000	-0.0000129477	4.9966989149E-9	0.0000254610	5.2867640737E-10	19.500	41.600
5/23/2022	5:28 PM	-0.0251446000	44.900	118.000	120.000	0.0000010000	-0.0000130099	5.6820197647E-9	0.0000253304	3.7397939367E-9	19.500	41.600
5/23/2022	5:28 PM	-0.0301735200	44.900	118.000	120.000	0.0000010000	-0.0000130744	6.5836479654E-9	0.0000253458	4.7386127875E-10	19.500	41.600
5/23/2022	5:29 PM	-0.0352024400	44.900	118.000	120.000	0.0000010000	-0.0000131102	5.3377179070E-9	0.0000253316	2.4494897428E-10	19.500	41.600
5/23/2022	5:30 PM	-0.0402313600	44.900	118.000	120.000	0.0000010000	-0.0000130778	6.9217028500E-9	0.0000253348	1.3719760310E-9	19.500	41.700
5/23/2022	5:30 PM	-0.0452602800	44.900	118.000	120.000	0.0000010000	-0.0000130967	4.6517695217E-9	0.0000253146	7.4295816944E-10	19.500	41.600
5/23/2022	5:31 PM	-0.0502892000	44.900	118.000	120.000	0.0000010000	-0.0000130739	1.0918802987E-8	0.0000253494	1.2018130065E-9	19.500	41.500
5/23/2022	5:32 PM	-0.0553181200	44.900	118.000	120.000	0.0000010000	-0.0000131257	5.1960170347E-9	0.0000253169	9.7846243182E-10	19.500	41.600
5/23/2022	5:32 PM	-0.0603470400	44.900	118.000	120.000	0.0000010000	-0.0000130999	6.9700713331E-9	0.0000253226	1.0232844665E-9	19.500	41.600
5/23/2022	5:33 PM	-0.0653759600	44.900	118.000	120.000	0.0000010000	-0.0000131020	6.7613356241E-9	0.0000253289	6.5632839974E-10	19.500	41.500
5/23/2022	5:34 PM	-0.0704048800	44.900	118.000	120.000	0.0000010000	-0.0000131084	6.8772347552E-9	0.0000253182	4.9154759474E-10	19.500	41.600
5/23/2022	5:34 PM	-0.0754338000	44.900	118.000	120.000	0.0000010000	-0.0000130960	7.1016364613E-9	0.0000253072	8.3006407546E-10	19.500	41.600
5/23/2022	5:35 PM	-0.0804627200	44.900	118.000	120.000	0.0000010000	-0.0000131428	3.5624829348E-9	0.0000252603	4.6038872100E-9	19.500	41.600
5/23/2022	5:36 PM	-0.0854916400	44.900	118.000	120.000	0.0000010000	-0.0000131166	4.5840303619E-9	0.0000253085	7.4031242374E-10	19.500	41.500
5/23/2022	5:36 PM	-0.0905205600	44.900	118.000	120.000	0.0000010000	-0.0000131296	3.6618610938E-9	0.0000253062	7.6278691088E-10	19.500	41.600
5/23/2022	5:37 PM	-0.0955494800	38.700	118.000	120.000	0.0000010000	-0.0000131089	4.6429276372E-9	0.0000253079	6.4510098534E-10	19.500	41.600
5/23/2022	5:38 PM	-0.1005784000	38.700	118.000	120.000	0.0000010000	-0.0000131150	5.5014602481E-9	0.0000252978	1.0147301372E-9	19.500	41.600
5/23/2022	5:38 PM	-0.1005784000	38.700	118.000	120.000	0.0000010000	-0.0000131102	9.6046640259E-9	0.0000253070	1.0147301372E-9	19.500	41.600
5/23/2022	5:39 PM	-0.0955494800	38.700	118.000	120.000	0.0000010000	-0.0000131408	2.8109404818E-9	0.0000252848	1.3851772663E-9	19.500	41.500
5/23/2022	5:40 PM	-0.0905205600	38.700	118.000	120.000	0.0000010000	-0.0000131394	6.2648943699E-9	0.0000252979	2.4494897428E-10	19.500	41.500
5/23/2022	5:40 PM	-0.0854916400	38.700	118.000	120.000	0.0000010000	-0.0000131428	6.0516231786E-9	0.0000253080	9.8689269964E-10	19.500	41.600
5/23/2022	5:41 PM	-0.0804627200	38.700	118.000	120.000	0.0000010000	-0.0000131283	7.4468935458E-9	0.0000253045	3.2247448714E-10	19.500	41.600
5/23/2022	5:42 PM	-0.0754338000	38.700	118.000	120.000	0.0000010000	-0.0000131257	5.1361923042E-9	0.0000252912	4.6368092477E-10	19.500	41.500
5/23/2022	5:42 PM	-0.0704048800	38.700	118.000	120.000	0.0000010000	-0.0000131027	8.8598472231E-9	0.0000252859	1.4108843598E-9	19.500	41.600
5/23/2022	5:43 PM	-0.0653759600	38.700	118.000	120.000	0.0000010000	-0.0000131326	5.7783233856E-9	0.0000253007	4.1402208188E-10	19.500	41.500
5/23/2022	5:44 PM	-0.0603470400	38.700	118.000	120.000	0.0000010000	-0.0000131278	8.4726901028E-9	0.0000252704	3.1661766913E-9	19.500	41.500
5/23/2022	5:44 PM	-0.0553181200	38.700	118.000	120.000	0.0000010000	-0.0000131312	4.8069384331E-9	0.0000253060	2.8708286934E-10	19.500	41.600
5/23/2022	5:45 PM	-0.0502892000	38.700	118.000	120.000	0.0000010000	-0.0000131398	6.7632055288E-9	0.0000252408	5.0799564798E-9	19.500	41.600
5/23/2022	5:46 PM	-0.0452602800	38.700	118.000	120.000	0.0000010000	-0.0000131067	8.3768965315E-9	0.0000253168	8.2739529308E-10	19.500	41.500
5/23/2022	5:46 PM	-0.0402313600	38.700	118.000	120.000	0.0000010000	-0.0000131032	8.2290576889E-9	0.0000253157	6.9154759474E-10	19.500	41.600
5/23/2022	5:47 PM	-0.0352024400	38.700	118.000	120.000	0.0000010000	-0.0000131324	3.9726006903E-9	0.0000253065	0.0000000000E+0	19.500	41.600
5/23/2022	5:48 PM	-0.0301735200	38.700	118.000	120.000	0.0000010000	-0.0000131011	6.4261541073E-9	0.0000253242	1.3639430989E-9	19.500	41.500
5/23/2022	5:48 PM	-0.0251446000	38.700	118.000	120.000	0.0000010000	-0.0000131190	6.0974643778E-9	0.0000252920	8.2789503962E-10	19.500	41.600
5/23/2022	5:49 PM	-0.0201156800	38.700	118.000	120.000	0.0000010000	-0.0000131315	5.2710684663E-9	0.0000252894	1.7496169101E-9	19.500	41.600
5/23/2022	5:50 PM	-0.0150867600	38.700	118.000	120.000	0.0000010000	-0.0000131393	1.0227853309E-8	0.0000252942	8.7574888773E-10	19.500	41.600
5/23/2022	5:50 PM	-0.0100578400	38.700	118.000	120.000	0.0000010000	-0.0000131195	5.8811943358E-9	0.0000253058	6.6571333342E-10	19.500	41.600
5/23/2022	5:51 PM	-0.0050289200	38.700	118.000	120.000	0.0000010000	-0.0000130998	5.5460956198E-9	0.0000253098	3.6742346142E-10	19.500	41.600
5/23/2022	5:51 PM	0.0000000000	38.700	118.000	120.000	0.0000010000	-0.0000131392	8.1459696156E-9	0.0000252913	1.7911534525E-9	19.500	41.600
5/23/2022	5:52 PM	0.0050289200	38.700	118.000	120.000	0.0000010000	-0.0000131292	7.3785019122E-9	0.0000252577	4.3433857761E-9	19.500	41.600
5/23/2022	5:53 PM	0.0100578400	38.700	118.000	120.000	0.0000010000	-0.0000131041	4.4718444371E-9	0.0000253420	9.1268221939E-10	19.500	41.500
5/23/2022	5:53 PM	0.0150867600	38.700	118.000	120.000	0.0000010000	-0.0000129147	4.7176531474E-9	0.0000253969	4.5918405896E-9	19.500	41.500
5/23/2022	5:54 PM	0.0201156800	38.700	118.000	120.000	0.0000010000	-0.0000125309	8.0927536509E-9	0.0000258351	1.4095815835E-9	19.500	41.600
5/23/2022	5:55 PM	0.0251446000	38.700	118.000	120.000	0.0000010000	-0.0000123718	6.2568333172E-9	0.0000259840	1.4788002796E-9	19.500	41.500
5/23/2022	5:55 PM	0.0301735200	38.700	118.000	120.000	0.0000010000	-0.0000122860	5.2901492553E-9	0.0000260889	2.9154759474E-10	19.500	41.600
5/23/2022	5:56 PM	0.0352024400	38.700	118.000	120.000	0.0000010000	-0.0000122411	6.3934961071E-9	0.0000260997	2.3508621425E-9	19.500	41.600
5/23/2022	5:57 PM	0.0402313600	38.700	118.000	120.000	0.0000010000	-0.0000122210	5.2480836936E-9	0.0000261249	9.3671144832E-10	19.500	41.500
5/23/2022	5:57 PM	0.0452602800	38.700	118.000	120.000	0.0000010000	-0.0000121811	6.4136919164E-9	0.0000261572	1.3719760310E-9	19.500	41.600
5/23/2022	5:58 PM	0.0502892000	38.700	118.000	120.000	0.0000010000	-0.0000121769	4.7797970115E-9	0.0000261527	3.7416573868E-10	19.500	41.600
5/23/2022	5:59 PM	0.0553181200	38.700	118.000	120.000	0.0000010000	-0.0000121859	9.2800615188E-9	0.0000261489	1.0948253313E-9	19.500	41.500
5/23/2022	5:59 PM	0.0603470400	38.700	118.000	120.000	0.0000010000	-0.0000121842	5.3034838028E-9	0.0000261786	9.2736184955E-10	19.500	41.500
5/23/2022	6:00 PM	0.0653759600	38.700	118.000	120.000	0.0000010000	-0.0000121777	5.8365262877E-9	0.0000261747	1.6086722355E-9	19.500	41.500
5/23/2022	6:01 PM	0.0704048800	38.700	118.000	120.000	0.0000010000	-0.0000121715	6.6133674056E-9	0.0000261640	7.1863190045E-10	19.500	41.700
5/23/2022	6:01 PM	0.0754338000	38.700	118.000	120.000	0.0000010000	-0.0000121725	5.4809637573E-9	0.0000261714	2.4494897428E-10	19.500	41.600
5/23/2022	6:02 PM	0.0804627200	38.700	118.000	120.000	0.0000010000	-0.0000121565	5.2986080321E-9	0.0000261795	1.0021974055E-9	19.500	41.600
5/23/2022	6:02 PM	0.0854916400	38.700	118.000	120.000	0.0000010000	-0.0000121450	7.5467315266E-9	0.0000261550	1.4719146312E-9	19.500	41.500
5/23/2022	6:03 PM	0.0905205600	38.700	118.000	120.000	0.0000010000	-0.0000121467	6.1259510090E-9	0.0000261856	6.5372306110E-10	19.500	41.600
5/23/2022	6:04 PM	0.0955494800	38.700	118.000	120.000	0.0000010000	-0.0000121476	6.2402468503E-9	0.0000261836	4.4203384502E-10	19.500	41.500
5/23/2022	6:04 PM	0.1005784000	38.700	118.000	120.000	0.0000010000	-0.0000121653	7.6065381160E-9	0.0000261589	2.3962859493E-9	19.500	41.600
