! User Name:	Aditya 
! Sample Name:	FGT_CPS_Device 2_FCf290K_P8T
! Sample ID:	FGT/CrPS4
! Date:	5/25/2022	Time:	4:53 PM
! Current Source:	Keithley 224 Current Source
! Voltmeter V1:	Keithley 182 Degital voltmeter
! Voltmeter V2:	Keithley 2182A  NanoVoltmeter
! V1 (volts):	Rxx Device 1
! V2 (volts):	Rxy Device 1
! Max Field (Tesla):0.000000	! Data points (0_maxT:75.000000	! Average Number:5.000000	
! Comments:	FGT/CrPS4 device was made in glove using flaking and dry transfering of flakes. 
! 
! 
! 
! 
Data	Time	Magnetic Field (T)	Helium Level (%)	VTI Temperature (K)	Sample Temparture (K)	Current (A) 	Voltage-1(V)	Std. of V1	Voltage-2 (V)	Std. of V2	VTI  Heater Power (%)	Sample Heater Power (%)
5/25/2022	5:48 PM	0.1005784000	42.000	98.000	99.999	0.0000010000	-0.0000123341	6.3197175998E-9	0.0000230628	2.6872839226E-9	14.100	38.800
5/25/2022	5:49 PM	0.0955494800	42.000	98.000	99.999	0.0000010000	-0.0000123310	5.0188868168E-9	0.0000230935	7.2166385809E-10	14.100	38.800
5/25/2022	5:50 PM	0.0905205600	42.000	98.000	100.000	0.0000010000	-0.0000123086	4.1229203568E-9	0.0000230622	2.9303731359E-9	14.100	38.800
5/25/2022	5:51 PM	0.0854916400	42.000	98.000	100.000	0.0000010000	-0.0000123232	4.5838950487E-9	0.0000230833	4.1402208188E-10	14.100	38.700
5/25/2022	5:51 PM	0.0804627200	42.000	98.010	100.000	0.0000010000	-0.0000123002	3.4893665698E-9	0.0000230695	1.3639430989E-9	14.000	38.800
5/25/2022	5:52 PM	0.0754338000	42.000	98.010	100.000	0.0000010000	-0.0000123310	3.8075437608E-9	0.0000230270	4.4658602632E-9	14.000	38.800
5/25/2022	5:53 PM	0.0704048800	42.000	98.010	100.000	0.0000010000	-0.0000123437	4.6671886882E-9	0.0000230698	1.3601003170E-9	14.000	38.800
5/25/2022	5:53 PM	0.0653759600	42.000	98.000	99.999	0.0000010000	-0.0000123224	2.6589267129E-9	0.0000230469	3.9127801469E-9	14.000	38.800
5/25/2022	5:54 PM	0.0603470400	42.000	98.000	100.000	0.0000010000	-0.0000123272	5.8597167703E-9	0.0000230762	3.9154759474E-10	14.000	38.700
5/25/2022	5:55 PM	0.0553181200	42.000	98.010	100.000	0.0000010000	-0.0000123300	5.1260544584E-9	0.0000230212	4.9156988716E-9	14.000	38.700
5/25/2022	5:55 PM	0.0502892000	42.000	98.000	99.999	0.0000010000	-0.0000123448	6.1123660167E-9	0.0000230701	8.5732140997E-10	14.000	38.800
5/25/2022	5:56 PM	0.0452602800	42.000	98.000	99.999	0.0000010000	-0.0000123319	3.9052248894E-9	0.0000230575	2.0056651157E-9	14.000	38.800
5/25/2022	5:56 PM	0.0402313600	42.000	98.000	100.000	0.0000010000	-0.0000123469	5.7910120177E-9	0.0000230617	5.3011626335E-10	14.000	38.800
5/25/2022	5:57 PM	0.0352024400	42.000	98.000	99.999	0.0000010000	-0.0000123356	6.4941600543E-9	0.0000230567	1.2824608449E-9	14.000	38.800
5/25/2022	5:58 PM	0.0301735200	42.000	98.000	99.999	0.0000010000	-0.0000123517	6.8333408433E-9	0.0000230527	1.0764136886E-9	14.000	38.800
5/25/2022	5:58 PM	0.0251446000	42.000	98.010	99.999	0.0000010000	-0.0000123390	1.0100121631E-8	0.0000230443	1.2409673646E-9	14.000	38.800
5/25/2022	5:59 PM	0.0201156800	42.000	98.000	100.000	0.0000010000	-0.0000123439	5.0815557406E-9	0.0000230712	7.6278691088E-10	14.000	38.800
5/25/2022	6:00 PM	0.0150867600	42.000	98.010	100.000	0.0000010000	-0.0000123480	5.3137176206E-9	0.0000230625	1.1191948626E-9	14.000	38.700
5/25/2022	6:00 PM	0.0100578400	42.000	98.000	100.000	0.0000010000	-0.0000123703	4.3447779545E-9	0.0000230547	3.5811388301E-10	14.000	38.800
5/25/2022	6:01 PM	0.0050289200	42.000	98.000	100.000	0.0000010000	-0.0000123651	6.2196679955E-9	0.0000230538	8.1723431537E-10	14.000	38.800
5/25/2022	6:02 PM	0.0000000000	42.000	98.000	100.000	0.0000010000	-0.0000124071	4.6658095488E-9	0.0000230294	3.2360679775E-10	14.000	38.700
5/25/2022	6:02 PM	-0.0050289200	42.000	98.000	100.000	0.0000010000	-0.0000124099	6.1598078889E-9	0.0000230053	9.1203127704E-10	13.900	38.800
5/25/2022	6:03 PM	-0.0100578400	42.000	98.000	100.000	0.0000010000	-0.0000124464	4.1163037399E-9	0.0000229591	1.0894284674E-9	13.900	38.800
5/25/2022	6:03 PM	-0.0150867600	42.000	98.010	99.999	0.0000010000	-0.0000126702	6.9800622974E-9	0.0000228733	1.1803670365E-9	13.900	38.800
5/25/2022	6:04 PM	-0.0201156800	42.000	98.010	100.000	0.0000010000	-0.0000129570	1.2547576279E-8	0.0000225388	2.0000000000E-10	13.900	38.800
5/25/2022	6:05 PM	-0.0251446000	42.000	98.000	99.999	0.0000010000	-0.0000131239	5.5703820099E-9	0.0000222894	5.0620192023E-10	13.900	38.800
5/25/2022	6:05 PM	-0.0301735200	42.000	98.000	99.999	0.0000010000	-0.0000132563	4.5967852096E-9	0.0000221493	1.1052516680E-9	13.900	38.700
5/25/2022	6:06 PM	-0.0352024400	42.000	98.000	100.000	0.0000010000	-0.0000132743	6.5580880616E-9	0.0000221167	6.1719913269E-10	13.900	38.800
5/25/2022	6:07 PM	-0.0402313600	42.000	98.000	100.000	0.0000010000	-0.0000133305	6.1898232922E-9	0.0000220895	5.3911649916E-10	13.900	38.700
5/25/2022	6:07 PM	-0.0452602800	42.000	98.000	100.000	0.0000010000	-0.0000133138	6.1944016107E-9	0.0000220777	8.1723431537E-10	13.900	38.700
5/25/2022	6:08 PM	-0.0502892000	42.000	98.000	100.000	0.0000010000	-0.0000133502	7.5307841724E-9	0.0000220400	2.2563145001E-9	13.900	38.800
5/25/2022	6:09 PM	-0.0553181200	42.000	98.000	100.000	0.0000010000	-0.0000133585	4.7016790285E-9	0.0000220484	3.0000000000E-10	13.900	38.700
5/25/2022	6:09 PM	-0.0603470400	42.000	98.000	100.000	0.0000010000	-0.0000133513	5.8083081392E-9	0.0000220445	3.9154759474E-10	13.900	38.700
5/25/2022	6:10 PM	-0.0653759600	42.000	98.000	100.000	0.0000010000	-0.0000133656	5.0449599469E-9	0.0000220413	1.3592554199E-9	13.900	38.800
5/25/2022	6:11 PM	-0.0704048800	42.000	98.000	100.000	0.0000010000	-0.0000133630	6.1743478099E-9	0.0000220523	7.2166385809E-10	13.900	38.700
5/25/2022	6:11 PM	-0.0754338000	42.000	98.000	100.000	0.0000010000	-0.0000133617	5.1795439074E-9	0.0000220374	8.9418965053E-10	13.900	38.800
5/25/2022	6:12 PM	-0.0804627200	42.000	98.000	99.998	0.0000010000	-0.0000133839	8.6790845445E-9	0.0000220279	7.2559935005E-10	13.900	38.800
5/25/2022	6:12 PM	-0.0854916400	42.000	98.010	100.000	0.0000010000	-0.0000133999	6.6416038508E-9	0.0000220145	1.1795545314E-9	13.800	38.800
5/25/2022	6:13 PM	-0.0905205600	42.000	98.000	100.000	0.0000010000	-0.0000133798	8.8881606884E-9	0.0000220404	3.0000000000E-10	13.800	38.700
5/25/2022	6:14 PM	-0.0955494800	42.000	98.000	100.000	0.0000010000	-0.0000133951	6.2867191157E-9	0.0000220449	9.2001421191E-10	13.900	38.800
5/25/2022	6:14 PM	-0.1005784000	42.000	98.000	100.000	0.0000010000	-0.0000133623	5.0581010807E-9	0.0000220456	8.4409048005E-10	13.800	38.800
5/25/2022	6:15 PM	-0.1005784000	42.000	98.000	100.000	0.0000010000	-0.0000133783	3.1295036957E-9	0.0000220415	3.2247448714E-10	13.900	38.700
5/25/2022	6:16 PM	-0.0955494800	42.000	98.000	99.998	0.0000010000	-0.0000133903	2.8363071964E-9	0.0000220232	7.2929262470E-10	13.800	38.700
5/25/2022	6:16 PM	-0.0905205600	42.900	98.000	100.000	0.0000010000	-0.0000133894	4.6169184307E-9	0.0000220394	5.4063625993E-10	13.800	38.700
5/25/2022	6:17 PM	-0.0854916400	42.900	98.000	100.000	0.0000010000	-0.0000133899	2.9696426206E-9	0.0000220368	6.3851648071E-10	13.800	38.800
5/25/2022	6:18 PM	-0.0804627200	42.900	98.000	100.000	0.0000010000	-0.0000133979	6.8703593192E-9	0.0000220136	1.3465885831E-9	13.800	38.700
5/25/2022	6:18 PM	-0.0754338000	42.900	98.000	100.000	0.0000010000	-0.0000133871	3.8895664579E-9	0.0000220324	6.2911671436E-10	13.800	38.800
5/25/2022	6:19 PM	-0.0704048800	42.900	98.000	99.999	0.0000010000	-0.0000133726	3.8846264534E-9	0.0000220281	5.6124860802E-10	13.800	38.800
5/25/2022	6:20 PM	-0.0653759600	42.900	98.000	100.000	0.0000010000	-0.0000133823	2.8765788291E-9	0.0000220223	1.1171366312E-9	13.800	38.800
5/25/2022	6:20 PM	-0.0603470400	42.900	98.000	100.000	0.0000010000	-0.0000133823	5.7863423216E-9	0.0000220409	1.0548556983E-9	13.800	38.700
5/25/2022	6:21 PM	-0.0553181200	42.900	98.000	99.999	0.0000010000	-0.0000133720	4.5338413912E-9	0.0000220426	5.8615541191E-10	13.800	38.800
5/25/2022	6:22 PM	-0.0502892000	42.900	98.000	100.000	0.0000010000	-0.0000133768	5.2885637193E-9	0.0000220364	8.5166481892E-10	13.800	38.800
5/25/2022	6:22 PM	-0.0452602800	42.900	98.000	100.000	0.0000010000	-0.0000133744	4.7555592559E-9	0.0000220355	5.8615541191E-10	13.800	38.800
5/25/2022	6:23 PM	-0.0402313600	42.900	98.000	99.999	0.0000010000	-0.0000133728	7.0914309573E-9	0.0000220440	7.2166385809E-10	13.800	38.700
5/25/2022	6:24 PM	-0.0352024400	42.900	98.000	100.000	0.0000010000	-0.0000133737	4.4567201810E-9	0.0000220374	6.0000000000E-10	13.800	38.800
5/25/2022	6:24 PM	-0.0301735200	42.900	98.000	100.000	0.0000010000	-0.0000133717	5.9591086883E-9	0.0000220533	9.0977870193E-10	13.800	38.800
5/25/2022	6:25 PM	-0.0251446000	42.900	98.000	100.000	0.0000010000	-0.0000133597	5.6061486322E-9	0.0000220549	2.4494897428E-10	13.800	38.800
5/25/2022	6:26 PM	-0.0201156800	42.900	98.000	100.000	0.0000010000	-0.0000133550	5.6722203435E-9	0.0000220529	3.5495097568E-10	13.800	38.700
5/25/2022	6:26 PM	-0.0150867600	42.900	98.000	100.000	0.0000010000	-0.0000133614	5.4524399528E-9	0.0000220387	1.3338173635E-9	13.800	38.800
5/25/2022	6:27 PM	-0.0100578400	42.900	98.000	100.000	0.0000010000	-0.0000133443	6.8417708472E-9	0.0000220652	5.5259075049E-10	13.800	38.800
5/25/2022	6:28 PM	-0.0050289200	42.900	98.000	100.000	0.0000010000	-0.0000133452	6.4614889886E-9	0.0000220599	4.1402208188E-10	13.800	38.800
5/25/2022	6:28 PM	0.0000000000	42.900	98.000	100.000	0.0000010000	-0.0000133449	8.0493933804E-9	0.0000220706	6.6368092477E-10	13.800	38.700
5/25/2022	6:29 PM	0.0050289200	42.900	98.000	99.999	0.0000010000	-0.0000133380	4.8806268215E-9	0.0000220718	1.3144970265E-9	13.800	38.800
5/25/2022	6:30 PM	0.0100578400	42.900	98.000	100.000	0.0000010000	-0.0000133066	5.3812651034E-9	0.0000220912	7.8346545499E-10	13.800	38.700
5/25/2022	6:30 PM	0.0150867600	42.900	98.000	99.999	0.0000010000	-0.0000132475	7.2676450011E-9	0.0000221206	1.8724151557E-9	13.700	38.700
5/25/2022	6:31 PM	0.0201156800	42.900	98.000	100.000	0.0000010000	-0.0000128741	5.9333247197E-9	0.0000224320	1.2577635312E-9	13.700	38.800
5/25/2022	6:32 PM	0.0251446000	42.900	98.000	99.998	0.0000010000	-0.0000126315	6.7401566348E-9	0.0000227687	1.1957495749E-9	13.700	38.800
5/25/2022	6:32 PM	0.0301735200	42.900	98.000	100.000	0.0000010000	-0.0000124725	5.0468462125E-9	0.0000229278	3.0955735648E-10	13.700	38.800
5/25/2022	6:33 PM	0.0352024400	42.900	98.000	100.000	0.0000010000	-0.0000124134	5.0779832570E-9	0.0000230014	5.4063625993E-10	13.700	38.700
5/25/2022	6:34 PM	0.0402313600	42.900	98.000	100.000	0.0000010000	-0.0000123732	5.1750428295E-9	0.0000230336	5.8615541191E-10	13.700	38.800
5/25/2022	6:34 PM	0.0452602800	42.900	98.000	100.000	0.0000010000	-0.0000123414	6.6279817087E-9	0.0000230556	5.4063625993E-10	13.700	38.800
5/25/2022	6:35 PM	0.0502892000	42.900	98.000	100.000	0.0000010000	-0.0000123466	5.4061024511E-9	0.0000230578	6.9256219969E-10	13.700	38.800
5/25/2022	6:36 PM	0.0553181200	42.900	98.000	99.999	0.0000010000	-0.0000123462	4.6344009428E-9	0.0000230567	3.9154759474E-10	13.700	38.700
5/25/2022	6:36 PM	0.0603470400	42.900	98.000	99.999	0.0000010000	-0.0000123407	6.2444849825E-9	0.0000230580	2.4494897428E-10	13.700	38.700
5/25/2022	6:37 PM	0.0653759600	42.900	98.000	100.000	0.0000010000	-0.0000123339	3.5532388958E-9	0.0000230467	1.6800802609E-9	13.700	38.700
5/25/2022	6:38 PM	0.0704048800	42.900	98.000	99.999	0.0000010000	-0.0000123292	5.7312957985E-9	0.0000230866	1.0934412214E-9	13.700	38.800
5/25/2022	6:38 PM	0.0754338000	42.900	98.000	100.000	0.0000010000	-0.0000123289	5.2911909455E-9	0.0000230563	1.4051004673E-9	13.700	38.700
5/25/2022	6:39 PM	0.0804627200	42.900	98.000	100.000	0.0000010000	-0.0000123261	3.3023902054E-9	0.0000230735	5.2867640737E-10	13.700	38.800
5/25/2022	6:40 PM	0.0854916400	42.900	98.000	99.999	0.0000010000	-0.0000123155	7.0065180207E-9	0.0000230706	1.5459885647E-9	13.700	38.800
5/25/2022	6:40 PM	0.0905205600	42.900	98.000	100.000	0.0000010000	-0.0000123196	3.7553285252E-9	0.0000230838	3.0000000000E-10	13.700	38.800
5/25/2022	6:41 PM	0.0955494800	42.900	98.000	100.000	0.0000010000	-0.0000123197	6.3740014386E-9	0.0000230826	5.6368092477E-10	13.700	38.800
5/25/2022	6:42 PM	0.1005784000	42.900	98.000	100.000	0.0000010000	-0.0000123216	2.7311358177E-9	0.0000230878	7.5522851952E-10	13.700	38.700
